    0.000,    0.000,    0.000,    0.000,    0.000,    0.000,    0.000,    0.000,    0.000,    0.000,    0.001,    0.000,    0.000,    0.000,
    0.000,    0.000,    0.000,    0.000,    0.000,    0.000,    0.000,    0.000,    0.000,    0.000,    0.001,    0.000,    0.000,    0.000,
    0.000,    0.000,    0.000,    0.000,    0.000,    0.000,    0.000,    0.000,    0.000,    0.000,    0.001,    0.000,    0.000,    0.000,
    0.000,    0.000,    0.000,    0.000,    0.000,    0.000,    0.000,    0.000,    0.000,    0.000,    0.001,    0.000,    0.000,    0.000,
    0.000,    0.000,    0.000,    0.000,    0.000,    0.000,    0.000,    0.000,    0.000,    0.000,    0.001,    0.000,    0.000,    0.000,
    0.000,    0.000,    0.000,    0.000,    0.000,    0.000,    0.000,    0.000,    0.000,    0.000,    0.001,    0.000,    0.000,    0.000,
    0.000,    0.000,    0.000,    0.000,    0.000,    0.000,    0.000,    0.000,    0.000,    0.000,    0.001,    0.000,    0.000,    0.000,
    0.000,    0.000,    0.000,    0.000,    0.000,    0.000,    0.000,    0.000,    0.000,    0.000,    0.001,    0.000,    0.000,    0.000,
    0.000,    0.000,    0.000,    0.000,    0.000,    0.000,    0.000,    0.000,    0.000,    0.000,    0.001,    0.000,    0.000,    0.000,
    0.000,    0.000,    0.000,    0.000,    0.000,    0.000,    0.000,    0.000,    0.000,    0.000,    0.001,    0.000,    0.000,    0.000,
    0.000,    0.000,    0.000,    0.000,    0.000,    0.000,    0.000,    0.000,    0.000,    0.000,    0.001,    0.000,    0.000,    0.000,
    0.000,    0.000,    0.000,    0.000,    0.000,    0.000,    0.000,    0.000,    0.000,    0.000,    0.001,    0.000,    0.000,    0.000,
    0.000,    0.000,    0.000,    0.000,    0.000,    0.000,    0.000,    0.000,    0.000,    0.000,    0.001,    0.000,    0.000,    0.000,
    0.000,    0.000,    0.000,    0.000,    0.000,    0.000,    0.000,    0.000,    0.000,    0.000,    0.001,    0.000,    0.000,    0.000,
    0.000,    0.000,    0.000,    0.000,    0.000,    0.000,    0.000,    0.000,    0.000,    0.000,    0.001,    0.000,    0.000,    0.000,
    0.000,    0.000,    0.000,    0.000,    0.000,    0.000,    0.000,    0.000,    0.000,    0.000,    0.001,    0.000,    0.000,    0.000,
    0.000,    0.000,    0.000,    0.000,    0.000,    0.000,    0.000,    0.000,    0.000,    0.000,    0.001,    0.000,    0.000,    0.000,
    0.000,    0.000,    0.000,    0.000,    0.000,    0.000,    0.000,    0.000,    0.000,    0.000,    0.001,    0.000,    0.000,    0.000,
    0.000,    0.000,    0.000,    0.000,    0.000,    0.000,    0.000,    0.000,    0.000,    0.000,    0.001,    0.000,    0.000,    0.000,
    0.000,    0.000,    0.000,    0.000,    0.000,    0.000,    0.000,    0.000,    0.000,    0.000,    0.001,    0.000,    0.000,    0.000,
    0.000,    0.000,    0.000,    0.000,    0.497,    0.446,    0.446,    0.497,    0.000,    0.000,    0.001,    0.000,    0.016,    0.000,
    0.112,    0.092,    0.173,    0.143,    0.994,    0.892,    0.892,    0.994,    0.000,    0.004,    0.002,    0.000,    0.032,    0.000,
    0.828,    0.623,    0.930,    0.879,    1.492,    1.338,    1.338,    1.492,    0.003,    0.027,    0.003,    0.000,    0.047,    0.000,
    1.858,    1.511,    1.889,    1.889,    1.989,    1.785,    1.785,    1.989,    0.004,    0.060,    0.004,    0.000,    0.064,    0.000,
    2.566,    2.239,    2.127,    2.536,    2.486,    2.231,    2.231,    2.486,   -0.001,    0.080,    0.000,    0.000,    0.080,    0.000,
    2.615,    2.392,    2.159,    2.531,    3.271,    2.316,    3.039,    2.697,   -0.002,    0.082,    0.000,    0.016,    0.096,    0.000,
    2.986,    2.454,    2.730,    2.873,    3.948,    2.536,    3.711,    3.014,    0.004,    0.093,    0.003,    0.025,    0.112,    0.000,
    3.834,    2.525,    3.671,    3.405,    4.445,    2.983,    4.157,    3.512,    0.020,    0.114,    0.003,    0.025,    0.128,    0.000,
    4.867,    2.955,    4.734,    3.957,    4.930,    3.445,    4.588,    4.022,    0.033,    0.140,    0.006,    0.025,    0.144,    0.000,
    5.859,    3.732,    5.460,    4.540,    5.427,    3.891,    5.034,    4.519,    0.037,    0.166,    0.000,    0.025,    0.160,    0.000,
    6.048,    4.445,    5.471,    5.023,    5.924,    4.337,    5.480,    5.016,    0.024,    0.177,    0.000,    0.025,    0.176,    0.000,
    6.043,    4.724,    5.645,    5.563,    6.061,    4.433,    5.608,    5.128,    0.017,    0.186,    0.002,    0.025,    0.179,    0.000,
    6.708,    4.847,    6.248,    5.859,    6.061,    4.433,    5.608,    5.128,    0.028,    0.200,    0.004,    0.025,    0.179,    0.000,
    7.148,    4.837,    6.534,    5.645,    6.021,    4.397,    5.572,    5.088,    0.039,    0.204,    0.000,    0.025,    0.178,    0.000,
    6.872,    4.697,    6.219,    5.290,    5.966,    4.325,    5.527,    5.012,    0.037,    0.195,   -0.001,    0.026,    0.176,    0.000,
    6.188,    4.622,    5.666,    5.387,    5.811,    4.112,    5.399,    4.788,    0.022,    0.185,    0.001,    0.028,    0.170,    0.000,
    5.800,    4.473,    5.647,    5.392,    5.713,    4.047,    5.308,    4.712,    0.020,    0.180,    0.003,    0.027,    0.167,    0.000,
    6.125,    4.264,    5.859,    5.041,    5.629,    3.972,    5.232,    4.628,    0.033,    0.180,    0.004,    0.027,    0.164,    0.000,
    6.493,    4.203,    5.757,    4.714,    5.573,    3.949,    5.177,    4.597,    0.040,    0.179,   -0.002,    0.027,    0.163,    0.000,
    6.166,    4.233,    5.491,    4.878,    5.489,    3.873,    5.102,    4.513,    0.030,    0.176,    0.000,    0.027,    0.160,    0.000,
    5.566,    4.235,    5.417,    5.110,    5.384,    3.779,    5.007,    4.407,    0.020,    0.172,    0.005,    0.027,    0.157,    0.000,
    5.460,    4.039,    5.491,    4.918,    5.353,    3.724,    4.984,    4.351,    0.025,    0.168,    0.006,    0.027,    0.156,    0.000,
    5.984,    3.921,    5.392,    4.483,    5.331,    3.704,    4.965,    4.329,    0.036,    0.167,    0.000,    0.027,    0.155,    0.000,
    6.166,    3.947,    5.348,    4.509,    5.171,    3.537,    4.825,    4.148,    0.036,    0.169,   -0.002,    0.028,    0.149,    0.000,
    5.777,    3.875,    5.205,    4.601,    4.992,    3.400,    4.661,    3.991,    0.030,    0.165,    0.000,    0.027,    0.144,    0.000,
    4.998,    3.639,    4.961,    4.337,    4.821,    3.247,    4.507,    3.820,    0.025,    0.151,    0.003,    0.027,    0.138,    0.000,
    4.714,    3.384,    4.734,    3.896,    4.821,    3.247,    4.507,    3.820,    0.027,    0.141,    0.003,    0.027,    0.138,    0.000,
    5.103,    3.333,    4.847,    3.906,    4.808,    3.262,    4.491,    3.832,    0.033,    0.145,    0.001,    0.027,    0.138,    0.000,
    5.685,    3.497,    4.929,    4.376,    4.808,    3.262,    4.491,    3.832,    0.033,    0.157,    0.000,    0.027,    0.138,    0.000,
    5.572,    3.580,    4.888,    4.395,    4.787,    3.243,    4.472,    3.810,    0.030,    0.156,    0.000,    0.027,    0.138,    0.000,
    4.981,    3.487,    4.773,    4.045,    4.743,    3.204,    4.433,    3.767,    0.027,    0.146,    0.002,    0.027,    0.136,    0.000,
    4.745,    3.405,    4.806,    3.845,    4.743,    3.204,    4.433,    3.767,    0.028,    0.142,    0.001,    0.027,    0.136,    0.000,
    4.980,    3.415,    4.786,    4.029,    4.743,    3.204,    4.433,    3.767,    0.028,    0.145,    0.003,    0.027,    0.136,    0.000,
    5.412,    3.441,    4.820,    4.187,    4.743,    3.204,    4.433,    3.767,    0.031,    0.151,    0.001,    0.027,    0.136,    0.000,
    5.324,    3.462,    4.849,    4.067,    4.743,    3.204,    4.433,    3.767,    0.032,    0.150,    0.000,    0.027,    0.136,    0.000,
    4.949,    3.456,    4.796,    4.019,    4.725,    3.187,    4.416,    3.748,    0.028,    0.145,    0.002,    0.027,    0.136,    0.000,
    4.980,    3.405,    4.786,    4.080,    4.448,    2.939,    4.168,    3.472,    0.028,    0.146,    0.002,    0.027,    0.127,    0.000,
    5.031,    3.272,    4.601,    3.947,    4.031,    2.639,    3.782,    3.123,    0.029,    0.142,    0.002,    0.025,    0.115,    0.000,
    4.524,    2.910,    4.115,    3.400,    3.247,    2.554,    2.974,    2.913,    0.028,    0.126,    0.000,    0.009,    0.099,    0.000,
    3.625,    2.544,    3.234,    2.768,    2.583,    2.318,    2.318,    2.583,    0.018,    0.103,    0.000,    0.000,    0.083,    0.000,
    2.512,    2.491,    2.093,    2.665,    2.085,    1.871,    1.871,    2.085,   -0.007,    0.082,   -0.001,    0.000,    0.067,    0.000,
    1.738,    2.300,    1.503,    2.536,    1.588,    1.425,    1.425,    1.588,   -0.019,    0.068,    0.003,    0.000,    0.051,    0.000,
    1.677,    1.605,    1.666,    1.554,    1.091,    0.979,    0.979,    1.091,    0.002,    0.054,    0.000,    0.000,    0.035,    0.000,
    1.114,    0.582,    1.073,    0.378,    0.593,    0.532,    0.532,    0.593,    0.014,    0.026,    0.000,    0.000,    0.019,    0.000,
   -0.027,    0.371,   -0.009,    0.381,    0.096,    0.086,    0.086,    0.096,   -0.009,    0.006,    0.001,    0.000,    0.003,    0.000,
   -0.020,    0.204,   -0.112,    0.409,    0.000,    0.000,    0.000,    0.000,   -0.008,    0.004,    0.002,    0.000,    0.000,    0.000,
    0.000,   -0.112,    0.020,   -0.317,    0.000,    0.000,    0.000,    0.000,    0.005,   -0.003,    0.000,    0.000,    0.000,    0.000,
    0.000,   -0.092,    0.000,   -0.265,    0.000,    0.000,    0.000,    0.000,    0.004,   -0.003,    0.000,    0.000,    0.000,    0.000,
   -0.010,    0.020,    0.000,    0.357,    0.000,    0.000,    0.000,    0.000,   -0.004,    0.003,    0.003,    0.000,    0.000,    0.000,
    0.000,    0.018,    0.000,    0.093,    0.000,    0.000,    0.000,    0.000,   -0.001,    0.000,    0.001,    0.000,    0.000,    0.000,
   -0.010,    0.000,    0.000,   -0.194,    0.000,    0.000,    0.000,    0.000,    0.001,   -0.001,    0.000,    0.000,    0.000,    0.000,
   -0.010,    0.000,    0.000,   -0.030,    0.000,    0.000,    0.000,    0.000,    0.000,    0.000,    0.001,    0.000,    0.000,    0.000,
    0.000,    0.000,    0.000,    0.071,    0.000,    0.000,    0.000,    0.000,    0.000,    0.000,    0.002,    0.000,    0.000,    0.000,
    0.000,    0.000,    0.000,   -0.010,    0.000,    0.000,    0.000,    0.000,    0.000,    0.000,    0.001,    0.000,    0.000,    0.000,
    0.000,    0.000,    0.000,   -0.018,    0.000,    0.000,    0.000,    0.000,    0.000,    0.000,    0.001,    0.000,    0.000,    0.000,
    0.000,    0.000,    0.000,    0.000,    0.000,    0.000,    0.000,    0.000,    0.000,    0.000,    0.001,    0.000,    0.000,    0.000,
    0.000,    0.000,    0.000,    0.000,    0.000,    0.000,    0.000,    0.000,    0.000,    0.000,    0.001,    0.000,    0.000,    0.000,
    0.000,    0.000,    0.000,    0.000,    0.000,    0.000,    0.000,    0.000,    0.000,    0.000,    0.001,    0.000,    0.000,    0.000,
    0.000,    0.000,    0.000,    0.000,    0.000,    0.000,    0.000,    0.000,    0.000,    0.000,    0.001,    0.000,    0.000,    0.000,
    0.000,    0.000,    0.000,    0.000,    0.000,    0.000,    0.000,    0.000,    0.000,    0.000,    0.001,    0.000,    0.000,    0.000,
    0.000,    0.000,    0.000,    0.000,    0.000,    0.000,    0.000,    0.000,    0.000,    0.000,    0.001,    0.000,    0.000,    0.000,
    0.000,    0.000,    0.000,    0.000,    0.000,    0.000,    0.000,    0.000,    0.000,    0.000,    0.001,    0.000,    0.000,    0.000,
    0.000,    0.000,    0.000,    0.000,   -0.472,   -0.423,   -0.423,   -0.472,    0.000,    0.000,    0.001,    0.000,   -0.015,    0.000,
   -0.153,   -0.092,   -0.184,   -0.112,   -0.497,   -0.446,   -0.446,   -0.497,   -0.001,   -0.004,    0.001,    0.000,   -0.015,    0.000,
   -0.820,   -0.531,   -0.810,   -0.782,   -0.707,   -1.254,   -0.531,   -1.281,   -0.004,   -0.025,    0.000,    0.016,   -0.031,    0.000,
   -0.949,   -0.980,   -0.806,   -1.337,   -0.917,   -2.061,   -0.616,   -2.066,    0.006,   -0.034,    0.000,    0.032,   -0.047,    0.000,
   -0.838,   -1.799,   -0.378,   -2.229,   -1.127,   -2.869,   -0.701,   -2.850,    0.034,   -0.044,    0.000,    0.047,   -0.063,    0.000,
   -1.073,   -2.791,   -0.460,   -3.272,   -1.338,   -3.677,   -0.785,   -3.635,    0.055,   -0.064,   -0.001,    0.064,   -0.079,    0.000,
   -1.738,   -3.834,   -1.063,   -4.387,   -1.548,   -4.484,   -0.870,   -4.419,    0.066,   -0.093,   -0.001,    0.080,   -0.095,    0.000,
   -1.826,   -4.967,   -1.220,   -5.098,   -1.758,   -5.292,   -0.955,   -5.204,    0.086,   -0.111,   -0.001,    0.096,   -0.111,    0.000,
   -1.656,   -6.002,   -0.889,   -5.593,   -1.968,   -6.100,   -1.040,   -5.988,    0.111,   -0.119,    0.001,    0.112,   -0.127,    0.000,
   -1.943,   -6.667,   -0.859,   -6.371,   -2.193,   -6.890,   -1.143,   -6.759,    0.126,   -0.134,    0.003,    0.127,   -0.143,    0.000,
   -2.689,   -7.301,   -1.370,   -7.322,   -2.690,   -7.336,   -1.589,   -7.256,    0.130,   -0.158,    0.001,    0.127,   -0.159,    0.000,
   -2.965,   -8.058,   -1.902,   -8.263,   -3.211,   -7.753,   -2.065,   -7.730,    0.140,   -0.179,   -0.001,    0.125,   -0.175,    0.000,
   -3.397,   -8.489,   -2.373,   -8.666,   -3.719,   -8.186,   -2.525,   -8.217,    0.139,   -0.194,    0.000,    0.125,   -0.191,    0.000,
   -4.325,   -8.815,   -2.853,   -8.784,   -4.216,   -8.632,   -2.971,   -8.714,    0.128,   -0.210,    0.003,    0.125,   -0.207,    0.000,
   -4.929,   -9.203,   -3.364,   -9.132,   -4.737,   -9.049,   -3.447,   -9.188,    0.124,   -0.225,    0.003,    0.124,   -0.223,    0.000,
   -5.051,   -9.766,   -3.875,   -9.991,   -5.269,   -9.452,   -3.936,   -9.651,    0.133,   -0.243,    0.000,    0.122,   -0.239,    0.000,
   -5.471,  -10.298,   -4.448,  -10.819,   -5.789,   -9.869,   -4.412,  -10.125,    0.137,   -0.263,   -0.005,    0.120,   -0.255,    0.000,
   -6.255,  -10.658,   -4.933,  -11.049,   -6.331,  -10.259,   -4.915,  -10.578,    0.129,   -0.278,   -0.001,    0.118,   -0.271,    0.000,
   -7.250,  -11.003,   -5.460,  -11.382,   -6.840,  -10.692,   -5.374,  -11.064,    0.119,   -0.297,    0.002,    0.117,   -0.287,    0.000,
   -7.751,  -11.504,   -5.972,  -11.903,   -7.278,  -10.938,   -5.792,  -11.366,    0.119,   -0.314,    0.004,    0.113,   -0.299,    0.000,
   -7.945,  -11.928,   -6.484,  -12.448,   -7.290,  -10.922,   -5.808,  -11.353,    0.122,   -0.328,    0.000,    0.113,   -0.299,    0.000,
   -7.966,  -12.087,   -6.596,  -12.813,   -7.290,  -10.922,   -5.808,  -11.353,    0.126,   -0.334,    0.001,    0.113,   -0.299,    0.000,
   -7.856,  -11.868,   -6.208,  -12.417,   -7.290,  -10.922,   -5.808,  -11.353,    0.125,   -0.325,    0.000,    0.113,   -0.299,    0.000,
   -7.976,  -11.648,   -6.074,  -12.067,   -7.290,  -10.922,   -5.808,  -11.353,    0.119,   -0.320,    0.004,    0.113,   -0.299,    0.000,
   -7.976,  -11.740,   -6.320,  -12.179,   -7.290,  -10.922,   -5.808,  -11.353,    0.118,   -0.323,    0.001,    0.113,   -0.299,    0.000,
   -7.792,  -11.903,   -6.483,  -12.384,   -7.290,  -10.922,   -5.808,  -11.353,    0.123,   -0.326,   -0.001,    0.113,   -0.299,    0.000,
   -7.813,  -11.855,   -6.332,  -12.535,   -7.290,  -10.922,   -5.808,  -11.353,    0.125,   -0.326,   -0.002,    0.113,   -0.299,    0.000,
   -8.123,  -11.856,   -6.213,  -12.294,   -7.577,  -10.561,   -6.169,  -11.066,    0.121,   -0.326,    0.002,    0.097,   -0.299,    0.000,
   -8.181,  -11.688,   -6.401,  -12.046,   -7.367,   -9.753,   -6.085,  -10.282,    0.113,   -0.324,    0.004,    0.081,   -0.283,    0.000,
   -8.150,  -11.208,   -6.892,  -11.668,   -7.157,   -8.945,   -6.000,   -9.497,    0.096,   -0.321,    0.001,    0.065,   -0.267,    0.000,
   -7.751,  -10.543,   -6.841,  -10.870,   -6.947,   -8.138,   -5.915,   -8.713,    0.083,   -0.304,    0.000,    0.049,   -0.251,    0.000,
   -7.418,   -9.615,   -6.413,  -10.053,   -6.737,   -7.330,   -5.830,   -7.928,    0.071,   -0.283,    0.000,    0.033,   -0.235,    0.000,
   -7.311,   -8.549,   -6.033,   -8.999,   -6.526,   -6.522,   -5.745,   -7.144,    0.052,   -0.261,    0.002,    0.017,   -0.219,    0.000,
   -7.046,   -7.414,   -6.217,   -7.731,   -6.316,   -5.714,   -5.660,   -6.359,    0.023,   -0.240,    0.003,    0.001,   -0.203,    0.000,
   -6.749,   -6.176,   -6.360,   -6.534,   -5.840,   -5.241,   -5.241,   -5.840,   -0.004,   -0.218,    0.003,    0.000,   -0.187,    0.000,
   -6.514,   -5.184,   -6.054,   -5.910,   -5.343,   -4.795,   -4.795,   -5.343,   -0.018,   -0.200,    0.000,    0.000,   -0.171,    0.000,
   -5.821,   -4.901,   -5.351,   -5.943,   -4.846,   -4.348,   -4.348,   -4.846,   -0.004,   -0.186,   -0.003,    0.000,   -0.155,    0.000,
   -4.921,   -4.902,   -4.287,   -5.601,   -4.348,   -3.902,   -3.902,   -4.348,    0.015,   -0.167,    0.000,    0.000,   -0.139,    0.000,
   -4.376,   -4.561,   -3.875,   -4.796,   -3.851,   -3.456,   -3.456,   -3.851,    0.013,   -0.149,    0.002,    0.000,   -0.123,    0.000,
   -4.100,   -3.896,   -3.896,   -3.742,   -3.354,   -3.009,   -3.009,   -3.354,   -0.003,   -0.132,    0.004,    0.000,   -0.107,    0.000,
   -3.691,   -2.955,   -3.538,   -3.384,   -2.856,   -2.563,   -2.563,   -2.856,   -0.011,   -0.114,    0.001,    0.000,   -0.091,    0.000,
   -2.922,   -2.522,   -2.718,   -3.276,   -2.359,   -2.117,   -2.117,   -2.359,    0.001,   -0.097,   -0.002,    0.000,   -0.075,    0.000,
   -2.157,   -2.362,   -1.718,   -2.771,   -1.861,   -1.670,   -1.670,   -1.861,    0.015,   -0.076,    0.001,    0.000,   -0.059,    0.000,
   -1.963,   -1.973,   -1.574,   -1.840,   -1.364,   -1.224,   -1.224,   -1.364,    0.004,   -0.062,    0.005,    0.000,   -0.043,    0.000,
   -1.615,   -1.053,   -1.564,   -0.961,   -0.867,   -0.778,   -0.778,   -0.867,   -0.014,   -0.043,    0.003,    0.000,   -0.027,    0.000,
   -0.501,   -0.562,   -0.490,   -0.828,   -0.369,   -0.331,   -0.331,   -0.369,    0.004,   -0.020,    0.000,    0.000,   -0.011,    0.000,
    0.020,   -0.378,    0.051,   -0.542,    0.000,    0.000,    0.000,    0.000,    0.011,   -0.007,    0.000,    0.000,    0.000,    0.000,
    0.027,   -0.027,    0.037,    0.344,    0.000,    0.000,    0.000,    0.000,   -0.002,    0.003,    0.003,    0.000,    0.000,    0.000,
    0.010,    0.184,    0.000,    0.398,    0.000,    0.000,    0.000,    0.000,   -0.006,    0.005,    0.003,    0.000,    0.000,    0.000,
    0.000,    0.020,   -0.010,   -0.460,    0.000,    0.000,    0.000,    0.000,    0.004,   -0.004,   -0.002,    0.000,    0.000,    0.000,
    0.000,   -0.020,    0.000,   -0.081,    0.000,    0.000,    0.000,    0.000,    0.001,    0.000,    0.001,    0.000,    0.000,    0.000,
    0.000,    0.009,    0.000,    0.307,    0.000,    0.000,    0.000,    0.000,   -0.003,    0.002,    0.003,    0.000,    0.000,    0.000,
    0.000,    0.010,    0.000,   -0.010,    0.000,    0.000,    0.000,    0.000,    0.000,    0.000,    0.001,    0.000,    0.000,    0.000,
    0.000,    0.000,    0.000,   -0.224,    0.000,    0.000,    0.000,    0.000,    0.002,   -0.002,    0.000,    0.000,    0.000,    0.000,
    0.000,    0.000,    0.000,    0.000,    0.000,    0.000,    0.000,    0.000,    0.000,    0.000,    0.001,    0.000,    0.000,    0.000,
    0.000,    0.000,    0.000,    0.081,    0.000,    0.000,    0.000,    0.000,    0.000,    0.000,    0.001,    0.000,    0.000,    0.000,
    0.000,    0.000,    0.000,   -0.018,    0.000,    0.000,    0.000,    0.000,    0.000,    0.000,    0.001,    0.000,    0.000,    0.000,
    0.000,    0.000,    0.000,   -0.040,    0.000,    0.000,    0.000,    0.000,    0.000,    0.000,    0.001,    0.000,    0.000,    0.000,
    0.000,    0.000,    0.000,   -0.009,    0.000,    0.000,    0.000,    0.000,    0.000,    0.000,    0.001,    0.000,    0.000,    0.000,
    0.000,    0.000,    0.000,    0.010,    0.000,    0.000,    0.000,    0.000,    0.000,    0.000,    0.001,    0.000,    0.000,    0.000,
    0.000,    0.000,    0.000,    0.000,    0.000,    0.000,    0.000,    0.000,    0.000,    0.000,    0.001,    0.000,    0.000,    0.000,
    0.000,    0.000,    0.000,    0.000,    0.000,    0.000,    0.000,    0.000,    0.000,    0.000,    0.001,    0.000,    0.000,    0.000,
    0.000,    0.000,    0.000,    0.000,    0.000,    0.000,    0.000,    0.000,    0.000,    0.000,    0.001,    0.000,    0.000,    0.000,
    0.000,    0.000,    0.000,    0.000,    0.000,    0.000,    0.000,    0.000,    0.000,    0.000,    0.001,    0.000,    0.000,    0.000,
    0.000,    0.000,    0.000,    0.000,    0.000,    0.000,    0.000,    0.000,    0.000,    0.000,    0.001,    0.000,    0.000,    0.000,
    0.000,    0.000,    0.000,    0.000,    0.770,    0.102,    0.789,    0.224,    0.000,    0.000,    0.001,    0.015,    0.016,    0.000,
    0.159,    0.009,    0.177,    0.074,    1.551,    0.192,    1.592,    0.438,    0.003,    0.003,    0.001,    0.031,    0.032,    0.000,
    0.961,    0.092,    0.930,    0.582,    2.014,    0.681,    1.996,    0.969,    0.015,    0.021,    0.003,    0.029,    0.047,    0.000,
    2.004,    0.357,    2.004,    1.237,    2.272,    1.428,    2.142,    1.705,    0.030,    0.047,    0.005,    0.015,    0.064,    0.000,
    2.975,    1.073,    3.037,    1.953,    2.486,    2.231,    2.231,    2.486,    0.037,    0.076,    0.005,    0.000,    0.080,    0.000,
    3.099,    2.094,    3.118,    2.941,    2.984,    2.677,    2.677,    2.984,    0.015,    0.095,    0.006,    0.000,    0.096,    0.000,
    2.883,    3.180,    2.658,    3.702,    3.768,    2.762,    3.485,    3.194,   -0.015,    0.105,    0.004,    0.016,    0.112,    0.000,
    3.067,    3.712,    2.628,    3.650,    4.553,    2.847,    4.293,    3.404,   -0.020,    0.110,   -0.001,    0.032,    0.128,    0.000,
    3.783,    3.620,    3.221,    3.344,    5.203,    3.101,    4.931,    3.749,    0.000,    0.118,   -0.004,    0.040,    0.144,    0.000,
    4.816,    3.190,    4.172,    3.528,    5.745,    3.491,    5.434,    4.201,    0.027,    0.133,   -0.002,    0.043,    0.160,    0.000,
    5.987,    3.049,    5.271,    4.341,    6.242,    3.938,    5.880,    4.699,    0.047,    0.158,    0.004,    0.043,    0.176,    0.000,
    7.148,    3.395,    6.381,    5.430,    6.752,    4.368,    6.342,    5.184,    0.058,    0.190,    0.006,    0.043,    0.192,    0.000,
    7.751,    4.151,    7.434,    6.054,    7.260,    4.801,    6.802,    5.670,    0.062,    0.215,    0.007,    0.044,    0.208,    0.000,
    7.700,    5.092,    7.639,    6.074,    7.768,    5.234,    7.262,    6.157,    0.052,    0.224,    0.004,    0.044,    0.224,    0.000,
    8.078,    6.033,    7.680,    6.289,    8.278,    5.664,    7.724,    6.641,    0.041,    0.237,   -0.003,    0.045,    0.240,    0.000,
    8.865,    6.261,    8.100,    7.008,    8.797,    6.083,    8.198,    7.117,    0.044,    0.256,   -0.001,    0.046,    0.256,    0.000,
    9.742,    6.382,    8.976,    8.047,    9.295,    6.530,    8.644,    7.615,    0.053,    0.281,    0.003,    0.046,    0.272,    0.000,
   10.308,    6.780,    9.807,    8.631,    9.792,    6.976,    9.090,    8.112,    0.059,    0.301,    0.004,    0.046,    0.288,    0.000,
   10.696,    7.496,   10.042,    8.682,   10.093,    7.247,    9.361,    8.414,    0.056,    0.312,    0.004,    0.046,    0.297,    0.000,
   11.065,    8.211,   10.185,    9.009,   10.093,    7.247,    9.361,    8.414,    0.048,    0.325,   -0.001,    0.046,    0.297,    0.000,
   11.165,    8.379,   10.336,    9.516,   10.050,    7.208,    9.322,    8.370,    0.044,    0.333,    0.001,    0.046,    0.296,    0.000,
   10.968,    8.057,   10.202,    9.374,    9.817,    6.998,    9.113,    8.137,    0.046,    0.327,    0.004,    0.046,    0.288,    0.000,
   10.523,    7.516,    9.868,    8.794,    9.540,    6.797,    8.857,    7.904,    0.050,    0.311,   -0.001,    0.045,    0.280,    0.000,
   10.093,    7.107,    9.490,    8.283,    8.756,    6.712,    8.049,    7.693,    0.051,    0.296,    0.001,    0.029,    0.264,    0.000,
    9.909,    7.138,    9.111,    8.252,    7.971,    6.627,    7.241,    7.483,    0.044,    0.291,    0.000,    0.013,    0.248,    0.000,
    9.252,    7.242,    8.377,    8.293,    7.230,    6.488,    6.488,    7.230,    0.025,    0.281,    0.001,    0.000,    0.232,    0.000,
    8.303,    7.179,    7.414,    7.915,    6.732,    6.041,    6.041,    6.732,    0.007,    0.261,    0.000,    0.000,    0.216,    0.000,
    7.322,    6.862,    6.330,    7.363,    6.235,    5.595,    5.595,    6.235,   -0.007,    0.236,   -0.001,    0.000,    0.200,    0.000,
    6.330,    6.184,    5.541,    6.583,    5.738,    5.149,    5.149,    5.738,   -0.011,    0.208,    0.000,    0.000,    0.184,    0.000,
    6.013,    5.338,    5.645,    6.023,    5.240,    4.703,    4.703,    5.240,    0.003,    0.195,    0.004,    0.000,    0.168,    0.000,
    5.744,    4.924,    5.441,    5.568,    4.743,    4.256,    4.256,    4.743,    0.008,    0.183,    0.003,    0.000,    0.152,    0.000,
    5.256,    4.653,    4.918,    5.072,    4.246,    3.810,    3.810,    4.246,    0.005,    0.168,    0.002,    0.000,    0.136,    0.000,
    4.479,    4.244,    3.957,    4.581,    3.748,    3.364,    3.364,    3.748,   -0.004,    0.146,    0.000,    0.000,    0.120,    0.000,
    3.727,    3.594,    3.206,    3.931,    3.251,    2.917,    2.917,    3.251,   -0.007,    0.122,    0.000,    0.000,    0.104,    0.000,
    3.477,    2.986,    3.108,    3.303,    2.754,    2.471,    2.471,    2.754,    0.003,    0.109,    0.001,    0.000,    0.088,    0.000,
    3.047,    2.628,    2.861,    2.898,    2.256,    2.025,    2.025,    2.256,    0.004,    0.096,    0.002,    0.000,    0.072,    0.000,
    2.188,    2.249,    2.147,    2.393,    1.759,    1.578,    1.578,    1.759,   -0.003,    0.075,    0.002,    0.000,    0.056,    0.000,
    1.513,    1.656,    1.206,    1.646,    1.262,    1.132,    1.132,    1.262,   -0.007,    0.051,    0.000,    0.000,    0.040,    0.000,
    1.288,    1.032,    1.022,    1.094,    0.764,    0.686,    0.686,    0.764,    0.001,    0.037,    0.000,    0.000,    0.024,    0.000,
    0.735,    0.643,    0.663,    0.786,    0.267,    0.239,    0.239,    0.267,    0.000,    0.024,    0.002,    0.000,    0.008,    0.000,
   -0.121,    0.251,   -0.009,    0.149,    0.000,    0.000,    0.000,    0.000,   -0.006,    0.002,    0.001,    0.000,    0.000,    0.000,
   -0.184,   -0.173,   -0.306,   -0.460,    0.000,    0.000,    0.000,    0.000,    0.001,   -0.009,   -0.001,    0.000,    0.000,    0.000,
    0.122,   -0.143,    0.030,    0.010,    0.000,    0.000,    0.000,    0.000,    0.003,    0.000,    0.002,    0.000,    0.000,    0.000,
    0.010,    0.040,    0.163,    0.194,    0.000,    0.000,    0.000,    0.000,    0.000,    0.003,    0.003,    0.000,    0.000,    0.000,
   -0.040,    0.010,   -0.071,   -0.132,    0.000,    0.000,    0.000,    0.000,    0.000,   -0.002,    0.000,    0.000,    0.000,    0.000,
    0.000,    0.000,   -0.055,   -0.055,    0.000,    0.000,    0.000,    0.000,    0.000,    0.000,    0.000,    0.000,    0.000,    0.000,
    0.000,   -0.010,   -0.010,    0.030,    0.000,    0.000,    0.000,    0.000,    0.000,    0.000,    0.001,    0.000,    0.000,    0.000,
    0.000,    0.000,    0.020,    0.000,    0.000,    0.000,    0.000,    0.000,    0.000,    0.000,    0.001,    0.000,    0.000,    0.000,
    0.000,    0.000,    0.000,    0.000,    0.000,    0.000,    0.000,    0.000,    0.000,    0.000,    0.001,    0.000,    0.000,    0.000,
    0.000,    0.000,    0.000,    0.000,    0.000,    0.000,    0.000,    0.000,    0.000,    0.000,    0.001,    0.000,    0.000,    0.000,
    0.000,    0.000,    0.000,    0.000,    0.000,    0.000,    0.000,    0.000,    0.000,    0.000,    0.001,    0.000,    0.000,    0.000,
    0.000,    0.000,    0.000,    0.000,    0.000,    0.000,    0.000,    0.000,    0.000,    0.000,    0.001,    0.000,    0.000,    0.000,
    0.000,    0.000,    0.000,    0.000,    0.000,    0.000,    0.000,    0.000,    0.000,    0.000,    0.001,    0.000,    0.000,    0.000,
    0.000,    0.000,    0.000,    0.000,    0.000,    0.000,    0.000,    0.000,    0.000,    0.000,    0.001,    0.000,    0.000,    0.000,
    0.000,    0.000,    0.000,    0.000,    0.000,    0.000,    0.000,    0.000,    0.000,    0.000,    0.001,    0.000,    0.000,    0.000,
    0.000,    0.000,    0.000,    0.000,    0.000,    0.000,    0.000,    0.000,    0.000,    0.000,    0.001,    0.000,    0.000,    0.000,
    0.000,    0.000,    0.000,    0.000,    0.000,    0.000,    0.000,    0.000,    0.000,    0.000,    0.001,    0.000,    0.000,    0.000,
    0.000,    0.000,    0.000,    0.000,    0.000,    0.000,    0.000,    0.000,    0.000,    0.000,    0.001,    0.000,    0.000,    0.000,
    0.000,    0.000,    0.000,    0.000,   -0.472,   -0.423,   -0.423,   -0.472,    0.000,    0.000,    0.001,    0.000,   -0.015,    0.000,
   -0.141,   -0.100,   -0.161,   -0.120,   -0.562,   -0.504,   -0.504,   -0.562,   -0.001,   -0.004,    0.001,    0.000,   -0.018,    0.000,
   -0.840,   -0.575,   -0.821,   -0.811,   -1.059,   -0.951,   -0.951,   -1.059,   -0.003,   -0.025,    0.000,    0.000,   -0.034,    0.000,
   -1.349,   -1.043,   -1.145,   -1.360,   -1.557,   -1.397,   -1.397,   -1.557,   -0.001,   -0.041,    0.000,    0.000,   -0.050,    0.000,
   -1.656,   -1.523,   -1.462,   -1.677,   -2.054,   -1.843,   -1.843,   -2.054,    0.001,   -0.053,    0.000,    0.000,   -0.066,    0.000,
   -2.300,   -2.024,   -2.168,   -2.270,   -2.552,   -2.290,   -2.290,   -2.552,   -0.002,   -0.074,    0.000,    0.000,   -0.082,    0.000,
   -3.178,   -2.525,   -2.824,   -3.103,   -3.049,   -2.736,   -2.736,   -3.049,   -0.004,   -0.098,    0.000,    0.000,   -0.098,    0.000,
   -3.466,   -2.986,   -2.965,   -3.477,   -3.546,   -3.182,   -3.182,   -3.546,    0.000,   -0.109,    0.002,    0.000,   -0.114,    0.000,
   -3.650,   -3.436,   -3.292,   -3.763,   -4.044,   -3.629,   -3.629,   -4.044,    0.003,   -0.119,    0.001,    0.000,   -0.130,    0.000,
   -4.305,   -3.926,   -4.100,   -4.407,   -4.541,   -4.075,   -4.075,   -4.541,   -0.001,   -0.141,    0.000,    0.000,   -0.146,    0.000,
   -5.225,   -4.397,   -4.806,   -5.235,   -5.038,   -4.521,   -4.521,   -5.038,   -0.005,   -0.166,   -0.001,    0.000,   -0.162,    0.000,
   -5.713,   -4.930,   -4.911,   -5.554,   -5.536,   -4.968,   -4.968,   -5.536,   -0.001,   -0.179,    0.002,    0.000,   -0.178,    0.000,
   -5.880,   -5.379,   -5.195,   -5.870,   -6.033,   -5.414,   -5.414,   -6.033,    0.002,   -0.189,    0.003,    0.000,   -0.194,    0.000,
   -6.493,   -5.839,   -5.880,   -6.524,   -6.530,   -5.860,   -5.860,   -6.530,    0.000,   -0.209,    0.000,    0.000,   -0.210,    0.000,
   -7.342,   -6.309,   -6.739,   -7.434,   -7.028,   -6.306,   -6.306,   -7.028,   -0.004,   -0.236,   -0.001,    0.000,   -0.226,    0.000,
   -7.874,   -6.821,   -7.005,   -7.802,   -7.525,   -6.753,   -6.753,   -7.525,   -0.003,   -0.250,    0.000,    0.000,   -0.242,    0.000,
   -8.026,   -7.312,   -7.189,   -7.924,   -8.023,   -7.199,   -7.199,   -8.023,    0.000,   -0.258,    0.003,    0.000,   -0.258,    0.000,
   -8.667,   -7.782,   -7.829,   -8.705,   -8.520,   -7.645,   -7.645,   -8.520,    0.000,   -0.279,    0.003,    0.000,   -0.274,    0.000,
   -9.449,   -8.252,   -8.600,   -9.520,   -9.017,   -8.092,   -8.092,   -9.017,   -0.003,   -0.303,    0.000,    0.000,   -0.290,    0.000,
   -9.936,   -8.680,   -8.925,   -9.875,   -9.607,   -8.006,   -8.724,   -9.037,   -0.003,   -0.317,   -0.001,   -0.015,   -0.299,    0.000,
  -10.400,   -9.019,   -9.224,  -10.134,   -9.817,   -7.742,   -8.989,   -8.827,   -0.005,   -0.328,    0.001,   -0.027,   -0.299,    0.000,
  -10.993,   -8.936,   -9.867,   -9.876,  -10.104,   -7.380,   -9.350,   -8.539,   -0.024,   -0.336,    0.003,   -0.043,   -0.299,    0.000,
  -11.003,   -8.457,  -10.369,   -9.173,  -10.391,   -7.019,   -9.711,   -8.252,   -0.045,   -0.330,    0.005,   -0.059,   -0.299,    0.000,
  -11.198,   -7.659,  -10.584,   -8.651,  -10.679,   -6.657,  -10.073,   -7.965,   -0.067,   -0.322,    0.003,   -0.075,   -0.299,    0.000,
  -11.591,   -6.923,  -10.876,   -8.670,  -10.468,   -5.850,   -9.988,   -7.181,   -0.085,   -0.322,    0.000,   -0.091,   -0.283,    0.000,
  -11.862,   -6.514,  -11.136,   -8.498,   -9.684,   -5.765,   -9.180,   -6.970,   -0.098,   -0.322,   -0.001,   -0.075,   -0.267,    0.000,
  -11.682,   -6.004,  -10.900,   -7.847,   -8.899,   -5.680,   -8.372,   -6.760,   -0.107,   -0.309,    0.000,   -0.059,   -0.251,    0.000,
  -10.962,   -5.951,  -10.308,   -7.127,   -8.115,   -5.595,   -7.565,   -6.550,   -0.100,   -0.291,    0.004,   -0.043,   -0.235,    0.000,
  -10.032,   -6.074,   -9.408,   -6.841,   -7.330,   -5.510,   -6.757,   -6.340,   -0.079,   -0.274,    0.005,   -0.027,   -0.219,    0.000,
   -9.048,   -6.076,   -8.302,   -6.954,   -6.546,   -5.425,   -5.949,   -6.130,   -0.052,   -0.257,    0.006,   -0.011,   -0.203,    0.000,
   -7.884,   -5.890,   -7.158,   -6.831,   -5.840,   -5.241,   -5.241,   -5.840,   -0.028,   -0.235,    0.002,    0.000,   -0.187,    0.000,
   -6.524,   -5.666,   -5.862,   -6.226,   -5.343,   -4.795,   -4.795,   -5.343,   -0.005,   -0.205,    0.003,    0.000,   -0.171,    0.000,
   -5.266,   -5.379,   -4.581,   -5.716,   -4.846,   -4.348,   -4.348,   -4.846,    0.015,   -0.177,    0.001,    0.000,   -0.155,    0.000,
   -4.847,   -4.734,   -4.254,   -5.205,   -4.348,   -3.902,   -3.902,   -4.348,    0.010,   -0.161,    0.000,    0.000,   -0.139,    0.000,
   -4.929,   -4.039,   -4.448,   -4.601,   -3.851,   -3.456,   -3.456,   -3.851,   -0.009,   -0.152,    0.001,    0.000,   -0.123,    0.000,
   -4.632,   -3.650,   -4.264,   -3.988,   -3.354,   -3.009,   -3.009,   -3.354,   -0.015,   -0.140,    0.002,    0.000,   -0.107,    0.000,
   -3.849,   -3.299,   -3.625,   -3.429,   -2.856,   -2.563,   -2.563,   -2.856,   -0.009,   -0.120,    0.004,    0.000,   -0.091,    0.000,
   -2.665,   -2.798,   -2.522,   -2.890,   -2.359,   -2.117,   -2.117,   -2.359,    0.006,   -0.092,    0.001,    0.000,   -0.075,    0.000,
   -1.922,   -2.168,   -1.728,   -2.485,   -1.861,   -1.670,   -1.670,   -1.861,    0.012,   -0.070,    0.001,    0.000,   -0.059,    0.000,
   -1.953,   -1.677,   -1.738,   -1.983,   -1.364,   -1.224,   -1.224,   -1.364,    0.000,   -0.062,    0.000,    0.000,   -0.043,    0.000,
   -1.799,   -1.298,   -1.626,   -1.196,   -0.867,   -0.778,   -0.778,   -0.867,   -0.011,   -0.050,    0.004,    0.000,   -0.027,    0.000,
   -0.418,   -0.800,   -0.400,   -0.670,   -0.369,   -0.331,   -0.331,   -0.369,    0.008,   -0.019,    0.001,    0.000,   -0.011,    0.000,
    0.173,   -0.265,    0.112,   -0.378,    0.000,    0.000,    0.000,    0.000,    0.011,   -0.003,    0.000,    0.000,    0.000,    0.000,
   -0.204,    0.173,   -0.092,    0.122,    0.000,    0.000,    0.000,    0.000,   -0.007,    0.000,    0.001,    0.000,    0.000,    0.000,
   -0.040,    0.122,   -0.051,    0.235,    0.000,    0.000,    0.000,    0.000,   -0.005,    0.002,    0.003,    0.000,    0.000,    0.000,
    0.122,   -0.020,   -0.020,   -0.173,    0.000,    0.000,    0.000,    0.000,    0.003,    0.000,    0.000,    0.000,    0.000,    0.000,
    0.009,    0.000,    0.009,   -0.130,    0.000,    0.000,    0.000,    0.000,    0.001,   -0.001,    0.000,    0.000,    0.000,    0.000,
   -0.030,    0.000,    0.000,    0.092,    0.000,    0.000,    0.000,    0.000,   -0.001,    0.000,    0.002,    0.000,    0.000,    0.000,
    0.000,    0.000,    0.000,    0.020,    0.000,    0.000,    0.000,    0.000,    0.000,    0.000,    0.001,    0.000,    0.000,    0.000,
    0.000,    0.010,    0.000,   -0.030,    0.000,    0.000,    0.000,    0.000,    0.000,    0.000,    0.001,    0.000,    0.000,    0.000,
    0.000,    0.000,    0.000,   -0.020,    0.000,    0.000,    0.000,    0.000,    0.000,    0.000,    0.001,    0.000,    0.000,    0.000,
    0.000,    0.000,    0.000,    0.000,    0.000,    0.000,    0.000,    0.000,    0.000,    0.000,    0.001,    0.000,    0.000,    0.000,
    0.000,    0.000,    0.000,    0.000,    0.000,    0.000,    0.000,    0.000,    0.000,    0.000,    0.001,    0.000,    0.000,    0.000,
    0.000,    0.000,    0.000,    0.000,    0.000,    0.000,    0.000,    0.000,    0.000,    0.000,    0.001,    0.000,    0.000,    0.000,
    0.000,    0.000,    0.000,    0.000,    0.000,    0.000,    0.000,    0.000,    0.000,    0.000,    0.001,    0.000,    0.000,    0.000,
    0.000,    0.000,    0.000,    0.000,    0.000,    0.000,    0.000,    0.000,    0.000,    0.000,    0.001,    0.000,    0.000,    0.000,
    0.000,    0.000,    0.000,    0.000,    0.000,    0.000,    0.000,    0.000,    0.000,    0.000,    0.001,    0.000,    0.000,    0.000,
    0.000,    0.000,    0.000,    0.000,    0.000,    0.000,    0.000,    0.000,    0.000,    0.000,    0.001,    0.000,    0.000,    0.000,
    0.000,    0.000,    0.000,    0.000,    0.000,    0.000,    0.000,    0.000,    0.000,    0.000,    0.001,    0.000,    0.000,    0.000,
    0.000,    0.000,    0.000,    0.000,   -0.287,    0.361,   -0.361,    0.287,    0.000,    0.000,    0.001,   -0.016,    0.000,    0.000,
   -0.121,    0.102,   -0.176,    0.139,   -0.574,    0.722,   -0.722,    0.574,   -0.006,    0.000,    0.001,   -0.032,    0.000,    0.000,
   -0.807,    0.644,   -0.940,    0.807,   -0.861,    1.084,   -1.084,    0.861,   -0.038,   -0.002,    0.003,   -0.047,    0.000,    0.000,
   -1.206,    1.421,   -1.605,    1.216,   -1.148,    1.445,   -1.445,    1.148,   -0.067,   -0.001,    0.001,   -0.064,    0.000,    0.000,
   -1.135,    1.677,   -1.533,    1.145,   -1.435,    1.807,   -1.807,    1.435,   -0.068,    0.001,    0.000,   -0.080,    0.000,    0.000,
   -1.337,    1.766,   -1.654,    1.307,   -1.722,    2.168,   -2.168,    1.722,   -0.074,    0.000,    0.000,   -0.096,    0.000,    0.000,
   -2.153,    2.190,   -2.348,    2.087,   -2.507,    2.083,   -2.976,    1.512,   -0.107,   -0.001,    0.007,   -0.112,   -0.015,    0.000,
   -2.965,    2.617,   -3.405,    2.403,   -2.816,    2.425,   -3.357,    1.778,   -0.139,   -0.011,    0.005,   -0.128,   -0.016,    0.000,
   -3.395,    2.556,   -4.172,    2.024,   -3.103,    2.786,   -3.718,    2.065,   -0.149,   -0.025,    0.002,   -0.144,   -0.016,    0.000,
   -3.282,    2.648,   -4.111,    1.554,   -3.390,    3.148,   -4.080,    2.352,   -0.143,   -0.027,   -0.002,   -0.160,   -0.016,    0.000,
   -3.399,    3.175,   -4.119,    1.899,   -3.677,    3.509,   -4.441,    2.639,   -0.156,   -0.020,    0.000,   -0.176,   -0.016,    0.000,
   -4.086,    3.988,   -4.603,    2.798,   -3.964,    3.871,   -4.802,    2.926,   -0.190,   -0.016,    0.001,   -0.192,   -0.016,    0.000,
   -4.632,    4.366,   -5.542,    3.794,   -4.252,    4.232,   -5.164,    3.213,   -0.225,   -0.016,    0.005,   -0.208,   -0.016,    0.000,
   -4.561,    4.479,   -5.941,    3.886,   -4.539,    4.594,   -5.525,    3.500,   -0.232,   -0.017,    0.002,   -0.224,   -0.016,    0.000,
   -4.714,    4.765,   -5.910,    3.517,   -4.826,    4.955,   -5.887,    3.788,   -0.233,   -0.019,    0.000,   -0.240,   -0.016,    0.000,
   -5.379,    5.399,   -6.166,    3.640,   -5.113,    5.316,   -6.248,    4.075,   -0.254,   -0.021,    0.000,   -0.256,   -0.016,    0.000,
   -5.836,    5.864,   -6.860,    4.309,   -5.400,    5.678,   -6.609,    4.362,   -0.282,   -0.021,    0.003,   -0.272,   -0.016,    0.000,
   -5.849,    6.095,   -7.547,    5.143,   -5.687,    6.039,   -6.971,    4.649,   -0.303,   -0.017,    0.002,   -0.288,   -0.016,    0.000,
   -5.931,    6.422,   -7.639,    5.215,   -5.903,    6.310,   -7.242,    4.864,   -0.310,   -0.016,    0.001,   -0.300,   -0.016,    0.000,
   -6.514,    6.862,   -7.823,    5.113,   -5.903,    6.310,   -7.242,    4.864,   -0.324,   -0.020,    0.000,   -0.300,   -0.016,    0.000,
   -6.902,    7.066,   -8.038,    5.348,   -5.903,    6.310,   -7.242,    4.864,   -0.337,   -0.021,    0.002,   -0.300,   -0.016,    0.000,
   -6.590,    6.860,   -7.893,    5.380,   -5.903,    6.310,   -7.242,    4.864,   -0.329,   -0.019,    0.001,   -0.300,   -0.016,    0.000,
   -6.043,    6.657,   -7.761,    5.266,   -5.903,    6.310,   -7.242,    4.864,   -0.317,   -0.015,   -0.001,   -0.300,   -0.016,    0.000,
   -6.013,    6.769,   -7.864,    5.113,   -5.903,    6.310,   -7.242,    4.864,   -0.318,   -0.016,   -0.002,   -0.300,   -0.016,    0.000,
   -6.596,    6.902,   -7.925,    5.205,   -5.903,    6.310,   -7.242,    4.864,   -0.328,   -0.020,    0.002,   -0.300,   -0.016,    0.000,
   -6.872,    6.831,   -7.894,    5.379,   -5.903,    6.310,   -7.242,    4.864,   -0.332,   -0.021,    0.007,   -0.300,   -0.016,    0.000,
   -6.488,    6.767,   -7.828,    5.371,   -5.903,    6.310,   -7.242,    4.864,   -0.325,   -0.018,    0.003,   -0.300,   -0.016,    0.000,
   -6.002,    6.821,   -7.894,    5.174,   -5.903,    6.310,   -7.242,    4.864,   -0.320,   -0.015,   -0.002,   -0.300,   -0.016,    0.000,
   -6.115,    6.851,   -7.894,    5.225,   -5.881,    6.330,   -7.222,    4.886,   -0.322,   -0.016,   -0.002,   -0.300,   -0.015,    0.000,
   -6.657,    6.872,   -7.843,    5.276,   -5.881,    6.330,   -7.222,    4.886,   -0.328,   -0.020,    0.004,   -0.300,   -0.015,    0.000,
   -6.729,    6.821,   -7.832,    5.269,   -5.881,    6.330,   -7.222,    4.886,   -0.328,   -0.021,    0.003,   -0.300,   -0.015,    0.000,
   -6.309,    6.822,   -7.875,    5.349,   -5.903,    6.310,   -7.242,    4.864,   -0.325,   -0.016,    0.000,   -0.300,   -0.016,    0.000,
   -6.004,    6.852,   -7.914,    5.341,   -5.881,    6.330,   -7.222,    4.886,   -0.322,   -0.014,    0.000,   -0.300,   -0.015,    0.000,
   -6.340,    6.862,   -7.833,    5.266,   -5.881,    6.330,   -7.222,    4.886,   -0.324,   -0.017,    0.000,   -0.300,   -0.015,    0.000,
   -6.677,    6.810,   -7.802,    5.297,   -5.881,    6.330,   -7.222,    4.886,   -0.327,   -0.020,    0.004,   -0.300,   -0.015,    0.000,
   -6.493,    6.841,   -7.935,    5.256,   -5.881,    6.330,   -7.222,    4.886,   -0.327,   -0.019,    0.000,   -0.300,   -0.015,    0.000,
   -6.134,    6.860,   -7.856,    5.231,   -5.881,    6.330,   -7.222,    4.886,   -0.322,   -0.016,   -0.001,   -0.300,   -0.015,    0.000,
   -6.176,    6.841,   -7.782,    5.358,   -5.881,    6.330,   -7.222,    4.886,   -0.322,   -0.014,    0.000,   -0.300,   -0.015,    0.000,
   -6.474,    6.832,   -7.873,    5.351,   -5.881,    6.330,   -7.222,    4.886,   -0.327,   -0.018,    0.003,   -0.300,   -0.015,    0.000,
   -6.575,    6.841,   -7.915,    5.266,   -5.881,    6.330,   -7.222,    4.886,   -0.327,   -0.020,    0.002,   -0.300,   -0.015,    0.000,
   -6.320,    6.821,   -7.843,    5.246,   -5.881,    6.330,   -7.222,    4.886,   -0.323,   -0.017,    0.002,   -0.300,   -0.015,    0.000,
   -6.246,    6.879,   -7.819,    5.259,   -5.881,    6.330,   -7.222,    4.886,   -0.323,   -0.016,    0.000,   -0.300,   -0.015,    0.000,
   -6.350,    6.841,   -7.874,    5.256,   -5.881,    6.330,   -7.222,    4.886,   -0.324,   -0.018,    0.000,   -0.300,   -0.015,    0.000,
   -6.391,    6.831,   -7.884,    5.389,   -5.881,    6.330,   -7.222,    4.886,   -0.326,   -0.017,    0.001,   -0.300,   -0.015,    0.000,
   -6.473,    6.831,   -7.833,    5.348,   -5.881,    6.330,   -7.222,    4.886,   -0.326,   -0.018,    0.003,   -0.300,   -0.015,    0.000,
   -6.401,    6.841,   -7.864,    5.256,   -5.881,    6.330,   -7.222,    4.886,   -0.325,   -0.018,    0.001,   -0.300,   -0.015,    0.000,
   -6.339,    6.832,   -7.847,    5.259,   -5.856,    6.352,   -7.200,    4.911,   -0.324,   -0.017,    0.002,   -0.300,   -0.015,    0.000,
   -6.309,    6.862,   -7.843,    5.266,   -5.594,    5.968,   -6.861,    4.599,   -0.324,   -0.017,    0.001,   -0.284,   -0.015,    0.000,
   -6.135,    6.749,   -7.659,    5.174,   -5.282,    5.629,   -6.477,    4.337,   -0.317,   -0.015,    0.001,   -0.268,   -0.015,    0.000,
   -5.777,    6.320,   -7.117,    4.745,   -4.522,    5.692,   -5.692,    4.522,   -0.295,   -0.015,    0.000,   -0.251,    0.000,    0.000,
   -5.146,    5.857,   -6.285,    4.342,   -4.235,    5.330,   -5.330,    4.235,   -0.267,   -0.010,    0.000,   -0.235,    0.000,    0.000,
   -4.219,    5.791,   -5.267,    4.603,   -3.948,    4.969,   -4.969,    3.948,   -0.245,    0.007,    0.000,   -0.219,    0.000,    0.000,
   -3.855,    5.573,   -5.092,    4.724,   -3.661,    4.608,   -4.608,    3.661,   -0.237,    0.011,    0.003,   -0.203,    0.000,    0.000,
   -4.029,    5.000,   -5.205,    4.244,   -3.374,    4.246,   -4.246,    3.374,   -0.227,    0.000,    0.003,   -0.187,    0.000,    0.000,
   -3.845,    4.448,   -4.959,    3.354,   -3.086,    3.885,   -3.885,    3.086,   -0.205,   -0.008,    0.000,   -0.171,    0.000,    0.000,
   -3.278,    4.095,   -4.206,    2.884,   -2.799,    3.523,   -3.523,    2.799,   -0.179,   -0.004,    0.000,   -0.155,    0.000,    0.000,
   -2.743,    3.827,   -3.337,    3.073,   -2.512,    3.162,   -3.162,    2.512,   -0.159,    0.006,    0.001,   -0.139,    0.000,    0.000,
   -2.665,    3.461,   -3.216,    3.063,   -2.225,    2.800,   -2.800,    2.225,   -0.152,    0.005,    0.003,   -0.123,    0.000,    0.000,
   -2.505,    2.975,   -3.231,    2.525,   -1.938,    2.439,   -2.439,    1.938,   -0.138,   -0.001,    0.001,   -0.107,    0.000,    0.000,
   -1.983,    2.556,   -2.873,    1.656,   -1.651,    2.078,   -2.078,    1.651,   -0.112,   -0.005,   -0.003,   -0.091,    0.000,    0.000,
   -1.498,    2.224,   -1.954,    1.489,   -1.363,    1.716,   -1.716,    1.363,   -0.088,    0.002,   -0.002,   -0.075,    0.000,    0.000,
   -1.401,    1.840,   -1.390,    1.605,   -1.076,    1.355,   -1.355,    1.076,   -0.076,    0.005,    0.004,   -0.059,    0.000,    0.000,
   -1.245,    1.409,   -1.501,    1.133,   -0.789,    0.993,   -0.993,    0.789,   -0.065,   -0.001,    0.001,   -0.043,    0.000,    0.000,
   -0.674,    0.981,   -1.339,    0.378,   -0.502,    0.632,   -0.632,    0.502,   -0.042,   -0.005,   -0.004,   -0.027,    0.000,    0.000,
   -0.194,    0.603,   -0.306,    0.357,   -0.215,    0.271,   -0.271,    0.215,   -0.018,    0.003,    0.000,   -0.011,    0.000,    0.000,
   -0.158,    0.251,    0.121,    0.288,    0.000,    0.000,    0.000,    0.000,   -0.006,    0.004,    0.003,    0.000,    0.000,    0.000,
   -0.030,   -0.081,   -0.132,   -0.061,    0.000,    0.000,    0.000,    0.000,    0.000,   -0.002,    0.000,    0.000,    0.000,    0.000,
    0.051,   -0.102,   -0.010,   -0.142,    0.000,    0.000,    0.000,    0.000,    0.003,   -0.001,    0.000,    0.000,    0.000,    0.000,
    0.000,    0.040,    0.030,    0.030,    0.000,    0.000,    0.000,    0.000,    0.000,    0.000,    0.001,    0.000,    0.000,    0.000,
   -0.020,    0.040,    0.020,    0.010,    0.000,    0.000,    0.000,    0.000,    0.000,    0.000,    0.001,    0.000,    0.000,    0.000,
    0.000,   -0.009,    0.000,   -0.027,    0.000,    0.000,    0.000,    0.000,    0.000,    0.000,    0.001,    0.000,    0.000,    0.000,
    0.000,   -0.010,    0.000,   -0.010,    0.000,    0.000,    0.000,    0.000,    0.000,    0.000,    0.001,    0.000,    0.000,    0.000,
    0.000,    0.000,    0.000,    0.000,    0.000,    0.000,    0.000,    0.000,    0.000,    0.000,    0.001,    0.000,    0.000,    0.000,
    0.000,    0.000,    0.000,    0.000,    0.000,    0.000,    0.000,    0.000,    0.000,    0.000,    0.001,    0.000,    0.000,    0.000,
    0.000,    0.000,    0.000,    0.000,    0.000,    0.000,    0.000,    0.000,    0.000,    0.000,    0.001,    0.000,    0.000,    0.000,
    0.000,    0.000,    0.000,    0.000,    0.000,    0.000,    0.000,    0.000,    0.000,    0.000,    0.001,    0.000,    0.000,    0.000,
    0.000,    0.000,    0.000,    0.000,    0.000,    0.000,    0.000,    0.000,    0.000,    0.000,    0.001,    0.000,    0.000,    0.000,
    0.000,    0.000,    0.000,    0.000,    0.000,    0.000,    0.000,    0.000,    0.000,    0.000,    0.001,    0.000,    0.000,    0.000,
    0.000,    0.000,    0.000,    0.000,    0.000,    0.000,    0.000,    0.000,    0.000,    0.000,    0.001,    0.000,    0.000,    0.000,
    0.000,    0.000,    0.000,    0.000,    0.000,    0.000,    0.000,    0.000,    0.000,    0.000,    0.001,    0.000,    0.000,    0.000,
    0.000,    0.000,    0.000,    0.000,    0.287,   -0.361,    0.361,   -0.287,    0.000,    0.000,    0.001,    0.016,    0.000,    0.000,
    0.122,   -0.092,    0.143,   -0.122,    0.574,   -0.722,    0.722,   -0.574,    0.005,    0.000,    0.000,    0.032,    0.000,    0.000,
    0.818,   -0.582,    0.899,   -0.766,    0.861,   -1.084,    1.084,   -0.861,    0.037,    0.002,   -0.001,    0.047,    0.000,    0.000,
    1.268,   -1.401,    1.636,   -1.247,    1.148,   -1.445,    1.445,   -1.148,    0.068,    0.002,    0.000,    0.064,    0.000,    0.000,
    1.145,   -1.707,    1.574,   -1.186,    1.435,   -1.807,    1.807,   -1.435,    0.069,   -0.001,    0.003,    0.080,    0.000,    0.000,
    1.304,   -1.798,    1.640,   -1.332,    1.722,   -2.168,    2.168,   -1.722,    0.075,   -0.001,    0.001,    0.096,    0.000,    0.000,
    2.065,   -2.147,    2.300,   -2.065,    2.010,   -2.529,    2.529,   -2.010,    0.104,    0.001,   -0.002,    0.112,    0.000,    0.000,
    2.553,   -2.849,    3.186,   -2.512,    2.297,   -2.891,    2.891,   -2.297,    0.136,    0.003,   -0.001,    0.128,    0.000,    0.000,
    2.433,   -3.262,    3.344,   -2.433,    2.584,   -3.252,    3.252,   -2.584,    0.142,    0.000,    0.004,    0.144,    0.000,    0.000,
    2.505,   -3.425,    3.292,   -2.536,    2.871,   -3.614,    3.614,   -2.871,    0.145,   -0.001,    0.003,    0.160,    0.000,    0.000,
    3.192,   -3.742,    3.723,   -3.220,    3.158,   -3.975,    3.975,   -3.158,    0.170,    0.000,   -0.002,    0.176,    0.000,    0.000,
    3.845,   -4.346,    4.653,   -3.804,    3.445,   -4.337,    4.337,   -3.445,    0.204,    0.002,   -0.002,    0.192,    0.000,    0.000,
    3.650,   -4.806,    5.051,   -3.630,    3.732,   -4.698,    4.698,   -3.732,    0.212,    0.002,    0.005,    0.208,    0.000,    0.000,
    3.620,   -5.011,    4.959,   -3.671,    4.020,   -5.059,    5.059,   -4.020,    0.213,    0.000,    0.006,    0.224,    0.000,    0.000,
    4.315,   -5.368,    5.235,   -4.387,    4.307,   -5.421,    5.421,   -4.307,    0.237,   -0.001,   -0.001,    0.240,    0.000,    0.000,
    5.143,   -5.849,    5.951,   -5.051,    4.594,   -5.782,    5.782,   -4.594,    0.270,    0.001,   -0.006,    0.256,    0.000,    0.000,
    5.203,   -6.292,    6.664,   -5.091,    4.881,   -6.144,    6.144,   -4.881,    0.286,    0.003,    0.001,    0.272,    0.000,    0.000,
    5.021,   -6.647,    6.810,   -5.051,    5.168,   -6.505,    6.505,   -5.168,    0.291,    0.001,    0.007,    0.288,    0.000,    0.000,
    5.287,   -6.974,    6.913,   -5.471,    5.382,   -6.774,    6.774,   -5.382,    0.304,   -0.002,    0.004,    0.299,    0.000,    0.000,
    5.974,   -7.363,    7.312,   -6.066,    5.382,   -6.774,    6.774,   -5.382,    0.328,   -0.001,   -0.001,    0.299,    0.000,    0.000,
    6.442,   -7.526,    7.741,   -6.309,    5.382,   -6.774,    6.774,   -5.382,    0.344,    0.002,   -0.003,    0.299,    0.000,    0.000,
    6.171,   -7.335,    7.493,   -5.901,    5.382,   -6.774,    6.774,   -5.382,    0.331,    0.003,   -0.001,    0.299,    0.000,    0.000,
    5.542,   -7.209,    7.097,   -5.501,    5.382,   -6.774,    6.774,   -5.382,    0.313,    0.000,    0.003,    0.299,    0.000,    0.000,
    5.389,   -7.342,    7.219,   -5.634,    5.382,   -6.774,    6.774,   -5.382,    0.316,   -0.003,    0.005,    0.299,    0.000,    0.000,
    5.798,   -7.383,    7.526,   -5.992,    5.382,   -6.774,    6.774,   -5.382,    0.329,    0.000,    0.001,    0.299,    0.000,    0.000,
    6.218,   -7.297,    7.465,   -6.031,    5.382,   -6.774,    6.774,   -5.382,    0.332,    0.002,   -0.002,    0.299,    0.000,    0.000,
    5.992,   -7.301,    7.250,   -5.726,    5.382,   -6.774,    6.774,   -5.382,    0.323,    0.001,    0.000,    0.299,    0.000,    0.000,
    5.604,   -7.363,    7.322,   -5.747,    5.382,   -6.774,    6.774,   -5.382,    0.321,   -0.001,    0.003,    0.299,    0.000,    0.000,
    5.645,   -7.322,    7.465,   -5.859,    5.382,   -6.774,    6.774,   -5.382,    0.324,    0.000,    0.002,    0.299,    0.000,    0.000,
    5.960,   -7.294,    7.392,   -5.824,    5.382,   -6.774,    6.774,   -5.382,    0.326,    0.001,    0.001,    0.299,    0.000,    0.000,
    5.919,   -7.314,    7.314,   -5.734,    5.382,   -6.774,    6.774,   -5.382,    0.324,    0.001,    0.001,    0.299,    0.000,    0.000,
    5.767,   -7.373,    7.393,   -5.910,    5.382,   -6.774,    6.774,   -5.382,    0.326,   -0.001,    0.001,    0.299,    0.000,    0.000,
    5.839,   -7.342,    7.373,   -5.931,    5.382,   -6.774,    6.774,   -5.382,    0.326,    0.000,    0.001,    0.299,    0.000,    0.000,
    5.900,   -7.322,    7.383,   -5.798,    5.382,   -6.774,    6.774,   -5.382,    0.325,    0.001,    0.001,    0.299,    0.000,    0.000,
    5.790,   -7.282,    7.373,   -5.720,    5.382,   -6.774,    6.774,   -5.382,    0.322,    0.001,    0.002,    0.299,    0.000,    0.000,
    5.683,   -7.325,    7.344,   -5.731,    5.382,   -6.774,    6.774,   -5.382,    0.322,    0.000,    0.004,    0.299,    0.000,    0.000,
    5.890,   -7.352,    7.373,   -5.982,    5.382,   -6.774,    6.774,   -5.382,    0.327,    0.000,    0.000,    0.299,    0.000,    0.000,
    5.964,   -7.322,    7.352,   -5.912,    5.382,   -6.774,    6.774,   -5.382,    0.327,    0.000,   -0.001,    0.299,    0.000,    0.000,
    5.808,   -7.281,    7.383,   -5.777,    5.382,   -6.774,    6.774,   -5.382,    0.323,    0.001,    0.002,    0.299,    0.000,    0.000,
    5.716,   -7.322,    7.414,   -5.767,    5.382,   -6.774,    6.774,   -5.382,    0.323,    0.000,    0.004,    0.299,    0.000,    0.000,
    5.715,   -7.353,    7.325,   -5.743,    5.382,   -6.774,    6.774,   -5.382,    0.322,    0.000,    0.002,    0.299,    0.000,    0.000,
    5.890,   -7.332,    7.342,   -5.900,    5.382,   -6.774,    6.774,   -5.382,    0.326,    0.000,    0.000,    0.299,    0.000,    0.000,
    5.951,   -7.271,    7.383,   -5.910,    5.382,   -6.774,    6.774,   -5.382,    0.326,    0.001,    0.000,    0.299,    0.000,    0.000,
    5.810,   -7.301,    7.363,   -5.851,    5.382,   -6.774,    6.774,   -5.382,    0.324,    0.000,    0.001,    0.299,    0.000,    0.000,
    5.778,   -7.373,    7.383,   -5.758,    5.382,   -6.774,    6.774,   -5.382,    0.324,    0.000,    0.004,    0.299,    0.000,    0.000,
    5.771,   -7.315,    7.344,   -5.752,    5.382,   -6.774,    6.774,   -5.382,    0.323,    0.000,    0.001,    0.299,    0.000,    0.000,
    5.788,   -7.311,    7.352,   -5.808,    5.382,   -6.774,    6.774,   -5.382,    0.323,    0.000,    0.001,    0.299,    0.000,    0.000,
    5.941,   -7.311,    7.404,   -5.982,    5.382,   -6.774,    6.774,   -5.382,    0.328,    0.000,    0.000,    0.299,    0.000,    0.000,
    5.900,   -7.352,    7.373,   -5.890,    5.382,   -6.774,    6.774,   -5.382,    0.326,    0.000,    0.001,    0.299,    0.000,    0.000,
    5.726,   -7.307,    7.325,   -5.736,    5.382,   -6.774,    6.774,   -5.382,    0.322,    0.000,    0.003,    0.299,    0.000,    0.000,
    5.737,   -7.311,    7.373,   -5.767,    5.382,   -6.774,    6.774,   -5.382,    0.323,    0.000,    0.003,    0.299,    0.000,    0.000,
    5.788,   -7.301,    7.393,   -5.747,    5.382,   -6.774,    6.774,   -5.382,    0.323,    0.001,    0.003,    0.299,    0.000,    0.000,
    5.931,   -7.332,    7.363,   -5.962,    5.382,   -6.774,    6.774,   -5.382,    0.327,    0.000,    0.000,    0.299,    0.000,    0.000,
    5.912,   -7.352,    7.363,   -5.892,    5.382,   -6.774,    6.774,   -5.382,    0.326,    0.000,    0.000,    0.299,    0.000,    0.000,
    5.798,   -7.343,    7.343,   -5.788,    5.382,   -6.774,    6.774,   -5.382,    0.324,    0.000,    0.002,    0.299,    0.000,    0.000,
    5.759,   -7.287,    7.391,   -5.778,    5.382,   -6.774,    6.774,   -5.382,    0.323,    0.000,    0.001,    0.299,    0.000,    0.000,
    5.739,   -7.291,    7.393,   -5.749,    5.382,   -6.774,    6.774,   -5.382,    0.323,    0.000,    0.003,    0.299,    0.000,    0.000,
    5.870,   -7.383,    7.342,   -5.910,    5.382,   -6.774,    6.774,   -5.382,    0.326,    0.000,   -0.001,    0.299,    0.000,    0.000,
    5.951,   -7.332,    7.363,   -5.931,    5.382,   -6.774,    6.774,   -5.382,    0.327,    0.000,   -0.001,    0.299,    0.000,    0.000,
    5.817,   -7.288,    7.391,   -5.845,    5.382,   -6.774,    6.774,   -5.382,    0.324,    0.000,    0.001,    0.299,    0.000,    0.000,
    5.777,   -7.311,    7.373,   -5.747,    5.382,   -6.774,    6.774,   -5.382,    0.323,    0.000,    0.001,    0.299,    0.000,    0.000,
    5.757,   -7.383,    7.342,   -5.757,    5.382,   -6.774,    6.774,   -5.382,    0.323,    0.000,    0.002,    0.299,    0.000,    0.000,
    5.808,   -7.332,    7.393,   -5.808,    5.382,   -6.774,    6.774,   -5.382,    0.325,    0.000,    0.001,    0.299,    0.000,    0.000,
    5.931,   -7.291,    7.352,   -5.972,    5.382,   -6.774,    6.774,   -5.382,    0.327,    0.000,    0.000,    0.299,    0.000,    0.000,
    5.892,   -7.307,    7.381,   -5.883,    5.382,   -6.774,    6.774,   -5.382,    0.326,    0.000,    0.000,    0.299,    0.000,    0.000,
    5.747,   -7.352,    7.383,   -5.767,    5.382,   -6.774,    6.774,   -5.382,    0.324,    0.000,    0.001,    0.299,    0.000,    0.000,
    5.767,   -7.342,    7.332,   -5.767,    5.382,   -6.774,    6.774,   -5.382,    0.323,    0.000,    0.003,    0.299,    0.000,    0.000,
    5.747,   -7.291,    7.383,   -5.757,    5.382,   -6.774,    6.774,   -5.382,    0.323,    0.000,    0.002,    0.299,    0.000,    0.000,
    5.910,   -7.301,    7.414,   -5.962,    5.382,   -6.774,    6.774,   -5.382,    0.327,    0.000,    0.000,    0.299,    0.000,    0.000,
    5.929,   -7.316,    7.344,   -5.883,    5.382,   -6.774,    6.774,   -5.382,    0.326,    0.000,   -0.001,    0.299,    0.000,    0.000,
    5.777,   -7.363,    7.363,   -5.808,    5.382,   -6.774,    6.774,   -5.382,    0.324,    0.000,    0.000,    0.299,    0.000,    0.000,
    5.737,   -7.332,    7.363,   -5.777,    5.382,   -6.774,    6.774,   -5.382,    0.323,    0.000,    0.004,    0.299,    0.000,    0.000,
    5.749,   -7.260,    7.383,   -5.749,    5.382,   -6.774,    6.774,   -5.382,    0.322,    0.000,    0.002,    0.299,    0.000,    0.000,
    5.870,   -7.291,    7.383,   -5.890,    5.382,   -6.774,    6.774,   -5.382,    0.325,    0.000,    0.000,    0.299,    0.000,    0.000,
    5.938,   -7.391,    7.297,   -5.929,    5.382,   -6.774,    6.774,   -5.382,    0.327,    0.000,    0.000,    0.299,    0.000,    0.000,
    5.839,   -7.342,    7.373,   -5.849,    5.382,   -6.774,    6.774,   -5.382,    0.325,    0.000,    0.001,    0.299,    0.000,    0.000,
    5.777,   -7.281,    7.424,   -5.757,    5.382,   -6.774,    6.774,   -5.382,    0.323,    0.001,    0.001,    0.299,    0.000,    0.000,
    5.747,   -7.311,    7.332,   -5.767,    5.382,   -6.774,    6.774,   -5.382,    0.322,    0.000,    0.002,    0.299,    0.000,    0.000,
    5.769,   -7.383,    7.322,   -5.800,    5.382,   -6.774,    6.774,   -5.382,    0.324,    0.000,    0.002,    0.299,    0.000,    0.000,
    5.965,   -7.344,    7.428,   -5.974,    5.382,   -6.774,    6.774,   -5.382,    0.329,    0.000,   -0.001,    0.299,    0.000,    0.000,
    5.941,   -7.281,    7.363,   -5.890,    5.382,   -6.774,    6.774,   -5.382,    0.326,    0.001,    0.000,    0.299,    0.000,    0.000,
    5.737,   -7.311,    7.373,   -5.737,    5.382,   -6.774,    6.774,   -5.382,    0.322,    0.000,    0.001,    0.299,    0.000,    0.000,
    5.716,   -7.383,    7.342,   -5.798,    5.382,   -6.774,    6.774,   -5.382,    0.323,   -0.001,    0.002,    0.299,    0.000,    0.000,
    5.747,   -7.342,    7.373,   -5.767,    5.382,   -6.774,    6.774,   -5.382,    0.323,    0.000,    0.004,    0.299,    0.000,    0.000,
    5.937,   -7.325,    7.419,   -5.965,    5.382,   -6.774,    6.774,   -5.382,    0.328,    0.000,    0.000,    0.299,    0.000,    0.000,
    5.951,   -7.301,    7.332,   -5.890,    5.382,   -6.774,    6.774,   -5.382,    0.326,    0.000,    0.000,    0.299,    0.000,    0.000,
    5.767,   -7.322,    7.383,   -5.808,    5.382,   -6.774,    6.774,   -5.382,    0.324,    0.000,    0.001,    0.299,    0.000,    0.000,
    5.737,   -7.373,    7.373,   -5.767,    5.382,   -6.774,    6.774,   -5.382,    0.324,    0.000,    0.002,    0.299,    0.000,    0.000,
    5.765,   -7.312,    7.332,   -5.734,    5.382,   -6.774,    6.774,   -5.382,    0.322,    0.000,    0.002,    0.299,    0.000,    0.000,
    5.858,   -7.278,    7.391,   -5.886,    5.382,   -6.774,    6.774,   -5.382,    0.325,    0.000,    0.001,    0.299,    0.000,    0.000,
    5.935,   -7.301,    7.403,   -5.925,    5.382,   -6.774,    6.774,   -5.382,    0.327,    0.000,   -0.001,    0.299,    0.000,    0.000,
    5.829,   -7.383,    7.322,   -5.859,    5.382,   -6.774,    6.774,   -5.382,    0.325,    0.000,    0.000,    0.299,    0.000,    0.000,
    5.757,   -7.311,    7.311,   -5.737,    5.382,   -6.774,    6.774,   -5.382,    0.322,    0.000,    0.001,    0.299,    0.000,    0.000,
    5.757,   -7.271,    7.424,   -5.757,    5.382,   -6.774,    6.774,   -5.382,    0.323,    0.001,    0.001,    0.299,    0.000,    0.000,
    5.778,   -7.307,    7.400,   -5.806,    5.382,   -6.774,    6.774,   -5.382,    0.324,    0.000,    0.003,    0.299,    0.000,    0.000,
    5.941,   -7.373,    7.301,   -5.962,    5.382,   -6.774,    6.774,   -5.382,    0.327,    0.000,    0.000,    0.299,    0.000,    0.000,
    5.921,   -7.332,    7.393,   -5.890,    5.382,   -6.774,    6.774,   -5.382,    0.327,    0.000,    0.001,    0.299,    0.000,    0.000,
    5.739,   -7.271,    7.383,   -5.749,    5.382,   -6.774,    6.774,   -5.382,    0.322,    0.000,    0.002,    0.299,    0.000,    0.000,
    5.724,   -7.325,    7.344,   -5.780,    5.382,   -6.774,    6.774,   -5.382,    0.323,    0.000,    0.003,    0.299,    0.000,    0.000,
    5.737,   -7.363,    7.373,   -5.767,    5.382,   -6.774,    6.774,   -5.382,    0.323,    0.000,    0.003,    0.299,    0.000,    0.000,
    5.921,   -7.281,    7.373,   -5.951,    5.382,   -6.774,    6.774,   -5.382,    0.326,    0.000,    0.000,    0.299,    0.000,    0.000,
    5.951,   -7.301,    7.383,   -5.900,    5.382,   -6.774,    6.774,   -5.382,    0.327,    0.001,    0.000,    0.299,    0.000,    0.000,
    5.777,   -7.322,    7.373,   -5.808,    5.382,   -6.774,    6.774,   -5.382,    0.324,    0.000,    0.003,    0.299,    0.000,    0.000,
    5.741,   -7.344,    7.372,   -5.787,    5.382,   -6.774,    6.774,   -5.382,    0.323,    0.000,    0.002,    0.299,    0.000,    0.000,
    5.737,   -7.342,    7.383,   -5.737,    5.382,   -6.774,    6.774,   -5.382,    0.323,    0.000,    0.001,    0.299,    0.000,    0.000,
    5.849,   -7.311,    7.332,   -5.910,    5.382,   -6.774,    6.774,   -5.382,    0.325,    0.000,    0.000,    0.299,    0.000,    0.000,
    5.951,   -7.281,    7.373,   -5.931,    5.382,   -6.774,    6.774,   -5.382,    0.326,    0.000,    0.000,    0.299,    0.000,    0.000,
    5.841,   -7.332,    7.403,   -5.851,    5.382,   -6.774,    6.774,   -5.382,    0.326,    0.000,    0.001,    0.299,    0.000,    0.000,
    5.787,   -7.391,    7.325,   -5.750,    5.382,   -6.774,    6.774,   -5.382,    0.324,    0.000,    0.001,    0.299,    0.000,    0.000,
    5.739,   -7.322,    7.352,   -5.749,    5.382,   -6.774,    6.774,   -5.382,    0.322,    0.000,    0.001,    0.299,    0.000,    0.000,
    5.767,   -7.260,    7.434,   -5.818,    5.095,   -6.412,    6.412,   -5.095,    0.324,    0.000,    0.001,    0.283,    0.000,    0.000,
    5.798,   -7.179,    7.230,   -5.829,    4.807,   -6.051,    6.051,   -4.807,    0.320,    0.000,    0.000,    0.267,    0.000,    0.000,
    5.317,   -6.749,    6.647,   -5.358,    4.520,   -5.690,    5.690,   -4.520,    0.296,   -0.001,    0.002,    0.251,    0.000,    0.000,
    4.607,   -6.041,    5.855,   -4.635,    4.233,   -5.328,    5.328,   -4.233,    0.261,   -0.001,    0.002,    0.235,    0.000,    0.000,
    4.366,   -5.604,    5.563,   -4.336,    3.946,   -4.967,    4.967,   -3.946,    0.245,    0.000,    0.003,    0.219,    0.000,    0.000,
    4.289,   -5.320,    5.504,   -4.238,    3.659,   -4.605,    4.605,   -3.659,    0.238,    0.001,    0.000,    0.203,    0.000,    0.000,
    3.926,   -5.041,    5.113,   -3.957,    3.372,   -4.244,    4.244,   -3.372,    0.222,    0.000,    0.003,    0.187,    0.000,    0.000,
    3.507,   -4.601,    4.366,   -3.620,    3.085,   -3.882,    3.882,   -3.085,    0.198,   -0.002,    0.001,    0.171,    0.000,    0.000,
    3.267,   -4.151,    3.928,   -3.248,    2.797,   -3.521,    3.521,   -2.797,    0.179,   -0.001,    0.000,    0.155,    0.000,    0.000,
    2.996,   -3.742,    3.875,   -2.945,    2.510,   -3.160,    3.160,   -2.510,    0.167,    0.001,    0.003,    0.139,    0.000,    0.000,
    2.689,   -3.395,    3.528,   -2.699,    2.223,   -2.798,    2.798,   -2.223,    0.152,    0.000,    0.001,    0.123,    0.000,    0.000,
    2.318,   -3.043,    2.798,   -2.389,    1.936,   -2.437,    2.437,   -1.936,    0.130,   -0.002,    0.000,    0.107,    0.000,    0.000,
    1.994,   -2.607,    2.372,   -1.983,    1.649,   -2.075,    2.075,   -1.649,    0.110,   -0.001,    0.001,    0.091,    0.000,    0.000,
    1.712,   -2.150,    2.243,   -1.684,    1.362,   -1.714,    1.714,   -1.362,    0.096,    0.000,    0.001,    0.075,    0.000,    0.000,
    1.411,   -1.799,    1.912,   -1.431,    1.075,   -1.353,    1.353,   -1.075,    0.081,    0.000,    0.001,    0.059,    0.000,    0.000,
    1.053,   -1.462,    1.165,   -1.073,    0.787,   -0.991,    0.991,   -0.787,    0.058,   -0.002,    0.001,    0.043,    0.000,    0.000,
    0.736,   -1.032,    0.787,   -0.695,    0.500,   -0.630,    0.630,   -0.500,    0.040,   -0.001,    0.001,    0.027,    0.000,    0.000,
    0.378,   -0.552,    0.705,   -0.409,    0.213,   -0.268,    0.268,   -0.213,    0.025,    0.000,    0.003,    0.011,    0.000,    0.000,
    0.019,   -0.233,    0.233,   -0.068,    0.000,    0.000,    0.000,    0.000,    0.007,    0.000,    0.004,    0.000,    0.000,    0.000,
   -0.029,    0.039,   -0.302,    0.097,    0.000,    0.000,    0.000,    0.000,   -0.006,   -0.001,    0.000,    0.000,    0.000,    0.000,
   -0.010,    0.071,   -0.061,    0.000,    0.000,    0.000,    0.000,    0.000,   -0.001,    0.000,    0.000,    0.000,    0.000,    0.000,
    0.000,    0.020,    0.194,    0.000,    0.000,    0.000,    0.000,    0.000,    0.002,    0.001,    0.002,    0.000,    0.000,    0.000,
    0.000,    0.020,    0.000,    0.000,    0.000,    0.000,    0.000,    0.000,    0.000,    0.000,    0.001,    0.000,    0.000,    0.000,
    0.000,    0.000,   -0.065,    0.000,    0.000,    0.000,    0.000,    0.000,    0.000,    0.000,    0.001,    0.000,    0.000,    0.000,
    0.000,    0.000,   -0.010,    0.000,    0.000,    0.000,    0.000,    0.000,    0.000,    0.000,    0.001,    0.000,    0.000,    0.000,
    0.000,    0.000,    0.010,    0.000,    0.000,    0.000,    0.000,    0.000,    0.000,    0.000,    0.001,    0.000,    0.000,    0.000,
    0.000,    0.000,    0.010,    0.000,    0.000,    0.000,    0.000,    0.000,    0.000,    0.000,    0.001,    0.000,    0.000,    0.000,
    0.000,    0.000,    0.000,    0.000,    0.000,    0.000,    0.000,    0.000,    0.000,    0.000,    0.001,    0.000,    0.000,    0.000,
    0.000,    0.000,    0.000,    0.000,    0.000,    0.000,    0.000,    0.000,    0.000,    0.000,    0.001,    0.000,    0.000,    0.000,
    0.000,    0.000,    0.000,    0.000,    0.000,    0.000,    0.000,    0.000,    0.000,    0.000,    0.001,    0.000,    0.000,    0.000,
    0.000,    0.000,    0.000,    0.000,    0.000,    0.000,    0.000,    0.000,    0.000,    0.000,    0.001,    0.000,    0.000,    0.000,
    0.000,    0.000,    0.000,    0.000,    0.000,    0.000,    0.000,    0.000,    0.000,    0.000,    0.001,    0.000,    0.000,    0.000,
    0.000,    0.000,    0.000,    0.000,    0.000,    0.000,    0.000,    0.000,    0.000,    0.000,    0.001,    0.000,    0.000,    0.000,
