    0.000,    0.020,    0.000,    0.000,
    0.000,    0.020,    0.000,    0.000,
    0.000,    0.020,    0.000,    0.000,
    0.000,    0.020,   -0.150,    0.000,
   -0.010,   -0.060,    0.000,    0.000,
    0.000,    0.080,    0.000,    0.000,
    0.000,    0.020,    0.000,    0.000,
    0.000,    0.010,    0.000,    0.000,
    0.000,    0.030,    0.000,    0.000,
    0.000,    0.010,    0.000,    0.000,
    0.000,    0.020,    0.000,    0.000,
    0.000,    0.020,    0.000,    0.000,
    0.000,    0.020,    0.000,    0.000,
    0.000,    0.020,    0.000,    0.000,
    0.000,    0.020,    0.000,    0.000,
    0.000,    0.020,    0.000,    0.000,
    0.000,    0.020,   -0.150,    0.000,
   -0.010,   -0.030,   -0.160,    0.000,
    0.000,    0.040,   -0.180,    0.000,
    0.000,   -0.020,   -0.150,    0.000,
    0.000,    0.060,    0.000,    0.000,
    0.000,    0.020,    0.000,    0.000,
    0.000,    0.040,    0.000,    0.000,
    0.000,    0.010,    0.000,    0.000,
    0.000,    0.020,   -0.150,    0.000,
   -0.010,   -0.010,   -0.170,    0.000,
    0.000,    0.040,   -0.200,    0.000,
    0.000,   -0.050,   -0.220,    0.000,
    0.000,    0.010,   -0.280,    0.000,
   -0.020,   -0.030,   -0.400,    0.000,
   -0.080,   -0.200,   -0.400,    0.000,
   -0.160,    0.010,   -0.400,    0.000,
   -0.180,    0.010,   -0.400,    0.000,
   -0.230,   -0.250,   -0.400,    0.000,
   -0.230,    0.090,   -0.400,    0.000,
   -0.250,    0.150,   -0.400,    0.000,
   -0.270,   -0.390,   -0.400,    0.000,
   -0.270,    0.180,   -0.400,    0.000,
   -0.270,    0.420,   -0.400,    0.000,
   -0.290,   -0.590,   -0.400,    0.000,
   -0.280,   -0.140,   -0.410,    0.000,
   -0.300,    0.910,   -0.410,    0.000,
   -0.320,   -0.610,   -0.420,    0.000,
   -0.310,   -1.270,   -0.450,    0.000,
   -0.330,    0.850,   -0.750,    0.000,
   -0.410,    1.760,   -0.910,    0.000,
   -0.530,   -0.780,   -0.910,    0.000,
   -0.690,   -1.970,   -0.920,    0.000,
   -0.760,   -0.350,   -0.910,    0.000,
   -0.770,    2.040,   -0.910,    0.000,
   -0.820,    0.340,   -0.910,    0.000,
   -0.850,   -1.990,   -0.900,    0.000,
   -0.860,   -0.780,   -0.900,    0.000,
   -0.910,    1.930,   -0.900,    0.000,
   -0.900,    1.470,   -0.900,    0.000,
   -0.950,   -1.760,   -0.870,    0.000,
   -0.900,   -2.250,   -0.730,    0.000,
   -0.850,    1.370,   -0.730,    0.000,
   -0.810,    2.990,   -0.720,    0.000,
   -0.470,   -0.580,   -0.720,    0.650,
   -0.710,   -2.830,   -0.720,    0.650,
   -0.440,    1.410,   -0.720,    0.650,
   -0.640,    4.060,   -0.720,    0.650,
   -0.280,   -0.300,   -0.700,    0.650,
   -0.580,   -2.790,   -0.670,    0.690,
   -0.290,    1.400,   -0.670,    0.980,
   -0.490,    3.590,   -0.620,    1.430,
   -0.560,    1.650,   -0.330,    1.810,
   -0.500,   -1.020,   -0.240,    1.780,
   -0.270,    2.110,   -0.180,    1.720,
   -0.380,    4.770,   -0.170,    1.650,
   -0.050,    0.220,   -0.160,    1.620,
   -0.120,    0.470,    0.000,    1.560,
   -0.100,    4.290,    0.000,    1.560,
   -0.050,    1.840,    0.000,    1.560,
    0.000,   -0.410,    0.000,    1.560,
    0.010,    3.480,    0.000,    1.720,
    0.000,    2.410,    0.000,    2.300,
    0.010,    0.050,    0.000,    2.780,
    0.010,    2.550,    0.000,    4.330,
    0.040,    6.910,    0.000,    4.880,
    0.000,    4.600,    0.000,    5.000,
    0.010,    1.040,    0.000,    5.000,
    0.010,    5.450,    0.000,    5.000,
    0.010,    8.680,    0.000,    5.000,
    0.000,    2.610,    0.000,    4.970,
    0.020,    2.460,    0.000,    4.910,
    0.030,    5.930,    0.000,    4.910,
    0.020,    8.050,    0.000,    4.780,
    0.000,    2.460,    0.000,    3.390,
    0.000,    0.660,    0.000,    0.000,
   -0.010,    1.420,    0.000,    0.000,
    0.000,   -1.650,    0.000,    0.000,
    0.000,   -0.640,    0.000,    0.000,
    0.010,    2.980,    0.000,    0.000,
    0.000,   -1.800,    0.000,    0.000,
    0.010,   -1.140,    0.000,    0.000,
    0.010,    3.860,    0.000,    0.690,
    0.000,    0.460,    0.000,    0.880,
    0.000,    0.050,    0.000,    1.490,
    0.010,    2.510,    0.000,    2.100,
    0.010,    3.520,    0.000,    2.170,
    0.000,    0.800,    0.000,    2.140,
    0.000,    1.120,    0.000,    2.170,
    0.010,    3.730,    0.000,    2.490,
    0.000,    2.420,    0.000,    2.650,
    0.010,    1.040,    0.000,    2.680,
    0.030,    3.510,    0.000,    2.720,
    0.010,    4.470,    0.000,    2.720,
   -0.010,    0.790,    0.000,    2.680,
    0.010,    1.820,    0.000,    2.590,
    0.010,    4.670,    0.000,    2.590,
    0.000,    0.860,    0.000,    2.590,
    0.000,    1.000,    0.000,    2.620,
    0.020,    4.560,    0.000,    2.620,
   -0.010,    2.410,    0.000,    2.620,
    0.010,    0.210,    0.000,    2.620,
    0.000,    3.680,    0.000,    2.590,
   -0.020,    3.410,    0.000,    1.620,
    0.000,   -1.940,    0.000,    0.000,
    0.020,   -0.400,    0.000,    0.000,
    0.010,    3.150,    0.000,    0.000,
   -0.010,   -2.030,    0.000,    0.000,
    0.020,   -2.050,    0.000,    0.000,
   -0.010,    4.190,    0.000,    0.000,
   -0.020,   -0.210,    0.000,    0.000,
    0.000,   -0.920,    0.000,   -1.200,
   -0.030,    0.600,    0.000,   -1.360,
    0.000,   -2.210,    0.000,   -1.120,
    0.020,   -1.870,    0.000,    0.000,
    0.000,    1.840,    0.000,    0.000,
    0.000,    0.740,    0.000,    0.000,
   -0.010,   -3.990,    0.000,    0.000,
    0.010,    1.570,    0.000,    0.000,
   -0.030,    2.870,    0.000,    0.000,
    0.000,   -3.490,    0.000,    0.000,
    0.000,    0.790,    0.000,    0.000,
   -0.040,    2.560,    0.000,    0.000,
    0.000,   -3.450,    0.000,    0.000,
    0.050,    0.280,    0.000,    0.000,
   -0.030,    3.010,    0.000,    1.560,
    0.010,   -0.940,    0.000,    3.490,
    0.000,    2.660,    0.000,    4.970,
    0.030,    7.580,    0.000,    5.260,
    0.010,    5.520,    0.000,    5.260,
    0.020,    1.170,    0.000,    5.260,
    0.030,    4.760,    0.000,    5.260,
    0.030,    9.010,    0.000,    5.260,
    0.000,    5.810,    0.000,    5.260,
    0.010,    1.420,    0.000,    3.650,
    0.000,    3.570,    0.000,    1.430,
    0.000,   -1.330,    0.000,    0.000,
    0.030,   -1.330,    0.000,    0.000,
    0.000,    3.120,    0.000,    0.000,
    0.000,   -1.040,    0.000,    0.000,
    0.010,   -1.550,    0.000,    0.000,
    0.000,    2.420,    0.000,    0.000,
    0.000,   -0.120,    0.000,    0.000,
    0.010,   -0.480,    0.000,    0.000,
    0.000,    0.880,    0.000,    0.000,
    0.000,    0.160,    0.000,    0.000,
    0.000,   -0.660,    0.000,    0.000,
    0.000,    0.600,    0.000,    0.000,
    0.000,    0.070,    0.000,   -0.670,
    0.000,   -1.790,    0.000,   -1.420,
   -0.020,   -2.050,    0.000,   -1.690,
    0.000,   -1.260,    0.000,   -1.660,
   -0.020,   -1.230,   -0.150,   -1.760,
   -0.040,   -2.170,   -0.150,   -1.930,
   -0.090,   -2.200,   -0.150,   -1.900,
   -0.080,   -1.340,   -0.150,    0.000,
   -0.050,    0.900,   -0.150,    0.000,
    0.000,    0.600,   -0.150,    0.000,
   -0.040,   -1.580,    0.000,    0.000,
   -0.020,    0.370,    0.000,    0.000,
    0.000,    0.780,    0.000,    0.000,
    0.000,   -1.100,    0.000,    0.000,
    0.000,   -0.290,    0.000,    0.000,
    0.000,    1.150,    0.000,    0.000,
    0.000,   -0.970,    0.000,    0.000,
    0.000,   -0.350,    0.000,    0.000,
    0.010,    1.550,   -0.150,    0.000,
   -0.040,   -0.830,   -0.180,    0.000,
   -0.010,   -0.450,   -0.180,    0.000,
   -0.100,    1.550,   -0.200,    0.000,
   -0.070,   -0.720,   -0.200,    0.000,
   -0.010,   -1.310,   -0.200,    0.000,
   -0.060,    1.460,   -0.200,    0.000,
   -0.060,    0.090,   -0.200,    0.000,
   -0.130,   -1.890,   -0.200,    0.000,
   -0.110,    1.100,   -0.200,    0.000,
   -0.040,    1.290,   -0.200,    0.000,
   -0.080,   -2.120,   -0.150,    0.000,
   -0.040,   -0.320,    0.000,    0.000,
   -0.020,    2.980,    0.000,    0.000,
    0.000,   -1.840,    0.000,    0.000,
    0.000,   -1.690,    0.000,    0.000,
    0.030,    3.950,    0.000,    0.000,
    0.000,   -0.400,    0.000,    0.000,
    0.000,   -1.210,    0.000,    0.000,
    0.000,    3.470,    0.000,    0.000,
    0.000,   -1.190,    0.000,    0.000,
    0.000,   -1.240,    0.000,    0.000,
    0.000,    2.740,    0.000,    0.000,
    0.000,   -0.700,    0.000,    0.000,
    0.000,   -1.190,    0.160,    0.000,
    0.020,    1.980,    0.210,    0.000,
    0.000,    0.400,    0.210,    0.000,
    0.130,   -2.300,    0.210,    0.000,
    0.060,    1.050,    0.200,    0.000,
    0.000,    1.050,    0.200,    0.000,
    0.080,   -2.190,    0.200,    0.000,
    0.060,    0.000,    0.210,    0.000,
    0.130,    2.370,    0.200,    0.000,
    0.080,   -1.260,    0.200,    0.000,
    0.010,   -1.010,    0.200,    0.000,
    0.070,    2.810,    0.200,    0.000,
    0.070,   -0.850,    0.200,    0.000,
    0.020,   -0.510,    0.200,    0.000,
    0.120,    1.830,    0.200,    0.000,
    0.100,   -1.350,    0.200,    0.000,
    0.000,   -1.170,    0.200,    0.000,
    0.060,    2.160,    0.230,    0.000,
    0.020,    0.190,    0.260,    0.000,
    0.180,   -2.730,    0.330,    0.000,
    0.080,    1.740,    0.370,    0.000,
    0.010,    0.830,    0.370,    0.000,
    0.120,   -1.860,    0.410,    0.000,
    0.100,    0.310,    0.420,    0.000,
    0.240,    2.540,    0.430,    0.000,
    0.180,   -1.110,    0.440,    0.000,
    0.210,   -1.940,    0.460,    0.000,
    0.250,    1.710,    0.500,    0.000,
    0.210,    1.740,    0.530,    0.000,
    0.330,   -2.710,    0.530,    0.000,
    0.120,   -1.420,    0.530,    0.000,
    0.310,    2.310,    0.520,    0.000,
    0.110,    1.210,    0.530,    0.000,
    0.300,   -2.560,    0.520,    0.000,
    0.170,   -0.480,    0.520,    0.000,
    0.350,    3.060,    0.520,    0.000,
    0.170,   -0.650,    0.510,    0.000,
    0.340,   -3.350,    0.500,    0.000,
    0.180,    1.340,    0.480,    0.000,
    0.250,    2.640,    0.480,    0.000,
    0.240,   -1.560,    0.480,    0.000,
    0.280,   -2.580,    0.480,    0.000,
    0.290,    1.890,    0.480,    0.000,
    0.120,    1.370,    0.480,    0.000,
    0.300,   -2.570,    0.480,    0.000,
    0.160,    0.140,    0.470,    0.000,
    0.360,    2.710,    0.470,    0.000,
    0.190,   -1.800,    0.470,    0.000,
    0.030,   -1.380,    0.470,    0.000,
    0.270,    2.140,    0.470,    0.000,
    0.120,    0.480,    0.470,    0.000,
    0.310,   -2.710,    0.470,    0.000,
    0.260,    0.420,    0.470,    0.650,
    0.410,    3.750,    0.470,    0.690,
    0.070,   -0.860,    0.470,    0.750,
    0.150,   -0.040,    0.470,    0.750,
    0.280,    2.620,    0.470,    0.750,
    0.190,    1.260,    0.470,    0.750,
    0.310,   -1.660,    0.470,    0.750,
    0.270,    0.320,    0.470,    0.000,
    0.300,    2.780,    0.470,    0.000,
    0.190,   -1.090,    0.460,    0.000,
    0.260,   -2.580,    0.470,    0.000,
    0.250,    1.650,    0.460,    0.000,
    0.050,    1.510,    0.460,    0.000,
    0.220,   -2.450,    0.460,    0.000,
    0.070,   -1.100,    0.460,    0.000,
    0.260,    2.220,    0.460,    0.000,
    0.140,    0.050,    0.460,    0.000,
    0.350,   -2.850,    0.460,    0.000,
    0.210,    1.160,    0.460,    0.000,
    0.290,    3.410,    0.460,    0.000,
    0.150,   -1.030,    0.460,    0.000,
    0.250,   -2.460,    0.460,    0.000,
    0.300,    1.690,    0.460,    0.000,
    0.110,    1.170,    0.460,    0.000,
    0.330,   -2.610,    0.460,    0.000,
    0.150,   -0.580,    0.460,    0.000,
    0.310,    2.720,    0.460,    0.000,
    0.150,   -0.390,    0.460,    0.000,
    0.340,   -3.070,    0.460,    0.000,
    0.240,    1.690,    0.460,    0.000,
    0.070,    1.810,    0.460,    0.000,
    0.120,   -2.300,    0.460,    0.000,
    0.110,   -0.270,    0.460,    0.000,
    0.370,    2.890,    0.460,    0.000,
    0.130,   -0.310,    0.460,    0.000,
    0.430,   -3.330,    0.460,    0.000,
    0.200,    1.770,    0.460,    0.000,
    0.030,    1.650,    0.460,    0.000,
    0.080,   -2.880,    0.460,    0.000,
    0.180,   -1.500,    0.460,    0.000,
    0.350,    3.040,    0.460,    0.000,
    0.000,   -0.670,    0.460,    0.000,
    0.300,   -2.890,    0.450,    0.000,
    0.210,    1.600,    0.430,    0.000,
    0.010,    1.580,    0.430,    0.000,
    0.150,   -2.350,    0.410,    0.000,
    0.100,   -0.980,    0.390,    0.000,
    0.230,    2.410,    0.360,    0.000,
    0.050,   -0.700,    0.260,    0.000,
    0.120,   -2.150,    0.000,    0.000,
    0.070,    2.220,    0.000,    0.000,
   -0.010,    1.720,    0.000,    0.000,
   -0.020,   -4.440,    0.000,    0.000,
    0.020,    0.440,    0.000,    0.000,
   -0.010,    0.860,    0.000,    0.000,
    0.000,   -2.600,    0.000,    0.000,
    0.020,    1.210,    0.000,    0.000,
   -0.010,    1.610,    0.000,    0.000,
    0.000,   -2.760,    0.000,    0.000,
    0.000,    0.670,    0.000,    0.000,
   -0.010,    1.350,    0.000,    0.000,
    0.000,   -1.840,    0.000,    0.000,
    0.000,   -0.010,    0.000,    0.000,
   -0.010,    0.600,   -0.150,    0.000,
   -0.040,   -0.740,   -0.180,    0.000,
   -0.020,    0.170,   -0.180,    0.000,
   -0.040,    0.670,   -0.190,    0.000,
   -0.060,   -0.930,   -0.190,    0.000,
   -0.040,   -0.250,   -0.190,    0.000,
   -0.080,    1.110,   -0.190,    0.000,
   -0.110,   -0.730,   -0.170,    0.000,
   -0.020,   -0.750,   -0.150,    0.000,
   -0.060,    1.190,    0.000,    0.000,
   -0.020,   -0.040,    0.000,    0.000,
    0.010,   -0.770,    0.000,    0.000,
    0.010,    0.340,    0.000,    0.690,
    0.010,    1.520,    0.000,    0.750,
    0.000,    0.710,    0.000,    1.010,
    0.000,    0.180,    0.000,    1.070,
    0.000,    1.430,    0.000,    1.070,
    0.000,    1.150,    0.000,    1.040,
    0.000,    0.690,    0.000,    0.940,
   -0.010,    0.640,    0.000,    0.000,
   -0.010,   -0.650,    0.000,    0.000,
    0.000,    0.150,    0.000,    0.000,
    0.000,    0.270,    0.000,    0.000,
    0.000,   -0.390,    0.170,    0.000,
    0.020,    0.600,    0.180,    0.000,
    0.030,   -0.190,    0.190,    0.000,
    0.020,   -0.460,    0.170,    0.000,
    0.020,    0.720,    0.170,    0.000,
    0.020,    0.050,    0.170,    0.000,
    0.050,   -0.810,    0.170,    0.000,
    0.060,    0.690,    0.170,    0.000,
    0.030,    0.350,    0.170,    0.000,
    0.070,   -1.400,    0.170,    0.000,
    0.060,    0.700,    0.170,    0.000,
    0.000,    0.840,    0.170,    0.000,
    0.060,   -1.370,    0.170,    0.000,
    0.050,    0.040,    0.170,    0.000,
    0.100,    1.350,    0.170,    0.000,
    0.070,   -1.040,    0.170,    0.000,
    0.020,   -0.520,    0.170,    0.000,
    0.090,    1.350,    0.170,    0.000,
    0.080,   -0.480,    0.170,    0.000,
    0.050,   -1.020,    0.170,    0.000,
    0.070,    1.530,    0.170,    0.000,
    0.000,    0.210,    0.170,    0.000,
    0.090,   -1.710,    0.170,    0.000,
    0.070,    1.170,    0.160,    0.000,
    0.000,    1.150,    0.160,    0.000,
    0.060,   -2.050,    0.160,    0.000,
    0.020,   -0.240,    0.150,    0.000,
    0.140,    2.240,    0.150,    0.000,
    0.040,   -1.110,    0.150,    0.000,
    0.010,   -0.820,    0.150,    0.000,
    0.060,    2.650,    0.150,    0.000,
    0.060,   -0.310,    0.150,    0.000,
    0.110,   -1.570,    0.150,    0.000,
    0.140,    1.230,    0.150,    0.000,
    0.040,    1.040,    0.150,    0.000,
    0.060,   -1.510,    0.150,    0.000,
    0.040,    0.070,    0.150,    0.000,
    0.090,    1.300,    0.150,    0.000,
    0.070,   -0.790,    0.150,    0.000,
    0.040,   -0.220,    0.150,    0.000,
    0.080,    1.450,    0.150,    0.000,
    0.060,   -0.650,    0.150,    0.000,
    0.000,   -0.730,    0.150,    0.000,
    0.040,    1.440,    0.150,    0.000,
    0.030,    0.130,    0.150,    0.000,
    0.080,   -1.320,    0.150,    0.000,
    0.080,    1.410,    0.150,    0.000,
    0.010,    0.650,    0.150,    0.000,
    0.070,   -1.810,    0.150,    0.000,
    0.070,    0.060,    0.150,    0.000,
    0.090,    1.590,    0.150,    0.000,
    0.040,   -1.310,    0.150,    0.000,
    0.000,   -0.740,    0.150,    0.000,
    0.090,    2.010,    0.150,    0.000,
    0.050,   -0.290,    0.150,    0.000,
    0.090,   -1.320,    0.150,    0.000,
    0.070,    1.730,    0.150,    0.000,
    0.020,    0.370,    0.150,    0.000,
    0.130,   -1.610,    0.150,    0.000,
    0.090,    0.590,    0.150,    0.000,
    0.000,    0.650,    0.150,    0.000,
    0.060,   -1.550,    0.150,    0.000,
    0.030,    0.230,    0.150,    0.000,
    0.080,    1.620,    0.150,    0.000,
    0.070,   -1.600,    0.150,    0.000,
    0.000,   -0.830,    0.150,    0.000,
    0.040,    2.010,    0.150,    0.000,
    0.060,   -0.530,    0.150,    0.000,
    0.070,   -1.830,    0.150,    0.000,
    0.090,    2.080,    0.150,    0.000,
   -0.010,    0.790,    0.150,    0.000,
    0.070,   -3.010,    0.150,    0.000,
    0.050,    0.640,    0.150,    0.000,
   -0.020,    0.700,    0.150,    0.000,
    0.010,   -2.800,    0.150,    0.000,
    0.050,    0.770,    0.150,    0.000,
    0.000,    0.830,    0.150,    0.000,
    0.040,   -2.350,    0.150,    0.000,
    0.060,    0.400,    0.150,    0.000,
    0.110,    2.050,    0.150,    0.000,
    0.050,   -1.800,    0.150,    0.000,
    0.020,   -1.530,    0.150,    0.000,
    0.030,    3.250,    0.150,    0.000,
    0.010,   -1.320,    0.150,    0.000,
    0.010,   -1.760,    0.150,    0.000,
    0.100,    3.160,    0.150,    0.000,
    0.010,   -1.060,    0.150,    0.000,
    0.000,   -0.730,    0.150,    0.000,
    0.030,    2.920,    0.150,    0.000,
    0.060,   -1.100,    0.000,    0.000,
    0.010,   -1.930,    0.150,    0.000,
    0.030,    2.670,    0.000,    0.000,
   -0.060,   -0.400,    0.000,    0.000,
    0.000,   -1.270,    0.000,    0.000,
    0.000,    1.450,    0.000,    0.000,
    0.000,    1.000,    0.000,    0.000,
    0.000,   -2.340,    0.000,    0.000,
    0.000,    0.950,    0.000,    0.000,
   -0.010,    1.390,    0.000,    0.000,
    0.000,   -2.170,    0.000,    0.000,
    0.000,    0.080,    0.000,    0.000,
   -0.010,    0.680,    0.000,    0.000,
    0.000,   -0.660,    0.000,    0.000,
    0.000,    0.060,    0.000,    0.000,
   -0.010,    0.470,    0.000,    0.000,
    0.000,   -0.190,    0.000,    0.000,
    0.000,    0.050,    0.170,    0.000,
    0.020,    0.270,    0.240,    0.000,
    0.040,   -0.120,    0.280,    0.000,
    0.060,   -0.170,    0.300,    0.000,
    0.080,    0.330,    0.300,    0.000,
    0.100,    0.060,    0.310,    0.000,
    0.120,   -0.130,    0.300,    0.000,
    0.150,   -0.030,    0.310,    0.000,
    0.150,    0.500,    0.300,    0.000,
    0.160,   -0.480,    0.300,    0.000,
    0.170,   -0.120,    0.250,    0.000,
    0.140,    0.800,    0.210,    0.000,
    0.130,   -0.360,    0.190,    0.000,
    0.100,   -0.940,    0.150,    0.000,
    0.070,    0.930,    0.000,    0.000,
    0.010,   -0.110,    0.000,    0.000,
   -0.010,   -0.330,    0.000,    0.000,
   -0.010,    0.170,    0.000,    0.000,
    0.000,    0.000,    0.000,    0.000,
    0.000,   -0.020,    0.000,    0.000,
    0.000,   -0.050,    0.000,    0.000,
    0.000,   -0.040,    0.000,    0.000,
    0.000,   -0.010,    0.000,    0.000,
    0.000,    0.000,    0.000,    0.000,
    0.000,    0.000,    0.000,    0.000,
    0.000,    0.000,    0.000,    0.000,
    0.000,    0.000,    0.000,    0.000,
    0.000,    0.010,    0.000,    0.000,
    0.000,    0.010,    0.000,    0.000,
    0.000,    0.010,    0.000,    0.000,
    0.000,    0.020,    0.000,    0.000,
    0.000,    0.020,    0.000,    0.000,
