    0.000,    0.000,    0.000,    0.000,
    0.000,    0.000,    0.000,    0.000,
    0.000,    0.000,    0.000,    0.000,
    0.000,    0.000,    0.000,    0.000,
    0.000,    0.000,    0.000,    0.000,
    0.000,    0.000,    0.000,    0.000,
    0.000,    0.000,    0.000,    0.000,
    0.000,    0.000,    0.000,    0.000,
    0.000,    0.000,    0.000,    0.000,
    0.000,    0.000,    0.000,    0.000,
    0.000,    0.000,    0.000,    0.000,
    0.000,    0.000,    0.000,    0.000,
    0.000,    0.000,    0.000,    0.000,
    0.000,    0.000,    0.000,    0.000,
    0.000,    0.000,    0.000,    0.000,
    0.000,    0.000,    0.000,    0.000,
    0.000,    0.000,    0.000,   -0.180,
   -0.020,   -0.070,    0.000,   -0.190,
   -0.090,   -0.170,    0.000,   -0.190,
    0.070,   -0.150,    0.000,   -0.190,
    0.000,   -0.170,    0.000,   -0.190,
    0.040,   -0.160,    0.000,   -0.190,
    0.030,   -0.120,    0.000,   -0.200,
   -0.020,   -0.180,    0.000,   -0.200,
    0.020,   -0.120,    0.000,   -0.190,
   -0.020,   -0.150,    0.000,   -0.190,
    0.000,   -0.120,    0.000,   -0.190,
    0.010,   -0.140,    0.000,   -0.190,
    0.010,   -0.140,    0.000,   -0.190,
    0.020,   -0.130,    0.000,   -0.190,
    0.020,   -0.160,    0.000,   -0.190,
    0.030,   -0.130,    0.000,   -0.190,
    0.020,   -0.170,    0.000,   -0.190,
    0.020,   -0.140,    0.000,   -0.150,
    0.020,   -0.110,    0.000,    0.000,
    0.000,    0.000,    0.000,    0.000,
    0.000,    0.000,    0.000,    0.000,
    0.000,   -0.010,    0.000,    0.000,
    0.000,    0.000,    0.000,    0.000,
    0.000,    0.000,    0.000,    0.000,
    0.000,    0.000,    0.000,    0.000,
    0.000,    0.000,    0.000,    0.000,
    0.000,    0.000,    0.000,    0.000,
    0.000,    0.000,    0.000,   -0.180,
   -0.010,   -0.100,    0.000,   -0.200,
   -0.050,   -0.200,    0.000,   -0.240,
    0.030,   -0.170,    0.000,   -0.250,
    0.000,   -0.210,    0.000,   -0.250,
   -0.010,   -0.200,    0.000,   -0.250,
    0.000,   -0.210,    0.000,   -0.250,
    0.000,   -0.210,    0.000,   -0.250,
   -0.020,   -0.200,    0.000,   -0.250,
    0.000,   -0.200,    0.000,   -0.280,
   -0.010,   -0.250,    0.000,   -0.850,
   -0.020,   -0.440,    0.000,   -1.110,
   -0.090,   -1.000,    0.000,   -1.130,
   -0.180,   -1.590,    0.000,   -1.120,
   -0.010,   -1.050,    0.000,   -1.100,
    0.250,   -0.710,    0.000,   -1.100,
    0.030,   -1.100,    0.000,   -1.100,
   -0.070,   -1.250,    0.000,   -0.970,
    0.010,   -0.950,    0.000,   -0.740,
    0.210,   -0.490,    0.000,   -0.240,
    0.020,   -0.150,    0.000,   -0.220,
    0.060,   -0.280,    0.000,   -0.220,
    0.050,   -0.280,    0.000,   -0.220,
    0.000,   -0.170,    0.000,   -0.220,
    0.020,   -0.160,    0.000,   -0.200,
    0.000,   -0.150,    0.000,   -0.180,
    0.010,   -0.130,    0.000,   -0.180,
    0.020,   -0.140,    0.000,   -0.170,
    0.010,   -0.100,    0.000,   -0.170,
    0.020,   -0.130,    0.000,   -0.170,
    0.000,   -0.110,    0.000,   -0.200,
    0.000,   -0.150,    0.000,   -0.230,
    0.000,   -0.180,    0.000,   -0.230,
    0.000,   -0.180,    0.000,   -0.230,
    0.000,   -0.180,    0.000,   -0.250,
    0.010,   -0.200,    0.000,   -0.270,
    0.000,   -0.220,    0.000,   -0.330,
   -0.030,   -0.300,    0.000,   -0.650,
   -0.050,   -0.550,    0.000,   -1.050,
   -0.160,   -1.090,    0.000,   -1.140,
    0.100,   -1.460,    0.000,   -1.150,
    0.030,   -1.130,    0.000,   -1.160,
    0.090,   -0.910,    0.000,   -1.150,
   -0.020,   -1.170,    0.000,   -1.140,
    0.000,   -1.240,    0.000,   -1.140,
    0.080,   -1.060,    0.000,   -1.140,
   -0.010,   -1.150,    0.000,   -1.140,
   -0.020,   -1.180,    0.000,   -1.140,
    0.070,   -1.130,    0.000,   -1.140,
   -0.010,   -1.170,    0.000,   -1.140,
    0.000,   -1.140,    0.000,   -1.140,
    0.000,   -1.130,    0.000,   -1.140,
    0.010,   -1.160,    0.000,   -1.140,
    0.010,   -1.150,    0.000,   -1.140,
    0.000,   -1.160,    0.000,   -1.140,
    0.000,   -1.150,    0.000,   -1.140,
   -0.010,   -1.140,    0.000,   -1.090,
    0.030,   -1.100,    0.000,   -0.770,
    0.040,   -0.960,    0.000,   -0.210,
    0.030,    0.030,    0.000,   -0.190,
    0.070,   -0.090,    0.000,   -0.170,
    0.020,   -0.600,    0.000,   -0.160,
    0.040,    0.210,    0.000,   -0.150,
   -0.160,   -0.190,    0.000,   -0.150,
    0.180,   -0.220,    0.000,    0.000,
   -0.060,    0.130,    0.000,    0.000,
    0.000,   -0.070,    0.000,    0.000,
    0.000,    0.000,    0.000,    0.000,
    0.000,   -0.010,    0.000,    0.000,
    0.000,    0.000,    0.000,    0.000,
    0.000,    0.000,    0.000,    0.000,
    0.000,    0.000,    0.000,    0.000,
    0.000,    0.000,    0.000,    0.000,
    0.000,    0.000,    0.000,    0.000,
    0.000,    0.000,    0.000,    0.000,
    0.000,    0.000,    0.000,    0.000,
    0.000,    0.000,    0.000,    0.000,
    0.000,    0.000,    0.000,    0.000,
    0.000,    0.000,    0.000,    0.000,
    0.000,    0.000,    0.000,    0.000,
    0.000,    0.000,    0.000,    0.000,
    0.000,    0.000,    0.000,    0.000,
    0.000,    0.000,    0.000,    0.000,
    0.000,    0.000,    0.000,    0.000,
    0.000,    0.000,    0.000,    0.000,
    0.000,    0.000,    0.000,    0.000,
    0.000,    0.000,    0.000,    0.000,
    0.000,    0.000,    0.000,    0.300,
    0.000,    0.080,    0.000,    0.340,
    0.060,    0.450,    0.000,    0.340,
   -0.020,    0.310,    0.000,    0.340,
    0.000,    0.250,    0.000,    0.340,
   -0.010,    0.320,    0.000,    0.360,
    0.040,    0.300,    0.000,    0.390,
    0.020,    0.370,    0.000,    0.390,
    0.010,    0.360,    0.000,    0.390,
    0.000,    0.370,    0.000,    0.460,
    0.000,    0.420,    0.000,    0.500,
    0.010,    0.480,    0.000,    0.600,
    0.010,    0.590,    0.000,    0.670,
    0.030,    0.710,    0.000,    0.670,
    0.020,    0.620,    0.000,    0.670,
    0.000,    0.650,    0.000,    0.690,
    0.000,    0.680,    0.000,    0.690,
    0.010,    0.670,    0.000,    0.720,
    0.000,    0.690,    0.000,    0.720,
    0.000,    0.700,    0.000,    0.770,
    0.020,    0.780,    0.000,    0.810,
    0.020,    0.810,    0.000,    0.910,
    0.040,    0.920,    0.000,    0.940,
    0.000,    0.960,    0.000,    0.980,
   -0.020,    0.940,    0.000,    0.990,
    0.010,    1.010,    0.000,    1.000,
    0.010,    1.000,    0.000,    1.000,
    0.010,    0.990,    0.000,    1.000,
    0.010,    1.000,    0.000,    1.000,
    0.000,    0.990,    0.000,    1.000,
    0.000,    1.010,    0.000,    1.000,
    0.010,    1.000,    0.000,    0.990,
    0.000,    0.980,    0.000,    0.990,
    0.020,    0.980,    0.000,    0.970,
    0.000,    0.960,    0.000,    0.870,
    0.000,    0.870,    0.000,    0.000,
   -0.070,   -0.350,    0.000,    0.000,
   -0.050,   -0.020,    0.000,    0.000,
    0.610,    0.440,    0.000,    0.000,
   -0.130,   -0.360,    0.000,    0.000,
   -0.390,    0.060,    0.000,    0.000,
    0.430,    0.280,    0.000,    0.000,
   -0.210,   -0.200,    0.000,    0.000,
    0.130,    0.150,    0.000,    0.000,
   -0.110,   -0.030,    0.000,    0.000,
    0.110,    0.090,    0.000,    0.000,
   -0.090,   -0.040,    0.000,    0.000,
    0.050,    0.020,    0.000,    0.000,
   -0.010,    0.000,    0.000,    0.000,
    0.000,    0.000,    0.000,    0.000,
    0.000,    0.000,    0.000,    0.000,
    0.000,    0.000,    0.000,    0.000,
    0.000,    0.000,    0.000,    0.000,
    0.000,    0.000,    0.000,    0.000,
    0.000,    0.000,    0.000,    0.000,
    0.000,    0.000,    0.000,    0.000,
    0.000,    0.000,    0.000,    0.000,
    0.000,    0.000,    0.000,    0.000,
    0.000,    0.000,    0.000,    0.000,
    0.000,    0.000,    0.150,    0.000,
    0.050,    0.000,    0.170,    0.000,
    0.020,    0.000,    0.190,    0.000,
    0.030,    0.000,    0.220,    0.000,
    0.040,    0.000,    0.270,    0.000,
    0.090,    0.010,    0.390,    0.000,
    0.290,    0.030,    0.500,    0.000,
    0.460,    0.000,    0.890,    0.000,
    0.840,   -0.020,    1.230,    0.000,
    1.510,    0.010,    1.390,    0.000,
    1.490,    0.120,    1.400,    0.000,
    0.950,    0.010,    1.400,    0.000,
    1.120,   -0.120,    1.360,    0.000,
    1.460,    0.040,    1.200,    0.000,
    1.050,    0.260,    1.100,    0.000,
    0.420,   -0.130,    1.080,    0.000,
    0.910,   -0.200,    1.060,    0.000,
    1.180,    0.000,    1.070,    0.000,
    0.920,    0.120,    1.080,    0.000,
    0.700,   -0.060,    1.080,    0.000,
    1.090,   -0.060,    1.080,    0.000,
    1.030,    0.080,    1.080,    0.000,
    0.720,    0.000,    1.020,    0.000,
    0.990,   -0.040,    0.330,    0.000,
   -0.430,   -0.110,    0.160,    0.000,
    0.470,    0.020,    0.000,    0.000,
   -0.110,   -0.090,    0.000,    0.000,
    0.030,    0.060,    0.000,    0.000,
    0.040,    0.000,    0.000,    0.000,
   -0.010,    0.000,    0.000,    0.000,
    0.000,    0.000,    0.000,    0.000,
    0.000,    0.000,    0.000,    0.000,
    0.000,    0.000,    0.000,    0.000,
    0.000,    0.000,    0.000,    0.000,
    0.000,    0.000,    0.000,    0.000,
    0.000,    0.000,    0.000,    0.000,
    0.000,    0.000,    0.000,    0.000,
    0.000,    0.000,    0.000,    0.000,
    0.000,    0.000,    0.000,    0.000,
    0.000,    0.000,    0.000,    0.000,
    0.000,    0.000,   -0.210,    0.000,
   -0.090,    0.000,   -0.490,    0.000,
   -0.320,   -0.040,   -0.640,    0.000,
   -0.930,   -0.140,   -0.640,    0.000,
   -0.370,    0.200,   -0.630,    0.000,
   -0.220,    0.070,   -0.650,    0.000,
   -0.530,    0.010,   -0.640,    0.000,
   -0.810,   -0.040,   -0.640,    0.000,
   -0.340,   -0.010,   -0.640,    0.000,
   -0.330,   -0.020,   -0.640,    0.000,
   -0.730,   -0.020,   -0.630,    0.000,
   -0.560,   -0.080,   -0.630,    0.000,
   -0.290,    0.090,   -0.630,    0.000,
   -0.460,    0.000,   -0.640,    0.000,
   -0.790,   -0.070,   -0.680,    0.000,
   -0.420,    0.000,   -0.680,    0.000,
   -0.450,    0.020,   -0.690,    0.000,
   -0.770,   -0.010,   -0.690,    0.000,
   -0.440,   -0.060,   -0.720,    0.000,
   -0.480,    0.000,   -0.730,    0.000,
   -0.800,   -0.010,   -0.750,    0.000,
   -0.570,    0.030,   -0.750,    0.000,
   -0.480,    0.000,   -0.750,    0.000,
   -0.790,   -0.030,   -0.750,    0.000,
   -0.540,   -0.030,   -0.750,    0.000,
   -0.420,    0.000,   -0.750,    0.000,
   -0.690,   -0.050,   -0.750,    0.000,
   -0.630,    0.000,   -0.750,    0.000,
   -0.450,    0.040,   -0.740,    0.000,
   -0.740,   -0.030,   -0.740,    0.000,
   -0.590,    0.000,   -0.740,    0.000,
   -0.490,    0.000,   -0.740,    0.000,
   -0.690,   -0.010,   -0.740,    0.000,
   -0.580,    0.000,   -0.740,    0.000,
   -0.500,    0.000,   -0.730,    0.000,
   -0.670,   -0.020,   -0.720,    0.000,
   -0.550,    0.000,   -0.690,    0.000,
   -0.570,    0.000,   -0.430,    0.000,
   -0.400,    0.000,    0.000,    0.000,
    0.110,    0.080,    0.000,    0.000,
   -0.120,   -0.040,    0.000,    0.000,
    0.090,    0.030,    0.000,    0.000,
   -0.050,   -0.020,    0.000,    0.000,
    0.010,    0.010,    0.000,    0.000,
    0.000,    0.000,    0.000,    0.000,
    0.000,    0.000,    0.000,    0.000,
    0.000,    0.000,    0.000,    0.000,
    0.000,    0.000,    0.000,    0.000,
    0.000,    0.000,    0.000,    0.000,
    0.000,    0.000,    0.000,    0.000,
    0.000,    0.000,    0.150,    0.000,
    0.050,    0.000,    0.150,    0.000,
    0.020,    0.010,    0.170,    0.000,
    0.020,    0.000,    0.190,    0.000,
    0.020,    0.000,    0.220,    0.000,
    0.040,    0.000,    0.340,    0.000,
    0.210,    0.040,    0.390,    0.000,
    0.360,    0.040,    0.400,    0.000,
    0.170,   -0.040,    0.400,    0.000,
    0.280,   -0.020,    0.410,    0.000,
    0.220,    0.020,    0.410,    0.000,
    0.300,    0.010,    0.420,    0.000,
    0.320,    0.020,    0.410,    0.000,
    0.260,   -0.020,    0.410,    0.000,
    0.300,    0.000,    0.430,    0.000,
    0.270,    0.010,    0.430,    0.000,
    0.300,    0.020,    0.430,    0.000,
    0.320,   -0.010,    0.450,    0.000,
    0.300,    0.000,    0.470,    0.000,
    0.350,    0.020,    0.490,    0.000,
    0.350,    0.000,    0.520,    0.000,
    0.370,    0.000,    0.560,    0.000,
    0.410,    0.010,    0.590,    0.000,
    0.490,    0.000,    0.600,    0.000,
    0.410,    0.040,    0.620,    0.000,
    0.480,    0.000,    0.620,    0.000,
    0.470,    0.020,    0.620,    0.000,
    0.470,    0.000,    0.620,    0.000,
    0.510,    0.000,    0.630,    0.000,
    0.530,    0.000,    0.650,    0.000,
    0.500,    0.000,    0.710,    0.000,
    0.580,   -0.010,    0.830,    0.000,
    0.730,    0.000,    0.850,    0.000,
    0.690,    0.020,    0.900,    0.000,
    0.790,    0.010,    0.910,    0.000,
    0.790,   -0.030,    0.930,    0.000,
    0.750,    0.020,    0.950,    0.000,
    0.880,    0.010,    0.960,    0.000,
    0.880,    0.020,    0.970,    0.000,
    0.860,    0.010,    0.970,    0.000,
    0.890,    0.000,    0.980,    0.000,
    0.900,    0.030,    0.980,    0.000,
    0.840,    0.000,    0.990,    0.000,
    0.880,    0.000,    0.980,    0.000,
    0.850,    0.000,    0.990,    0.000,
    0.870,   -0.030,    0.990,    0.000,
    0.920,    0.040,    1.000,    0.000,
    0.980,    0.060,    1.010,    0.000,
    0.850,   -0.050,    1.010,    0.000,
    0.820,   -0.030,    1.030,    0.000,
    1.040,    0.070,    1.060,    0.000,
    0.940,   -0.010,    1.090,    0.000,
    0.950,   -0.050,    1.110,    0.000,
    1.080,    0.040,    1.270,    0.000,
    1.160,    0.030,    1.280,    0.000,
    1.210,   -0.060,    1.270,    0.000,
    1.110,    0.070,    1.270,    0.000,
    1.160,    0.000,    1.270,    0.000,
    1.210,   -0.050,    1.270,    0.000,
    1.140,    0.090,    1.260,    0.000,
    1.160,   -0.010,    1.270,    0.000,
    1.220,   -0.010,    1.270,    0.000,
    1.120,    0.040,    1.270,    0.000,
    1.160,   -0.030,    1.270,    0.000,
    1.250,    0.050,    1.270,    0.000,
    1.150,    0.010,    1.280,    0.000,
    1.210,   -0.010,    1.290,    0.000,
    1.220,    0.010,    1.300,    0.000,
    1.140,   -0.030,    1.290,    0.000,
    1.260,   -0.040,    1.290,    0.000,
    1.220,    0.030,    1.300,    0.000,
    1.170,    0.030,    1.300,    0.000,
    1.290,    0.000,    1.300,    0.000,
    1.260,    0.050,    1.300,    0.000,
    1.150,    0.000,    1.300,    0.000,
    1.250,   -0.020,    1.300,    0.000,
    1.200,    0.020,    1.300,    0.000,
    1.160,   -0.050,    1.300,    0.000,
    1.300,    0.030,    1.300,    0.000,
    1.280,    0.040,    1.300,    0.000,
    1.150,   -0.050,    1.300,    0.000,
    1.250,    0.030,    1.300,    0.000,
    1.230,    0.020,    1.300,    0.000,
    1.140,   -0.070,    1.300,    0.000,
    1.270,    0.030,    1.300,    0.000,
    1.200,    0.020,    1.300,    0.000,
    1.170,   -0.010,    1.300,    0.000,
    1.260,    0.050,    1.290,    0.000,
    1.180,   -0.010,    1.280,    0.000,
    1.190,   -0.020,    0.850,    0.000,
    1.000,    0.000,    0.330,    0.000,
   -0.190,   -0.080,    0.170,    0.000,
    0.180,    0.040,    0.000,    0.000,
    0.140,   -0.020,    0.000,    0.000,
   -0.020,   -0.030,    0.000,    0.000,
    0.050,    0.000,    0.000,    0.000,
    0.000,    0.000,    0.000,    0.000,
    0.000,    0.000,    0.000,    0.000,
    0.000,    0.000,    0.000,    0.000,
    0.000,    0.000,    0.000,    0.000,
    0.000,    0.000,    0.000,    0.000,
    0.000,    0.000,    0.000,    0.000,
    0.000,    0.000,    0.000,    0.000,
    0.000,    0.000,    0.000,    0.000,
    0.000,    0.000,    0.000,    0.000,
    0.000,    0.000,    0.000,    0.000,
    0.000,    0.000,    0.000,    0.000,
    0.000,    0.000,    0.000,    0.000,
    0.000,    0.000,   -0.430,    0.000,
   -0.100,    0.000,   -0.770,    0.000,
   -0.580,   -0.040,   -0.860,    0.000,
   -1.200,   -0.020,   -0.860,    0.000,
   -0.510,    0.070,   -0.840,    0.000,
   -0.330,    0.050,   -0.840,    0.000,
   -0.830,   -0.010,   -0.840,    0.000,
   -1.010,   -0.060,   -0.840,    0.000,
   -0.400,   -0.050,   -0.840,    0.000,
   -0.580,    0.020,   -0.840,    0.000,
   -1.090,   -0.030,   -0.840,    0.000,
   -0.360,   -0.040,   -0.840,    0.000,
   -0.380,    0.040,   -0.860,    0.000,
   -0.690,    0.000,   -0.890,    0.000,
   -1.150,    0.000,   -0.900,    0.000,
   -0.580,   -0.010,   -0.900,    0.000,
   -0.480,   -0.030,   -0.930,    0.000,
   -0.920,   -0.050,   -0.930,    0.000,
   -0.970,   -0.030,   -0.930,    0.000,
   -0.630,    0.000,   -0.930,    0.000,
   -0.690,   -0.020,   -0.930,    0.000,
   -1.030,    0.020,   -0.930,    0.000,
   -0.700,    0.020,   -0.930,    0.000,
   -0.610,    0.000,   -0.930,    0.000,
   -0.970,   -0.050,   -0.930,    0.000,
   -0.890,   -0.030,   -0.930,    0.000,
   -0.610,    0.040,   -0.930,    0.000,
   -0.910,    0.000,   -0.930,    0.000,
   -0.930,   -0.090,   -0.940,    0.000,
   -0.710,    0.040,   -0.950,    0.000,
   -0.870,    0.000,   -0.960,    0.000,
   -0.960,   -0.110,   -0.960,    0.000,
   -0.730,    0.080,   -0.990,    0.000,
   -0.830,    0.060,   -1.010,    0.000,
   -1.090,   -0.120,   -1.120,    0.000,
   -1.000,    0.000,   -1.150,    0.000,
   -0.950,    0.050,   -1.220,    0.000,
   -1.260,   -0.080,   -1.210,    0.000,
   -1.120,   -0.060,   -1.210,    0.000,
   -0.850,    0.110,   -1.200,    0.000,
   -1.110,    0.000,   -1.190,    0.000,
   -1.210,   -0.040,   -1.190,    0.000,
   -0.890,    0.060,   -1.190,    0.000,
   -1.110,    0.000,   -1.190,    0.000,
   -1.270,   -0.090,   -1.190,    0.000,
   -0.950,    0.020,   -1.190,    0.000,
   -1.070,    0.040,   -1.170,    0.000,
   -1.300,   -0.110,   -1.160,    0.000,
   -0.960,    0.040,   -1.140,    0.000,
   -0.930,    0.100,   -1.130,    0.000,
   -1.150,   -0.030,   -1.130,    0.000,
   -1.020,   -0.060,   -1.120,    0.000,
   -0.940,    0.050,   -1.120,    0.000,
   -1.140,   -0.060,   -1.110,    0.000,
   -1.020,    0.000,   -1.110,    0.000,
   -0.920,    0.080,   -1.110,    0.000,
   -1.120,   -0.040,   -1.110,    0.000,
   -1.010,   -0.010,   -1.110,    0.000,
   -0.900,    0.110,   -1.110,    0.000,
   -1.140,   -0.080,   -1.100,    0.000,
   -1.070,   -0.050,   -1.100,    0.000,
   -0.840,    0.110,   -1.090,    0.000,
   -1.060,   -0.010,   -1.090,    0.000,
   -1.170,   -0.090,   -1.090,    0.000,
   -0.880,    0.040,   -1.090,    0.000,
   -0.880,    0.100,   -1.100,    0.000,
   -1.110,   -0.080,   -1.090,    0.000,
   -1.060,   -0.030,   -1.090,    0.000,
   -0.790,    0.110,   -1.100,    0.000,
   -1.020,   -0.020,   -1.100,    0.000,
   -1.120,    0.000,   -1.100,    0.000,
   -0.860,    0.040,   -1.090,    0.000,
   -0.960,   -0.020,   -1.080,    0.000,
   -1.080,   -0.060,   -0.990,    0.000,
   -0.770,    0.000,   -0.890,    0.000,
   -0.710,    0.030,    0.000,    0.000,
    0.620,    0.010,    0.000,    0.000,
   -0.140,   -0.040,    0.000,    0.000,
    0.270,    0.050,    0.000,    0.000,
   -0.250,   -0.040,    0.000,    0.000,
    0.260,   -0.020,    0.000,    0.000,
   -0.250,   -0.060,    0.000,    0.000,
    0.310,   -0.060,    0.000,    0.000,
   -0.140,    0.070,    0.000,    0.000,
    0.110,   -0.050,    0.000,    0.000,
   -0.050,    0.030,    0.000,    0.000,
    0.010,    0.000,    0.000,    0.000,
    0.000,    0.000,    0.000,    0.000,
    0.000,    0.000,    0.000,    0.000,
    0.000,    0.000,    0.000,    0.000,
    0.000,    0.000,    0.150,    0.000,
    0.050,    0.000,    0.190,    0.000,
    0.040,    0.000,    0.260,    0.000,
    0.090,   -0.010,    0.330,    0.000,
    0.150,    0.000,    0.430,    0.000,
    0.320,    0.000,    0.430,    0.000,
    0.290,    0.000,    0.410,    0.000,
    0.200,    0.020,    0.250,    0.000,
    0.140,    0.010,    0.000,    0.000,
    0.000,    0.000,    0.000,    0.000,
    0.000,   -0.010,    0.000,    0.000,
    0.000,    0.000,    0.000,    0.000,
    0.000,    0.000,    0.000,    0.000,
    0.000,    0.000,    0.000,    0.000,
    0.000,    0.000,    0.000,    0.000,
    0.000,    0.000,    0.000,    0.000,
    0.000,    0.000,    0.000,    0.000,
    0.000,    0.000,    0.000,    0.000,
    0.000,    0.000,    0.000,    0.000,
    0.000,    0.000,    0.000,    0.000,
    0.000,    0.000,    0.000,    0.000,
    0.000,    0.000,    0.000,    0.000,
    0.000,    0.000,   -0.150,    0.000,
   -0.040,    0.000,   -0.180,    0.000,
   -0.040,    0.000,   -0.750,    0.000,
   -0.220,    0.000,   -0.780,    0.000,
   -1.110,    0.010,   -0.770,    0.000,
   -0.690,    0.000,   -0.760,    0.000,
   -0.310,   -0.020,   -0.730,    0.000,
   -0.510,   -0.010,   -0.720,    0.000,
   -0.800,    0.040,   -0.710,    0.000,
   -0.440,   -0.010,   -0.710,    0.000,
   -0.430,   -0.020,   -0.710,    0.000,
   -0.800,    0.010,   -0.710,    0.000,
   -0.560,    0.000,   -0.710,    0.000,
   -0.440,    0.000,   -0.710,    0.000,
   -0.740,   -0.040,   -0.700,    0.000,
   -0.640,   -0.040,   -0.700,    0.000,
   -0.350,    0.010,   -0.700,    0.000,
   -0.650,   -0.010,   -0.700,    0.000,
   -0.690,   -0.030,   -0.700,    0.000,
   -0.410,    0.040,   -0.700,    0.000,
   -0.640,   -0.040,   -0.700,    0.000,
   -0.700,   -0.060,   -0.700,    0.000,
   -0.400,    0.030,   -0.700,    0.000,
   -0.570,    0.000,   -0.700,    0.000,
   -0.640,   -0.040,   -0.700,    0.000,
   -0.450,    0.000,   -0.700,    0.000,
   -0.590,   -0.030,   -0.690,    0.000,
   -0.600,   -0.010,   -0.680,    0.000,
   -0.460,   -0.020,   -0.560,    0.000,
   -0.430,   -0.020,   -0.570,    0.000,
   -0.490,   -0.030,   -0.520,    0.000,
   -0.370,   -0.020,   -0.510,    0.000,
   -0.380,    0.000,   -0.530,    0.000,
   -0.420,   -0.030,   -0.480,    0.000,
   -0.320,    0.010,   -0.390,    0.000,
   -0.270,    0.030,   -0.270,    0.000,
   -0.160,    0.000,    0.000,    0.000,
   -0.040,    0.000,    0.000,    0.000,
    0.000,    0.000,    0.000,    0.000,
    0.000,    0.000,    0.000,    0.000,
    0.000,    0.000,    0.000,    0.000,
    0.000,    0.000,    0.000,    0.000,
    0.000,    0.000,    0.000,    0.000,
    0.000,    0.000,    0.000,    0.000,
    0.000,    0.000,    0.000,    0.000,
    0.000,    0.000,    0.000,    0.000,
    0.000,    0.000,    0.000,    0.000,
    0.000,   -0.010,    0.000,    0.000,
    0.010,    0.000,    0.000,    0.000,
   -0.010,    0.000,    0.000,    0.000,
    0.000,    0.000,    0.000,    0.000,
    0.010,    0.000,    0.000,    0.000,
    0.000,    0.000,    0.000,    0.000,
    0.010,    0.010,    0.000,    0.000,
    0.000,    0.000,    0.000,    0.000,
    0.000,    0.000,    0.000,    0.000,
    0.000,    0.000,    0.000,    0.000,
    0.000,    0.000,    0.000,    0.000,
    0.000,    0.000,    0.000,    0.000,
    0.000,    0.000,    0.000,    0.000,
    0.000,    0.000,    0.000,    0.000,
    0.000,    0.030,    0.000,    0.000,
    0.010,    0.000,    0.000,    0.000,
    0.000,   -0.010,    0.000,    0.000,
   -0.010,    0.010,    0.000,    0.000,
    0.000,    0.020,    0.000,    0.000,
    0.010,    0.000,    0.000,    0.000,
    0.000,    0.000,    0.000,    0.000,
    0.000,    0.000,    0.000,    0.000,
    0.000,    0.000,    0.000,    0.000,
    0.000,    0.000,    0.000,    0.000,
    0.000,    0.000,    0.000,    0.000,
    0.000,    0.000,    0.000,    0.000,
    0.000,    0.000,    0.000,    0.000,
    0.000,    0.000,    0.000,    0.000,
    0.000,    0.000,    0.000,    0.340,
    0.000,    0.080,    0.000,    0.390,
    0.050,    0.440,    0.000,    0.390,
    0.040,    0.460,    0.000,    0.370,
   -0.070,    0.260,    0.000,    0.340,
   -0.010,    0.280,    0.000,    0.330,
   -0.010,    0.310,    0.000,    0.330,
    0.000,    0.300,    0.000,    0.330,
    0.000,    0.290,    0.000,    0.330,
    0.000,    0.290,    0.000,    0.330,
    0.000,    0.280,    0.000,    0.330,
    0.000,    0.270,    0.000,    0.330,
    0.010,    0.280,    0.000,    0.330,
    0.000,    0.290,    0.000,    0.330,
    0.000,    0.280,    0.000,    0.340,
    0.000,    0.290,    0.000,    0.340,
    0.010,    0.300,    0.000,    0.340,
    0.010,    0.310,    0.000,    0.340,
    0.000,    0.300,    0.000,    0.340,
    0.030,    0.300,    0.000,    0.350,
    0.020,    0.310,    0.000,    0.370,
    0.000,    0.310,    0.000,    0.390,
    0.010,    0.370,    0.000,    0.390,
   -0.020,    0.340,    0.000,    0.390,
    0.000,    0.340,    0.000,    0.390,
    0.000,    0.360,    0.000,    0.390,
    0.000,    0.350,    0.000,    0.390,
    0.000,    0.350,    0.000,    0.390,
    0.000,    0.340,    0.000,    0.390,
    0.000,    0.340,    0.000,    0.390,
    0.000,    0.320,    0.000,    0.390,
    0.010,    0.320,    0.000,    0.390,
    0.000,    0.330,    0.000,    0.380,
   -0.010,    0.310,    0.000,    0.370,
   -0.020,    0.330,    0.000,    0.240,
    0.000,    0.230,    0.000,    0.000,
   -0.080,   -0.030,    0.000,    0.000,
    0.010,   -0.010,    0.000,    0.000,
    0.000,   -0.020,    0.000,    0.000,
    0.000,    0.000,    0.000,    0.000,
   -0.010,    0.000,    0.000,   -0.160,
   -0.030,   -0.100,    0.000,   -0.200,
    0.000,   -0.180,    0.000,   -0.210,
    0.000,   -0.190,    0.000,   -0.220,
    0.000,   -0.180,    0.000,   -0.220,
    0.020,   -0.170,    0.000,   -0.220,
    0.000,   -0.160,    0.000,   -0.220,
    0.010,   -0.180,    0.000,   -0.230,
   -0.020,   -0.170,    0.000,   -0.240,
    0.010,   -0.200,    0.000,   -0.330,
    0.000,   -0.290,    0.000,   -0.620,
   -0.010,   -0.510,    0.000,   -0.650,
   -0.040,   -0.830,    0.000,   -0.770,
   -0.020,   -0.610,    0.000,   -1.090,
    0.000,   -0.770,    0.000,   -1.120,
   -0.080,   -1.200,    0.000,   -1.120,
   -0.150,   -1.380,    0.000,   -1.110,
    0.020,   -1.000,    0.000,   -1.220,
    0.110,   -1.010,    0.000,   -1.320,
    0.130,   -1.340,    0.000,   -1.330,
   -0.060,   -1.530,    0.000,   -1.330,
   -0.020,   -1.260,    0.000,   -1.330,
    0.080,   -1.260,    0.000,   -1.330,
   -0.050,   -1.450,    0.000,   -1.330,
    0.000,   -1.320,    0.000,   -1.350,
    0.060,   -1.320,    0.000,   -1.490,
   -0.050,   -1.570,    0.000,   -1.580,
   -0.070,   -1.750,    0.000,   -1.580,
    0.030,   -1.530,    0.000,   -1.580,
    0.040,   -1.550,    0.000,   -1.580,
   -0.100,   -1.740,    0.000,   -1.580,
    0.010,   -1.560,    0.000,   -1.580,
    0.100,   -1.550,    0.000,   -1.580,
   -0.070,   -1.690,    0.000,   -1.580,
   -0.010,   -1.620,    0.000,   -1.580,
    0.070,   -1.570,    0.000,   -1.580,
   -0.040,   -1.670,    0.000,   -1.580,
    0.000,   -1.590,    0.000,   -1.570,
    0.060,   -1.570,    0.000,   -1.450,
    0.020,   -1.520,    0.000,   -1.390,
    0.010,   -1.410,    0.000,   -1.200,
    0.010,   -1.260,    0.000,   -1.020,
    0.050,   -1.050,    0.000,   -0.870,
    0.010,   -0.870,    0.000,   -0.550,
    0.000,   -0.220,    0.000,   -0.200,
    0.000,   -0.360,    0.000,   -0.180,
    0.030,   -0.290,    0.000,   -0.150,
    0.100,   -0.010,    0.000,    0.000,
    0.000,   -0.040,    0.000,    0.000,
    0.010,    0.030,    0.000,    0.000,
   -0.010,    0.000,    0.000,    0.000,
    0.000,    0.000,    0.000,    0.000,
    0.000,    0.000,    0.000,    0.000,
    0.000,    0.000,    0.000,    0.000,
    0.000,    0.000,    0.000,    0.200,
    0.020,    0.090,    0.000,    0.430,
    0.120,    0.490,    0.000,    0.660,
    0.060,    1.000,    0.000,    0.790,
    0.020,    0.730,    0.000,    0.860,
   -0.110,    0.640,    0.000,    0.870,
    0.000,    0.960,    0.000,    0.890,
   -0.010,    0.940,    0.000,    0.890,
   -0.030,    0.750,    0.000,    0.890,
    0.030,    0.900,    0.000,    0.890,
    0.040,    0.910,    0.000,    0.890,
   -0.030,    0.830,    0.000,    0.910,
    0.010,    0.930,    0.000,    0.910,
    0.020,    0.910,    0.000,    1.190,
    0.020,    1.070,    0.000,    1.320,
    0.010,    1.510,    0.000,    1.340,
    0.040,    1.420,    0.000,    1.350,
    0.010,    1.200,    0.000,    1.360,
    0.030,    1.400,    0.000,    1.360,
    0.070,    1.450,    0.000,    1.370,
   -0.010,    1.320,    0.000,    1.360,
    0.000,    1.410,    0.000,    1.360,
    0.020,    1.380,    0.000,    1.360,
    0.010,    1.380,    0.000,    1.360,
    0.010,    1.400,    0.000,    1.360,
    0.000,    1.380,    0.000,    1.360,
    0.020,    1.370,    0.000,    1.360,
    0.010,    1.410,    0.000,    1.360,
    0.020,    1.390,    0.000,    1.360,
    0.000,    1.360,    0.000,    1.360,
    0.040,    1.410,    0.000,    1.340,
    0.000,    1.370,    0.000,    1.320,
   -0.010,    1.340,    0.000,    1.280,
    0.000,    1.290,    0.000,    0.860,
   -0.030,    0.160,    0.000,    0.300,
   -0.070,    0.310,    0.000,    0.000,
    0.150,    0.200,    0.000,    0.000,
   -0.190,   -0.120,    0.000,    0.000,
    0.060,    0.150,    0.000,    0.000,
    0.010,    0.000,    0.000,    0.000,
   -0.010,   -0.030,    0.000,    0.000,
    0.010,    0.000,    0.000,    0.000,
    0.000,    0.000,    0.000,    0.000,
    0.000,    0.000,    0.000,    0.000,
    0.000,    0.000,    0.000,    0.000,
    0.000,    0.000,    0.000,    0.000,
    0.000,    0.000,    0.000,   -0.150,
   -0.010,   -0.090,    0.000,   -0.190,
    0.010,   -0.160,    0.000,   -0.210,
   -0.030,   -0.200,    0.000,   -0.230,
   -0.010,   -0.190,    0.000,   -0.230,
    0.000,   -0.200,    0.000,   -0.230,
    0.000,   -0.180,    0.000,   -0.230,
    0.000,   -0.190,    0.000,   -0.230,
    0.000,   -0.200,    0.000,   -0.240,
    0.000,   -0.190,    0.000,   -0.270,
   -0.020,   -0.240,    0.000,   -0.290,
   -0.020,   -0.240,    0.000,   -0.340,
    0.000,   -0.270,    0.000,   -0.350,
    0.000,   -0.350,    0.000,   -0.380,
   -0.020,   -0.380,    0.000,   -0.400,
   -0.010,   -0.400,    0.000,   -0.400,
    0.000,   -0.360,    0.000,   -0.560,
    0.050,   -0.540,    0.000,   -0.860,
    0.020,   -0.850,    0.000,   -1.040,
   -0.070,   -1.210,    0.000,   -1.220,
   -0.090,   -1.280,    0.000,   -1.280,
   -0.020,   -1.160,    0.000,   -1.290,
    0.060,   -1.300,    0.000,   -1.300,
   -0.080,   -1.370,    0.000,   -1.290,
    0.000,   -1.240,    0.000,   -1.290,
    0.020,   -1.300,    0.000,   -1.290,
   -0.010,   -1.350,    0.000,   -1.320,
    0.070,   -1.320,    0.000,   -1.480,
   -0.040,   -1.470,    0.000,   -1.720,
   -0.230,   -1.870,    0.000,   -1.800,
    0.090,   -1.950,    0.000,   -1.820,
    0.080,   -1.680,    0.000,   -1.830,
   -0.050,   -1.830,    0.000,   -1.840,
    0.050,   -1.980,    0.000,   -1.990,
    0.040,   -2.040,    0.000,   -2.010,
   -0.080,   -2.100,    0.000,   -2.010,
    0.080,   -2.020,    0.000,   -2.010,
    0.040,   -2.070,    0.000,   -2.010,
   -0.070,   -2.100,    0.000,   -2.010,
    0.050,   -2.020,    0.000,   -2.010,
   -0.030,   -2.080,    0.000,   -2.010,
   -0.030,   -2.090,    0.000,   -2.010,
    0.060,   -2.080,    0.000,   -2.030,
   -0.050,   -2.090,    0.000,   -2.040,
   -0.060,   -2.150,    0.000,   -2.040,
   -0.040,   -2.120,    0.000,   -2.040,
    0.040,   -2.050,    0.000,   -2.040,
    0.030,   -2.150,    0.000,   -2.040,
    0.030,   -2.100,    0.000,   -2.040,
    0.110,   -2.080,    0.000,   -2.040,
   -0.020,   -2.140,    0.000,   -2.040,
    0.030,   -2.100,    0.000,   -2.040,
    0.020,   -2.090,    0.000,   -2.040,
    0.000,   -2.120,    0.000,   -2.040,
    0.040,   -2.120,    0.000,   -2.040,
   -0.020,   -2.120,    0.000,   -2.040,
    0.000,   -2.120,    0.000,   -2.040,
    0.000,   -2.110,    0.000,   -2.010,
    0.020,   -2.090,    0.000,   -1.870,
    0.030,   -1.950,    0.000,   -1.810,
    0.040,   -1.820,    0.000,   -1.600,
    0.010,   -1.740,    0.000,   -1.490,
    0.000,   -1.540,    0.000,   -1.360,
    0.080,   -1.390,    0.000,   -1.250,
    0.010,   -1.320,    0.000,   -1.220,
    0.000,   -1.290,    0.000,   -1.020,
    0.010,   -1.110,    0.000,   -0.940,
   -0.010,   -0.860,    0.000,   -0.350,
   -0.050,    0.110,    0.000,   -0.230,
    0.020,   -0.160,    0.000,   -0.180,
   -0.020,   -0.600,    0.000,   -0.170,
    0.110,    0.160,    0.000,    0.000,
   -0.030,   -0.150,    0.000,    0.000,
    0.040,    0.060,    0.000,    0.000,
   -0.080,   -0.110,    0.000,    0.000,
    0.030,    0.020,    0.000,    0.000,
    0.000,    0.000,    0.000,    0.000,
    0.000,    0.000,    0.000,    0.000,
    0.000,    0.000,    0.000,    0.000,
    0.000,    0.000,    0.000,    0.260,
    0.010,    0.080,    0.000,    0.570,
   -0.020,    0.470,    0.000,    0.800,
    0.120,    1.030,    0.000,    0.800,
   -0.190,    0.690,    0.000,    0.850,
   -0.050,    0.520,    0.000,    0.850,
   -0.050,    0.810,    0.000,    0.860,
   -0.070,    1.060,    0.000,    0.860,
    0.000,    0.770,    0.000,    0.870,
    0.120,    0.750,    0.000,    0.910,
    0.010,    0.960,    0.000,    1.040,
   -0.040,    1.140,    0.000,    1.090,
    0.080,    1.030,    0.000,    1.140,
    0.010,    1.120,    0.000,    1.180,
   -0.040,    1.270,    0.000,    1.180,
    0.070,    1.140,    0.000,    1.180,
    0.020,    1.170,    0.000,    1.190,
    0.000,    1.210,    0.000,    1.190,
    0.060,    1.210,    0.000,    1.190,
    0.000,    1.210,    0.000,    1.210,
    0.000,    1.240,    0.000,    1.230,
    0.030,    1.250,    0.000,    1.230,
    0.030,    1.250,    0.000,    1.260,
    0.050,    1.310,    0.000,    1.270,
   -0.030,    1.270,    0.000,    1.280,
    0.000,    1.310,    0.000,    1.280,
    0.040,    1.320,    0.000,    1.330,
    0.000,    1.350,    0.000,    1.380,
    0.010,    1.430,    0.000,    1.390,
   -0.010,    1.400,    0.000,    1.400,
    0.010,    1.420,    0.000,    1.410,
    0.030,    1.450,    0.000,    1.420,
    0.010,    1.440,    0.000,    1.420,
    0.000,    1.470,    0.000,    1.420,
   -0.010,    1.440,    0.000,    1.430,
    0.010,    1.440,    0.000,    1.430,
    0.040,    1.470,    0.000,    1.430,
    0.020,    1.460,    0.000,    1.440,
    0.000,    1.450,    0.000,    1.450,
   -0.010,    1.490,    0.000,    1.450,
   -0.010,    1.510,    0.000,    1.450,
    0.040,    1.450,    0.000,    1.450,
    0.030,    1.460,    0.000,    1.450,
    0.030,    1.500,    0.000,    1.450,
    0.020,    1.470,    0.000,    1.450,
    0.000,    1.460,    0.000,    1.450,
    0.090,    1.520,    0.000,    1.450,
    0.020,    1.480,    0.000,    1.450,
   -0.080,    1.410,    0.000,    1.450,
    0.050,    1.530,    0.000,    1.450,
   -0.010,    1.480,    0.000,    1.450,
   -0.070,    1.450,    0.000,    1.450,
    0.020,    1.510,    0.000,    1.450,
    0.000,    1.480,    0.000,    1.450,
    0.000,    1.470,    0.000,    1.450,
   -0.010,    1.490,    0.000,    1.450,
    0.040,    1.480,    0.000,    1.450,
    0.040,    1.460,    0.000,    1.450,
    0.000,    1.480,    0.000,    1.440,
    0.030,    1.470,    0.000,    1.430,
    0.050,    1.460,    0.000,    1.430,
    0.000,    1.440,    0.000,    1.420,
    0.030,    1.460,    0.000,    1.410,
    0.000,    1.440,    0.000,    1.410,
    0.000,    1.460,    0.000,    1.400,
    0.070,    1.400,    0.000,    1.400,
    0.000,    1.440,    0.000,    1.380,
    0.000,    1.400,    0.000,    1.370,
    0.020,    1.390,    0.000,    1.340,
    0.000,    1.360,    0.000,    1.330,
    0.020,    1.350,    0.000,    1.310,
    0.010,    1.320,    0.000,    1.230,
   -0.020,    1.220,    0.000,    1.210,
    0.030,    1.240,    0.000,    1.120,
    0.020,    1.150,    0.000,    1.020,
   -0.010,    1.030,    0.000,    0.700,
    0.000,    0.360,    0.000,    0.470,
   -0.090,    0.600,    0.000,    0.260,
   -0.040,    0.150,    0.000,    0.240,
   -0.110,    0.260,    0.000,    0.240,
    0.140,    0.290,    0.000,    0.240,
   -0.040,    0.160,    0.000,    0.240,
    0.040,    0.200,    0.000,    0.250,
    0.030,    0.230,    0.000,    0.260,
   -0.010,    0.210,    0.000,    0.280,
    0.000,    0.260,    0.000,    0.320,
   -0.010,    0.270,    0.000,    0.350,
    0.000,    0.310,    0.000,    0.380,
    0.000,    0.350,    0.000,    0.390,
    0.000,    0.370,    0.000,    0.390,
   -0.050,    0.340,    0.000,    0.380,
   -0.020,    0.340,    0.000,    0.370,
   -0.010,    0.330,    0.000,    0.330,
   -0.030,    0.310,    0.000,    0.000,
   -0.090,   -0.030,    0.000,    0.000,
    0.020,   -0.030,    0.000,    0.000,
    0.050,    0.010,    0.000,    0.000,
   -0.010,    0.000,    0.000,    0.000,
   -0.010,    0.000,    0.000,    0.000,
    0.000,    0.000,    0.000,    0.000,
    0.000,    0.000,    0.000,   -0.150,
   -0.020,   -0.080,    0.000,   -0.180,
   -0.010,   -0.140,    0.000,   -0.200,
    0.020,   -0.160,    0.000,   -0.210,
    0.020,   -0.190,    0.000,   -0.230,
    0.000,   -0.180,    0.000,   -0.300,
   -0.010,   -0.250,    0.000,   -0.470,
   -0.010,   -0.420,    0.000,   -0.550,
   -0.090,   -0.610,    0.000,   -0.970,
   -0.110,   -0.820,    0.000,   -1.200,
   -0.210,   -1.370,    0.000,   -1.240,
   -0.080,   -1.490,    0.000,   -1.250,
    0.070,   -1.080,    0.000,   -1.300,
    0.120,   -1.130,    0.000,   -1.340,
   -0.050,   -1.460,    0.000,   -1.340,
   -0.070,   -1.420,    0.000,   -1.350,
    0.190,   -1.240,    0.000,   -1.370,
    0.080,   -1.340,    0.000,   -1.390,
   -0.170,   -1.530,    0.000,   -1.460,
    0.090,   -1.460,    0.000,   -1.510,
    0.090,   -1.460,    0.000,   -1.670,
   -0.110,   -1.760,    0.000,   -1.670,
   -0.010,   -1.820,    0.000,   -1.670,
    0.110,   -1.600,    0.000,   -1.670,
    0.000,   -1.680,    0.000,   -1.670,
    0.020,   -1.790,    0.000,   -1.670,
    0.000,   -1.670,    0.000,   -1.670,
    0.000,   -1.710,    0.000,   -1.670,
    0.000,   -1.780,    0.000,   -1.670,
    0.020,   -1.680,    0.000,   -1.670,
    0.000,   -1.730,    0.000,   -1.670,
    0.000,   -1.750,    0.000,   -1.660,
    0.020,   -1.660,    0.000,   -1.660,
    0.000,   -1.740,    0.000,   -1.660,
    0.010,   -1.710,    0.000,   -1.590,
   -0.010,   -1.600,    0.000,   -1.270,
   -0.040,   -1.470,    0.000,   -0.810,
    0.050,   -0.090,    0.000,   -0.220,
    0.000,   -0.230,    0.000,   -0.170,
    0.010,   -0.570,    0.000,    0.000,
    0.120,    0.260,    0.000,    0.000,
   -0.060,   -0.060,    0.000,    0.000,
    0.090,   -0.210,    0.000,    0.000,
    0.140,    0.390,    0.000,    0.000,
    0.110,   -0.050,    0.000,    0.000,
   -0.130,   -0.060,    0.000,    0.000,
    0.180,    0.090,    0.000,    0.000,
   -0.080,   -0.060,    0.000,    0.000,
    0.010,    0.030,    0.000,    0.000,
    0.010,    0.000,    0.000,    0.000,
   -0.010,   -0.010,    0.000,    0.000,
    0.000,    0.000,    0.000,    0.000,
    0.000,    0.000,    0.000,    0.000,
    0.000,    0.000,    0.000,    0.180,
    0.010,    0.090,    0.000,    0.620,
    0.090,    0.460,    0.000,    0.720,
    0.130,    0.980,    0.000,    0.740,
   -0.070,    0.700,    0.000,    0.760,
   -0.140,    0.490,    0.000,    0.770,
    0.000,    0.740,    0.000,    0.780,
   -0.020,    0.960,    0.000,    0.780,
    0.000,    0.660,    0.000,    0.790,
    0.000,    0.670,    0.000,    0.800,
    0.080,    0.850,    0.000,    0.870,
    0.040,    0.900,    0.000,    0.930,
   -0.130,    0.840,    0.000,    1.060,
   -0.080,    1.060,    0.000,    1.100,
    0.030,    1.200,    0.000,    1.100,
    0.010,    1.020,    0.000,    1.110,
    0.030,    1.120,    0.000,    1.100,
    0.020,    1.140,    0.000,    1.100,
    0.030,    1.060,    0.000,    1.100,
    0.000,    1.110,    0.000,    1.100,
    0.080,    1.100,    0.000,    1.100,
    0.010,    1.110,    0.000,    1.100,
    0.000,    1.110,    0.000,    1.090,
    0.000,    1.080,    0.000,    1.080,
    0.020,    1.090,    0.000,    1.080,
    0.010,    1.100,    0.000,    1.070,
    0.000,    1.070,    0.000,    1.070,
    0.000,    1.090,    0.000,    1.060,
    0.000,    1.060,    0.000,    1.060,
    0.030,    1.080,    0.000,    1.060,
   -0.020,    1.070,    0.000,    1.060,
    0.020,    1.080,    0.000,    1.060,
    0.010,    1.070,    0.000,    1.050,
    0.000,    1.050,    0.000,    1.050,
    0.000,    1.050,    0.000,    1.040,
   -0.010,    1.050,    0.000,    1.040,
   -0.010,    1.050,    0.000,    1.040,
    0.000,    1.030,    0.000,    1.040,
    0.000,    1.050,    0.000,    1.020,
    0.000,    1.020,    0.000,    1.020,
    0.020,    1.040,    0.000,    1.020,
    0.000,    1.010,    0.000,    1.020,
    0.000,    1.030,    0.000,    1.000,
    0.010,    1.030,    0.000,    1.010,
   -0.070,    1.020,    0.000,    0.990,
   -0.100,    1.020,    0.000,    0.970,
    0.000,    0.990,    0.000,    0.970,
    0.000,    0.940,    0.000,    0.930,
    0.020,    0.970,    0.000,    0.930,
    0.000,    0.930,    0.000,    0.930,
   -0.010,    0.940,    0.000,    0.910,
    0.020,    0.900,    0.000,    0.850,
    0.010,    0.840,    0.000,    0.560,
   -0.220,    0.390,    0.000,    0.330,
    0.120,    0.360,    0.000,    0.000,
   -0.060,   -0.090,    0.000,    0.000,
    0.020,    0.060,    0.000,    0.000,
   -0.100,   -0.090,    0.000,    0.000,
    0.090,    0.070,    0.000,    0.000,
   -0.070,   -0.040,    0.000,    0.000,
    0.020,    0.010,    0.000,    0.000,
    0.000,    0.000,    0.000,    0.000,
    0.000,    0.000,    0.000,    0.000,
    0.000,    0.000,    0.000,    0.000,
    0.000,   -0.010,    0.000,    0.000,
    0.000,   -0.010,    0.000,    0.000,
    0.000,   -0.010,    0.000,    0.000,
   -0.010,    0.000,    0.000,    0.000,
    0.000,    0.000,    0.000,    0.000,
    0.000,    0.000,    0.000,    0.000,
    0.000,    0.000,    0.000,    0.000,
    0.000,    0.000,    0.000,    0.000,
    0.000,    0.000,    0.000,    0.000,
    0.000,    0.000,    0.000,    0.000,
    0.000,    0.000,    0.000,    0.000,
    0.000,    0.000,    0.000,    0.000,
    0.000,    0.000,    0.000,    0.000,
    0.000,    0.000,    0.000,    0.150,
    0.010,    0.090,    0.000,    0.210,
    0.010,    0.190,    0.000,    0.210,
    0.000,    0.160,    0.000,    0.200,
    0.000,    0.180,    0.000,    0.200,
    0.000,    0.160,    0.000,    0.200,
   -0.020,    0.150,    0.000,    0.200,
    0.000,    0.150,    0.000,    0.200,
    0.000,    0.170,    0.000,    0.200,
    0.010,    0.150,    0.000,    0.200,
   -0.010,    0.160,    0.000,    0.200,
    0.000,    0.140,    0.000,    0.200,
    0.000,    0.160,    0.000,    0.200,
    0.000,    0.150,    0.000,    0.200,
   -0.010,    0.150,    0.000,    0.210,
    0.030,    0.180,    0.000,    0.200,
   -0.010,    0.170,    0.000,    0.200,
   -0.020,    0.150,    0.000,    0.210,
    0.000,    0.160,    0.000,    0.200,
   -0.030,    0.140,    0.000,    0.200,
    0.000,    0.180,    0.000,    0.200,
   -0.020,    0.140,    0.000,    0.200,
    0.000,    0.150,    0.000,    0.200,
    0.000,    0.150,    0.000,    0.200,
    0.010,    0.160,    0.000,    0.200,
    0.000,    0.150,    0.000,    0.200,
    0.000,    0.150,    0.000,    0.200,
    0.010,    0.160,    0.000,    0.200,
   -0.020,    0.160,    0.000,    0.200,
    0.000,    0.170,    0.000,    0.200,
   -0.020,    0.150,    0.000,    0.210,
    0.000,    0.160,    0.000,    0.200,
   -0.020,    0.140,    0.000,    0.200,
    0.010,    0.190,    0.000,    0.210,
   -0.020,    0.140,    0.000,    0.210,
   -0.010,    0.180,    0.000,    0.200,
    0.010,    0.160,    0.000,    0.200,
   -0.010,    0.160,    0.000,    0.200,
    0.010,    0.150,    0.000,    0.200,
    0.000,    0.160,    0.000,    0.200,
    0.020,    0.150,    0.000,    0.200,
    0.000,    0.140,    0.000,    0.200,
    0.010,    0.160,    0.000,    0.200,
   -0.010,    0.160,    0.000,    0.200,
    0.000,    0.140,    0.000,    0.200,
   -0.010,    0.150,    0.000,    0.200,
    0.000,    0.130,    0.000,    0.200,
   -0.020,    0.140,    0.000,    0.200,
   -0.010,    0.150,    0.000,    0.000,
   -0.060,   -0.020,    0.000,    0.000,
    0.020,   -0.010,    0.000,    0.000,
   -0.010,    0.000,    0.000,    0.000,
    0.000,    0.000,    0.000,    0.000,
    0.000,    0.000,    0.000,    0.000,
    0.000,    0.000,    0.000,    0.000,
    0.000,    0.000,    0.000,    0.000,
