    0.000,    0.020,    0.000,    0.000,
    0.000,    0.020,    0.000,    0.000,
    0.000,    0.020,    0.000,    0.000,
    0.000,    0.020,    0.000,    0.000,
    0.000,    0.020,    0.000,    0.000,
    0.000,    0.020,   -0.170,    0.000,
   -0.020,   -0.050,   -0.180,    0.000,
   -0.010,    0.090,   -0.190,    0.000,
    0.000,   -0.040,   -0.190,    0.000,
    0.000,    0.020,   -0.190,    0.000,
    0.000,    0.030,   -0.200,    0.000,
    0.000,   -0.030,   -0.200,    0.000,
   -0.010,    0.000,   -0.200,    0.000,
   -0.010,    0.070,   -0.200,    0.000,
   -0.010,   -0.040,   -0.200,    0.000,
   -0.020,   -0.040,   -0.200,    0.000,
   -0.020,   -0.010,   -0.200,    0.000,
   -0.020,   -0.120,   -0.200,    0.000,
   -0.030,   -0.160,   -0.210,    0.650,
   -0.040,    0.790,   -0.210,    0.650,
   -0.060,    0.820,   -0.210,    0.750,
   -0.060,    0.350,   -0.210,    1.040,
   -0.080,    1.130,   -0.250,    2.390,
   -0.110,    2.460,   -0.290,    2.970,
   -0.160,    4.060,   -0.310,    2.940,
   -0.170,    2.840,   -0.300,    2.140,
   -0.180,    1.310,   -0.310,    0.780,
   -0.200,    0.190,   -0.300,    0.000,
   -0.180,   -0.720,   -0.300,    0.000,
   -0.190,    0.010,   -0.300,    0.000,
   -0.190,    0.480,   -0.300,    0.000,
   -0.160,   -0.480,   -0.300,    0.000,
   -0.190,   -0.120,   -0.300,    0.000,
   -0.160,    0.200,   -0.300,    0.000,
   -0.180,   -0.220,   -0.300,    0.000,
   -0.160,   -0.260,   -0.310,    0.000,
   -0.150,    0.150,   -0.390,    0.000,
   -0.170,   -0.350,   -0.470,    0.000,
   -0.240,   -0.260,   -0.570,    0.000,
   -0.290,   -0.010,   -0.710,    0.000,
   -0.410,   -0.110,   -0.710,    0.000,
   -0.490,   -0.220,   -0.760,    0.000,
   -0.560,    0.010,   -0.780,    0.000,
   -0.620,    0.030,   -0.780,    0.000,
   -0.670,   -0.170,   -0.810,    0.000,
   -0.680,   -0.090,   -0.890,    0.000,
   -0.750,   -0.080,   -0.980,    0.000,
   -0.830,   -0.180,   -1.180,    0.000,
   -0.980,   -0.100,   -1.420,    0.000,
   -1.170,    0.080,   -1.580,    0.000,
   -1.370,    0.200,   -1.590,    0.000,
   -1.460,    0.130,   -1.600,    0.000,
   -1.520,    0.010,   -1.600,    0.000,
   -1.550,   -0.030,   -1.590,    0.000,
   -1.600,   -0.200,   -1.590,    0.000,
   -1.610,   -0.230,   -1.590,    0.000,
   -1.640,   -0.200,   -1.590,    0.000,
   -1.670,   -0.040,   -1.590,    0.000,
   -1.670,   -0.220,   -1.590,    0.000,
   -1.680,   -0.340,   -1.590,    0.000,
   -1.710,   -0.090,   -1.590,    0.000,
   -1.710,   -0.020,   -1.590,    0.000,
   -1.730,   -0.200,   -1.590,    0.000,
   -1.720,   -0.190,   -1.590,    0.000,
   -1.730,   -0.020,   -1.590,    0.000,
   -1.730,   -0.010,   -1.590,    0.000,
   -1.740,   -0.130,   -1.590,    0.000,
   -1.730,   -0.120,   -1.610,    0.000,
   -1.770,    0.090,   -1.610,    0.000,
   -1.760,   -0.030,   -1.610,    0.000,
   -1.740,   -0.260,   -1.610,    0.000,
   -1.780,   -0.120,   -1.620,    0.000,
   -1.770,   -0.130,   -1.620,    0.000,
   -1.780,   -0.100,   -1.620,    0.000,
   -1.770,   -0.030,   -1.610,    0.000,
   -1.760,   -0.210,   -1.620,    0.000,
   -1.770,   -0.120,   -1.610,    0.000,
   -1.780,    0.050,   -1.620,    0.000,
   -1.770,    0.000,   -1.620,    0.000,
   -1.780,   -0.180,   -1.610,    0.000,
   -1.800,   -0.060,   -1.610,    0.000,
   -1.760,   -0.080,   -1.610,    0.000,
   -1.750,   -0.170,   -1.620,    0.000,
   -1.770,   -0.050,   -1.610,    0.000,
   -1.750,   -0.130,   -1.610,    0.000,
   -1.780,   -0.250,   -1.610,    0.000,
   -1.770,   -0.090,   -1.610,    0.000,
   -1.780,   -0.070,   -1.610,    0.000,
   -1.770,   -0.090,   -1.610,    0.000,
   -1.760,   -0.290,   -1.620,    0.000,
   -1.780,    0.220,   -1.620,    0.000,
   -1.790,   -0.090,   -1.620,    0.000,
   -1.780,   -0.310,   -1.620,    0.000,
   -1.780,   -0.130,   -1.610,    0.000,
   -1.780,    0.070,   -1.610,    0.000,
   -1.760,   -0.190,   -1.610,    0.000,
   -1.770,   -0.080,   -1.610,    0.000,
   -1.770,   -0.100,   -1.610,    0.000,
   -1.770,   -0.130,   -1.610,    0.000,
   -1.790,    0.000,   -1.610,    0.000,
   -1.760,   -0.200,   -1.610,    0.000,
   -1.770,   -0.150,   -1.610,    0.000,
   -1.780,    0.020,   -1.610,    0.000,
   -1.770,   -0.160,   -1.610,    0.000,
   -1.800,   -0.250,   -1.380,    0.000,
   -1.700,   -0.120,   -1.320,    0.000,
   -1.610,   -0.010,   -1.310,    0.000,
   -1.580,   -0.160,   -1.290,    0.000,
   -1.550,   -0.020,   -1.100,    0.000,
   -1.430,   -0.060,   -0.260,    0.000,
   -1.260,   -0.200,   -0.240,    0.000,
   -0.860,   -0.150,   -0.210,    0.000,
   -0.700,    0.270,   -0.180,    0.000,
   -0.600,    0.130,   -0.150,    0.000,
   -0.500,   -0.070,    0.000,    0.000,
   -0.310,    0.220,    0.000,    0.000,
   -0.210,    0.220,    0.000,    0.000,
   -0.140,   -0.530,    0.000,    0.690,
   -0.060,    1.080,    0.000,    1.170,
   -0.020,    1.850,    0.000,    2.910,
    0.010,    2.670,    0.000,    4.650,
    0.050,    4.830,    0.000,    5.460,
    0.030,    7.340,    0.000,    6.740,
    0.010,    7.210,    0.000,    9.680,
    0.000,    7.620,    0.000,   12.560,
    0.020,   11.660,    0.000,   12.560,
    0.020,   15.730,    0.000,   12.560,
    0.030,   15.500,    0.000,   12.560,
    0.000,   12.820,    0.000,   12.560,
    0.000,   11.380,    0.000,   12.560,
    0.020,   13.010,    0.000,   12.560,
    0.020,   14.050,    0.000,   12.560,
    0.000,   13.070,    0.000,   12.560,
   -0.010,   12.480,    0.000,   12.560,
   -0.010,   13.130,    0.000,   12.560,
    0.010,   13.160,    0.000,   12.560,
   -0.010,   12.990,    0.000,   12.560,
   -0.010,   13.010,    0.000,   12.560,
    0.000,   13.050,    0.000,   12.560,
    0.020,   12.830,    0.000,   12.560,
    0.030,   12.910,    0.000,   12.560,
    0.000,   13.020,    0.000,   12.560,
    0.020,   13.080,    0.000,   12.560,
    0.020,   12.850,    0.000,   12.290,
    0.000,   12.740,    0.000,    4.360,
   -0.020,    5.230,    0.000,    0.000,
   -0.040,   -2.750,    0.000,    0.000,
    0.040,   -3.840,    0.000,    0.000,
    0.080,    1.310,    0.000,    0.000,
   -0.030,    2.510,    0.000,    0.000,
    0.000,   -1.680,    0.000,    0.000,
    0.000,   -1.250,    0.000,    0.000,
    0.010,    1.770,    0.000,   -0.690,
    0.000,   -1.690,    0.000,   -4.660,
   -0.020,   -5.040,    0.000,   -7.150,
   -0.020,   -9.200,    0.000,  -10.250,
   -0.030,  -11.620,    0.000,  -12.560,
   -0.020,  -13.390,    0.000,  -12.560,
   -0.020,  -13.970,    0.000,  -12.560,
   -0.010,  -12.960,    0.000,  -12.560,
   -0.010,  -12.360,    0.000,  -12.560,
    0.000,  -13.040,    0.000,  -12.560,
   -0.010,  -13.310,    0.000,  -12.560,
   -0.010,  -12.970,    0.000,  -12.560,
   -0.030,  -12.790,    0.000,  -12.560,
   -0.020,  -12.960,    0.000,  -12.560,
   -0.020,  -12.970,    0.000,  -12.560,
   -0.040,  -12.960,    0.000,  -12.560,
   -0.030,  -12.860,    0.000,  -12.070,
    0.000,  -12.630,    0.000,   -7.440,
    0.010,   -5.750,    0.000,   -5.030,
    0.000,   -1.250,    0.000,    0.000,
    0.010,    0.870,    0.000,    0.000,
    0.000,    0.230,    0.000,    0.000,
    0.000,   -0.580,    0.000,    0.000,
    0.000,    0.440,    0.000,    0.000,
    0.000,   -0.040,    0.000,    0.000,
    0.000,    0.000,    0.000,    0.000,
    0.000,    0.020,    0.000,    0.000,
    0.000,    0.020,    0.000,    0.000,
    0.000,    0.010,    0.000,    0.000,
    0.000,    0.030,    0.000,    0.000,
    0.000,    0.020,    0.000,    0.000,
    0.000,    0.020,    0.000,    0.000,
    0.000,    0.020,    0.000,    0.000,
    0.000,    0.020,    0.000,    0.000,
    0.000,    0.020,    0.000,    0.000,
    0.000,    0.020,    0.000,    0.000,
    0.000,    0.020,    0.450,    0.000,
    0.080,    0.150,    0.860,    0.000,
    0.320,    0.710,    0.890,    0.000,
    0.530,    0.470,    0.890,    0.000,
    0.590,   -0.140,    0.890,    0.000,
    0.640,   -0.140,    0.860,    0.000,
    0.680,    0.580,    0.720,    0.000,
    0.680,    0.110,    0.610,    0.000,
    0.640,   -0.210,    0.370,    0.000,
    0.560,   -0.040,    0.170,    0.000,
    0.440,    0.090,    0.000,    0.000,
    0.270,    0.200,    0.000,    0.000,
    0.150,   -0.020,    0.000,    0.000,
    0.060,   -0.030,   -0.150,    0.000,
   -0.050,    0.000,   -0.170,    0.000,
   -0.090,   -0.170,   -0.220,    0.000,
   -0.160,    0.090,   -0.270,    0.000,
   -0.190,    0.010,   -0.420,    0.000,
   -0.300,   -0.180,   -0.650,    0.000,
   -0.560,   -0.620,   -0.920,    0.000,
   -0.860,   -0.090,   -0.930,    0.000,
   -0.990,    0.160,   -0.920,    0.000,
   -0.970,    0.450,   -0.920,    0.000,
   -0.970,    0.140,   -0.920,    0.000,
   -0.930,    1.000,   -0.920,    0.000,
   -1.040,    0.260,   -0.920,    0.000,
   -1.030,   -0.490,   -0.920,    0.000,
   -1.020,   -0.490,   -0.920,    0.000,
   -0.930,    1.100,   -0.920,    0.000,
   -0.860,    2.340,   -0.870,    0.000,
   -0.810,    2.480,   -0.840,    0.000,
   -0.840,    0.770,   -0.820,    0.000,
   -0.840,    0.290,   -0.820,    0.000,
   -0.820,    1.170,   -0.820,    0.000,
   -0.870,    0.710,   -0.820,    0.000,
   -0.890,    0.270,   -0.820,    0.000,
   -0.970,   -0.140,   -0.710,    0.000,
   -0.900,   -0.130,   -0.590,    0.000,
   -0.880,   -0.050,   -0.540,    0.000,
   -0.810,    0.000,   -0.490,    0.000,
   -0.730,    0.000,   -0.490,    0.000,
   -0.690,   -0.010,   -0.500,    0.000,
   -0.660,   -0.010,   -0.500,    0.000,
   -0.630,   -0.040,   -0.500,    0.000,
   -0.600,    0.000,   -0.500,    0.000,
   -0.600,   -0.040,   -0.510,    0.000,
   -0.620,   -0.060,   -0.540,    0.000,
   -0.640,    0.120,   -0.550,    0.000,
   -0.700,    0.350,   -0.550,    0.000,
   -0.650,    0.220,   -0.560,    0.000,
   -0.650,    0.360,   -0.560,    0.000,
   -0.650,    0.310,   -0.560,    0.000,
   -0.690,   -0.210,   -0.560,    0.000,
   -0.660,   -0.130,   -0.560,    0.000,
   -0.730,   -0.120,   -0.560,    0.000,
   -0.670,    0.080,   -0.560,    0.000,
   -0.660,    0.160,   -0.560,    0.000,
   -0.650,    0.240,   -0.560,    0.000,
   -0.650,    0.070,   -0.560,    0.000,
   -0.660,   -0.200,   -0.560,    0.000,
   -0.630,   -0.350,   -0.560,    0.000,
   -0.660,   -0.300,   -0.560,    0.000,
   -0.630,    0.120,   -0.560,    0.000,
   -0.700,   -0.320,   -0.560,    0.000,
   -0.660,   -0.200,   -0.560,    0.000,
   -0.700,    0.020,   -0.560,    0.000,
   -0.710,   -0.350,   -0.560,    0.000,
   -0.690,   -0.260,   -0.550,    0.000,
   -0.660,    0.160,   -0.550,    0.000,
   -0.670,    0.260,   -0.550,    0.000,
   -0.680,   -0.230,   -0.540,    0.000,
   -0.740,   -0.690,   -0.490,    0.000,
   -0.630,    0.220,   -0.460,    0.000,
   -0.550,    0.520,   -0.440,    0.000,
   -0.530,   -0.120,   -0.300,    0.000,
   -0.560,   -0.920,   -0.300,    0.000,
   -0.520,   -0.420,   -0.290,    0.000,
   -0.450,    0.040,   -0.300,    0.000,
   -0.420,    0.130,   -0.300,    0.000,
   -0.440,   -0.290,   -0.300,    0.000,
   -0.450,   -0.420,   -0.300,    0.000,
   -0.420,   -0.620,   -0.300,    0.000,
   -0.470,   -0.470,   -0.300,    0.000,
   -0.400,    0.420,   -0.300,    0.000,
   -0.400,   -0.140,   -0.300,    0.000,
   -0.390,   -0.440,   -0.300,    0.000,
   -0.450,   -0.130,   -0.300,    0.000,
   -0.450,   -0.570,   -0.300,    0.000,
   -0.410,   -0.140,   -0.300,    0.000,
   -0.410,    0.110,   -0.300,    0.000,
   -0.390,   -0.080,   -0.300,    0.000,
   -0.380,   -0.100,   -0.300,    0.000,
   -0.370,   -0.240,   -0.280,    0.000,
   -0.420,   -0.250,   -0.280,    0.000,
   -0.420,   -0.120,   -0.270,    0.000,
   -0.420,   -0.030,   -0.250,    0.000,
   -0.400,   -0.180,   -0.230,    0.000,
   -0.420,   -0.080,   -0.170,    0.000,
   -0.460,   -0.210,    0.000,    0.000,
   -0.270,    0.130,    0.000,    0.000,
   -0.210,    0.250,    0.000,    0.000,
   -0.150,   -0.210,    0.000,    0.000,
   -0.100,   -0.170,    0.000,    0.000,
   -0.060,    0.010,    0.000,    0.000,
   -0.020,    0.040,    0.000,    0.000,
    0.000,   -0.020,    0.000,    0.000,
    0.000,   -0.010,    0.000,    0.000,
    0.000,   -0.030,    0.000,    0.000,
    0.000,   -0.020,    0.590,    0.000,
    0.080,    0.290,    0.790,    0.000,
    0.370,    1.450,    0.820,    0.000,
    0.580,    0.580,    0.870,    0.000,
    0.630,   -0.320,    0.870,    0.000,
    0.670,    0.380,    0.910,    0.000,
    0.680,    0.410,    0.920,    0.000,
    0.740,   -0.330,    0.980,    0.000,
    0.820,   -0.210,    1.040,    0.000,
    0.930,    0.150,    1.300,    0.000,
    1.060,   -0.230,    1.360,    0.000,
    1.230,   -0.640,    1.500,    0.000,
    1.290,   -0.050,    1.540,    0.000,
    1.380,    0.470,    1.540,    0.000,
    1.450,    0.000,    1.620,    0.000,
    1.530,    0.020,    1.710,    0.000,
    1.630,    0.380,    1.860,    0.000,
    1.770,    0.450,    1.960,    0.000,
    1.880,    0.460,    1.970,    0.000,
    1.940,    0.350,    1.970,    0.000,
    1.960,    0.140,    1.970,    0.000,
    2.010,    0.390,    1.980,    0.000,
    2.080,    0.390,    1.970,    0.000,
    2.080,    0.410,    1.980,    0.000,
    2.090,    0.290,    1.980,    0.000,
    2.100,    0.140,    1.980,    0.000,
    2.130,    0.220,    1.980,    0.000,
    2.140,   -0.090,    1.980,    0.000,
    2.150,    0.020,    1.980,    0.000,
    2.200,   -0.170,    1.980,    0.000,
    2.170,    0.290,    1.960,    0.000,
    2.180,    0.250,    1.900,    0.000,
    2.180,    0.450,    1.690,    0.000,
    2.070,    0.080,    1.500,    0.000,
    1.930,   -0.080,    1.480,    0.000,
    1.890,    0.050,    1.480,    0.000,
    1.860,    0.130,    1.470,    0.000,
    1.800,    0.070,    1.450,    0.000,
    1.770,    0.150,    1.360,    0.000,
    1.700,    0.010,    1.100,    0.000,
    1.570,    0.000,    0.830,    0.000,
    1.400,    0.100,    0.470,    0.000,
    1.130,    0.130,    0.000,    0.000,
    0.590,   -0.220,    0.000,    0.000,
    0.410,    0.210,    0.000,    0.000,
    0.320,    0.570,    0.000,    0.000,
    0.300,   -0.430,    0.000,    0.000,
    0.220,   -0.240,    0.000,    0.000,
    0.150,    0.290,    0.000,    0.000,
    0.050,   -0.010,    0.000,    0.000,
    0.000,    0.100,    0.000,    0.000,
    0.000,   -0.030,   -0.180,    0.000,
   -0.040,   -0.120,   -0.220,    0.000,
   -0.050,   -0.180,   -0.250,    0.000,
   -0.060,    0.120,   -0.940,    0.000,
   -0.220,    0.430,   -1.420,    0.000,
   -0.740,    0.140,   -1.750,    0.000,
   -1.270,    0.700,   -2.100,    0.000,
   -1.710,    1.060,   -2.190,    0.000,
   -1.980,    1.370,   -2.190,    0.000,
   -2.020,    2.270,   -2.200,    0.000,
   -2.040,    1.820,   -2.200,    0.000,
   -2.150,    1.580,   -2.190,    0.000,
   -2.140,    0.630,   -2.190,    0.000,
   -2.120,    0.150,   -2.200,    0.000,
   -2.170,    0.390,   -2.190,    0.000,
   -2.160,   -0.010,   -2.190,    0.000,
   -2.180,   -0.170,   -2.190,    0.000,
   -2.220,   -0.300,   -2.210,    0.000,
   -2.290,   -0.170,   -2.210,    0.000,
   -2.330,    0.100,   -2.210,    0.000,
   -2.310,   -0.230,   -2.230,    0.000,
   -2.380,    0.140,   -2.290,    0.000,
   -2.460,   -0.100,   -2.330,    0.000,
   -2.500,   -0.140,   -2.340,    0.000,
   -2.510,   -0.090,   -2.340,    0.000,
   -2.520,   -0.150,   -2.330,    0.000,
   -2.530,   -0.080,   -2.340,    0.000,
   -2.550,   -0.290,   -2.330,    0.000,
   -2.570,    0.080,   -2.330,    0.000,
   -2.580,   -0.070,   -2.090,    0.000,
   -2.500,   -0.220,   -1.590,    0.000,
   -2.320,   -0.320,   -1.120,    0.000,
   -2.020,   -0.040,   -0.720,    0.000,
   -1.560,    0.560,   -0.500,    0.000,
   -1.230,    0.280,   -0.290,    0.000,
   -0.940,    0.060,   -0.230,    0.000,
   -0.740,   -0.290,   -0.180,    0.000,
   -0.660,   -0.770,   -0.160,    0.000,
   -0.590,   -0.020,    0.000,    0.000,
   -0.390,    0.190,    0.000,    0.000,
   -0.320,   -0.220,    0.000,    0.000,
   -0.220,   -0.140,    0.000,    0.000,
   -0.130,    0.430,    0.000,    0.000,
   -0.060,    0.040,    0.000,    0.000,
   -0.010,    0.150,    0.000,    0.000,
    0.010,    0.130,    0.000,    0.000,
    0.000,    0.070,    0.000,    0.000,
    0.000,    0.000,    0.590,    0.000,
    0.090,    0.210,    0.630,    0.000,
    0.260,    0.460,    0.680,    0.000,
    0.350,   -0.430,    0.780,    0.000,
    0.470,    0.170,    0.820,    0.000,
    0.550,    0.910,    1.100,    0.000,
    0.770,    0.520,    1.320,    0.000,
    1.010,   -0.090,    1.400,    0.000,
    1.140,   -0.030,    1.470,    0.000,
    1.230,   -0.240,    1.600,    0.000,
    1.410,   -0.350,    1.670,    0.000,
    1.520,   -0.320,    1.670,    0.000,
    1.590,   -0.370,    1.670,    0.000,
    1.570,    0.610,    1.660,    0.000,
    1.650,    0.930,    1.660,    0.000,
    1.680,    0.000,    1.660,    0.000,
    1.710,   -0.060,    1.660,    0.000,
    1.710,    0.240,    1.660,    0.000,
    1.730,    0.240,    1.660,    0.000,
    1.780,    0.130,    1.660,    0.000,
    1.760,    0.140,    1.660,    0.000,
    1.750,    0.160,    1.660,    0.000,
    1.780,    0.210,    1.660,    0.000,
    1.780,    0.020,    1.660,    0.000,
    1.800,    0.220,    1.660,    0.000,
    1.820,    0.020,    1.660,    0.000,
    1.810,    0.200,    1.660,    0.000,
    1.820,    0.100,    1.660,    0.000,
    1.830,    0.210,    1.660,    0.000,
    1.820,    0.140,    1.660,    0.000,
    1.840,    0.060,    1.660,    0.000,
    1.820,    0.170,    1.660,    0.000,
    1.830,    0.300,    1.660,    0.000,
    1.780,    0.050,    1.660,    0.000,
    1.850,   -0.050,    1.660,    0.000,
    1.850,    0.150,    1.660,    0.000,
    1.830,    0.160,    1.660,    0.000,
    1.790,    0.200,    1.660,    0.000,
    1.820,    0.140,    1.660,    0.000,
    1.830,    0.110,    1.640,    0.000,
    1.810,    0.320,    1.580,    0.000,
    1.790,    0.160,    1.360,    0.000,
    1.690,   -0.010,    0.600,    0.000,
    1.520,   -0.040,    0.000,    0.000,
    0.700,   -0.890,    0.000,    0.000,
    0.440,   -0.630,    0.000,    0.000,
    0.450,    0.250,    0.000,    0.000,
    0.330,    0.030,    0.000,    0.000,
    0.270,    0.160,    0.000,    0.000,
    0.210,   -0.170,    0.000,    0.000,
    0.130,    0.060,    0.000,    0.000,
    0.050,    0.090,    0.000,    0.000,
    0.000,   -0.070,    0.000,    0.000,
    0.000,   -0.090,    0.000,    0.000,
   -0.010,   -0.060,    0.000,    0.000,
    0.000,   -0.010,   -0.150,    0.000,
   -0.020,   -0.090,   -0.150,    0.000,
   -0.070,   -0.050,   -0.150,    0.000,
   -0.070,    1.080,   -0.150,    0.000,
   -0.230,   -0.480,   -0.150,    0.000,
   -0.220,   -0.140,   -0.150,    0.000,
   -0.270,   -0.560,   -0.150,    0.000,
   -0.270,   -0.980,   -0.150,    0.000,
   -0.190,   -0.270,   -0.150,    0.000,
   -0.200,   -0.060,   -0.150,    0.000,
   -0.230,   -0.030,   -0.150,    0.000,
   -0.190,    0.790,   -0.150,    0.000,
   -0.130,    1.320,   -0.150,    0.000,
   -0.100,    1.680,   -0.150,    0.000,
   -0.140,    0.640,   -0.150,    0.000,
   -0.130,    0.640,   -0.150,    0.000,
   -0.160,    0.620,   -0.150,    0.000,
   -0.130,    1.250,   -0.150,    0.000,
   -0.160,    0.620,   -0.150,    0.000,
   -0.070,    1.330,   -0.150,    0.000,
   -0.140,    0.320,   -0.150,    0.000,
   -0.180,   -0.680,   -0.150,    0.000,
   -0.210,   -0.360,   -0.150,    0.000,
   -0.240,    0.000,   -0.150,    0.000,
   -0.230,   -0.490,   -0.150,    0.000,
   -0.170,   -0.300,   -0.150,    0.000,
   -0.200,   -0.030,   -0.150,    0.000,
   -0.200,    0.010,   -0.150,    0.000,
   -0.200,   -0.140,   -0.150,    0.000,
   -0.230,   -0.270,   -0.150,    0.000,
   -0.260,   -0.420,   -0.150,    0.000,
   -0.250,   -0.200,   -0.150,    0.000,
   -0.210,    0.170,   -0.150,    0.000,
   -0.140,    0.140,   -0.150,    0.000,
   -0.120,    0.160,   -0.150,    0.000,
   -0.150,   -0.110,   -0.150,    0.000,
   -0.180,   -0.060,   -0.150,    0.000,
   -0.190,   -0.100,   -0.150,    0.000,
   -0.190,   -0.310,   -0.150,    0.000,
   -0.210,    0.050,   -0.150,    0.000,
   -0.190,    0.010,   -0.150,    0.000,
   -0.180,   -0.140,   -0.150,    0.000,
   -0.210,   -0.300,   -0.150,    0.000,
   -0.240,   -0.290,   -0.150,    0.000,
   -0.200,    0.190,   -0.150,    0.000,
   -0.190,    0.430,   -0.150,    0.000,
   -0.150,   -0.020,   -0.150,    0.000,
   -0.250,   -0.410,   -0.150,    0.000,
   -0.260,   -0.060,   -0.150,    0.000,
   -0.240,    0.070,   -0.150,    0.000,
   -0.200,   -0.060,   -0.150,    0.000,
   -0.370,   -0.330,   -0.150,    0.000,
   -0.220,   -0.020,    0.000,    0.000,
   -0.140,   -0.010,    0.000,    0.000,
   -0.100,   -0.290,    0.000,    0.000,
   -0.060,   -0.260,    0.000,    0.000,
   -0.080,    0.390,    0.000,    0.000,
   -0.050,    0.170,    0.000,    0.000,
   -0.030,    0.250,    0.000,    0.000,
   -0.010,    0.280,    0.000,    0.000,
    0.000,    0.070,    0.000,    0.000,
    0.010,    0.030,    0.000,    0.000,
    0.010,    0.050,    0.000,    0.000,
    0.010,    0.020,    0.000,    0.000,
    0.110,   -1.430,    0.000,    0.000,
    0.070,   -0.980,    0.000,    0.000,
    0.110,   -0.620,    0.000,    0.000,
    0.050,   -0.210,    0.000,    0.000,
    0.000,   -0.200,    0.000,    0.000,
    0.020,    0.510,    0.000,    0.000,
    0.020,    0.010,    0.000,    0.000,
    0.040,   -0.210,    0.000,    0.000,
    0.000,    0.270,    0.000,    0.000,
    0.000,    0.080,    0.000,    0.000,
   -0.010,    0.180,    0.170,    0.000,
    0.110,    0.250,    0.280,    0.000,
    0.240,    0.470,    0.320,    0.000,
    0.310,    0.190,    0.340,    0.000,
    0.320,    0.480,    0.410,    0.000,
    0.400,    0.220,    0.440,    0.000,
    0.440,    0.500,    0.520,    0.000,
    0.520,    0.420,    0.560,    0.000,
    0.550,    0.550,    0.580,    0.000,
    0.560,    0.940,    0.580,    0.000,
    0.640,    0.880,    0.600,    0.000,
    0.640,    0.070,    0.590,    0.000,
    0.600,    0.560,    0.590,    0.000,
    0.530,    0.930,    0.600,    0.000,
    0.620,    0.740,    0.600,    0.000,
    0.690,   -0.100,    0.590,    0.000,
    0.620,    0.280,    0.590,    0.000,
    0.670,    0.210,    0.590,    0.000,
    0.670,    0.310,    0.590,    0.000,
    0.690,    0.390,    0.590,    0.000,
    0.670,    0.450,    0.580,    0.000,
    0.730,    0.080,    0.580,    0.000,
    0.720,   -0.220,    0.580,    0.000,
    0.710,    0.050,    0.540,    0.000,
    0.690,    0.170,    0.410,    0.000,
    0.650,    0.030,    0.300,    0.000,
    0.560,   -0.230,    0.000,    0.000,
    0.380,    0.010,    0.000,    0.000,
    0.300,    0.180,    0.000,    0.000,
    0.220,    0.100,    0.000,    0.000,
    0.210,    0.000,    0.000,    0.000,
    0.160,   -0.190,    0.000,    0.000,
    0.110,    0.090,    0.000,    0.000,
    0.080,    0.290,    0.000,    0.000,
    0.060,    0.000,    0.000,    0.000,
    0.030,    0.060,    0.000,    0.000,
    0.000,    0.050,    0.000,    0.000,
    0.000,   -0.010,    0.000,    0.000,
    0.000,    0.040,    0.000,    0.000,
    0.000,    0.020,    0.000,    0.000,
    0.000,    0.010,    0.000,    0.000,
    0.000,    0.020,    0.000,    0.000,
    0.000,    0.010,    0.000,    0.000,
    0.000,    0.020,    0.000,    0.000,
    0.000,    0.020,    0.000,    0.000,
    0.000,    0.020,    0.000,    0.000,
    0.000,    0.020,    0.000,    0.000,
    0.000,    0.020,    0.000,    0.000,
    0.000,    0.020,    0.000,    0.000,
    0.000,    0.020,    0.000,    0.000,
    0.000,    0.020,    0.000,    0.000,
    0.000,    0.020,    0.000,    0.000,
    0.000,    0.020,    0.000,   -0.910,
    0.000,   -0.590,    0.000,   -1.610,
   -0.010,   -1.920,    0.000,   -2.060,
   -0.010,   -2.420,    0.000,   -2.860,
    0.000,   -2.530,    0.000,   -3.240,
   -0.010,   -3.310,    0.000,   -3.240,
   -0.010,   -3.190,    0.000,   -3.240,
   -0.030,   -2.580,    0.000,   -3.210,
   -0.020,   -2.740,    0.000,   -3.210,
   -0.020,   -3.090,    0.000,   -3.210,
    0.000,   -2.840,    0.000,   -3.210,
    0.000,   -2.820,    0.000,   -3.210,
    0.000,   -3.090,    0.000,   -3.210,
    0.000,   -3.110,    0.000,   -3.160,
    0.010,   -3.090,    0.000,   -1.690,
    0.000,   -1.180,    0.000,    0.000,
    0.000,    0.890,    0.000,    0.000,
    0.010,    1.550,    0.000,    0.000,
    0.160,   -0.460,    0.000,    0.000,
    0.130,   -2.060,    0.000,    0.000,
    0.150,   -3.130,    0.000,    0.000,
    0.120,   -3.690,    0.000,    0.000,
    0.120,   -2.800,    0.000,    0.000,
    0.070,   -1.860,    0.000,    0.000,
    0.160,   -2.120,    0.000,    0.000,
    0.130,   -2.270,    0.000,    0.000,
    0.170,   -2.030,    0.000,    0.000,
    0.180,   -1.320,    0.000,    0.000,
    0.170,   -0.160,    0.000,    0.000,
    0.120,    1.180,    0.000,    0.000,
   -0.010,    0.470,    0.000,    0.000,
   -0.020,   -0.300,    0.000,    0.000,
    0.010,   -0.270,    0.000,    0.000,
    0.010,    0.350,    0.000,    0.000,
    0.000,    0.070,    0.000,    0.000,
   -0.040,   -0.070,    0.000,    0.000,
   -0.050,    0.110,    0.000,    0.000,
   -0.040,    0.160,    0.000,    0.000,
   -0.030,    0.030,    0.000,    0.000,
   -0.010,    0.260,    0.000,    0.000,
    0.000,    0.420,    0.000,    0.000,
    0.000,    0.000,    0.000,    0.000,
    0.010,   -0.180,    0.000,    0.000,
    0.010,    0.320,    0.000,    0.000,
    0.040,    0.000,    0.000,    0.000,
    0.030,   -0.110,    0.000,    0.000,
    0.030,   -0.050,    0.000,    0.000,
    0.050,    0.220,    0.000,    0.000,
    0.000,    0.370,    0.000,    0.000,
    0.040,   -0.150,    0.000,    0.000,
    0.020,   -0.290,    0.000,    0.000,
    0.000,    0.450,    0.000,    0.000,
    0.030,    0.260,    0.000,    0.000,
    0.010,    0.110,    0.000,    0.000,
    0.070,   -0.450,    0.000,    0.000,
    0.060,   -0.810,    0.000,    0.000,
   -0.010,    0.340,    0.000,    0.000,
    0.000,    0.500,    0.000,    0.000,
    0.040,   -0.100,    0.000,    0.000,
    0.070,   -0.460,    0.000,    0.000,
    0.150,   -0.800,    0.000,    0.000,
    0.060,   -0.130,    0.000,    0.000,
    0.070,   -0.150,    0.000,    0.000,
    0.070,   -0.140,    0.000,    0.000,
    0.070,    0.080,    0.000,    0.000,
    0.060,    0.070,    0.000,    0.000,
    0.130,   -0.490,    0.000,    0.000,
    0.080,   -0.190,    0.000,    0.000,
   -0.090,    0.860,    0.000,    0.000,
   -0.170,    1.810,    0.000,    0.000,
   -0.120,    1.830,    0.000,    0.000,
   -0.020,    0.120,    0.000,    0.000,
    0.030,   -1.090,    0.000,    0.000,
    0.150,   -0.790,    0.000,    0.000,
    0.180,   -0.400,    0.000,    0.000,
    0.140,    0.150,    0.000,    0.000,
   -0.010,    0.460,    0.000,    0.000,
   -0.020,    0.400,    0.000,    0.000,
    0.000,    0.160,    0.000,    0.000,
    0.010,    0.110,    0.000,    0.000,
    0.040,   -0.010,    0.000,    0.000,
    0.060,   -0.280,    0.000,    0.000,
   -0.020,    0.200,    0.000,    0.000,
    0.010,    0.490,    0.000,    0.000,
    0.010,    0.160,    0.000,    0.000,
    0.000,   -0.130,    0.000,    0.000,
    0.000,    0.030,    0.000,    0.000,
    0.000,    0.340,    0.000,    0.000,
    0.000,    0.340,    0.000,    0.000,
    0.000,   -0.070,    0.000,    0.000,
    0.010,   -0.050,    0.000,    0.000,
    0.010,    0.100,    0.000,    0.000,
   -0.030,    0.130,    0.000,    0.000,
   -0.040,   -0.130,    0.000,    0.000,
   -0.050,    0.060,    0.000,    0.000,
   -0.080,   -0.170,    0.000,    0.000,
   -0.080,   -0.160,    0.000,    0.000,
   -0.040,    0.230,    0.000,    0.000,
   -0.050,    0.190,    0.000,    0.000,
   -0.040,    0.030,    0.000,    0.000,
   -0.030,   -0.080,    0.000,    0.000,
   -0.020,   -0.180,    0.210,    0.000,
    0.010,    0.230,    0.550,    0.000,
    0.130,    0.580,    0.660,    0.000,
    0.310,    0.310,    1.000,    0.000,
    0.570,    0.100,    1.110,    0.000,
    0.840,    0.720,    1.370,    0.000,
    1.020,    1.190,    1.460,    0.000,
    1.180,    1.290,    1.470,    0.000,
    1.320,    1.050,    1.480,    0.000,
    1.340,    0.550,    1.480,    0.000,
    1.320,    0.110,    1.470,    0.000,
    1.360,   -0.040,    1.470,    0.000,
    1.390,   -0.050,    1.490,    0.000,
    1.420,    0.220,    1.500,    0.000,
    1.470,    0.200,    1.530,    0.000,
    1.510,   -0.010,    1.680,    0.000,
    1.610,    0.080,    1.700,    0.000,
    1.690,    0.100,    1.710,    0.000,
    1.730,    0.070,    1.720,    0.000,
    1.730,    0.230,    1.730,    0.000,
    1.800,    0.200,    1.730,    0.000,
    1.810,    0.000,    1.730,    0.000,
    1.830,    0.140,    1.750,    0.000,
    1.860,    0.060,    1.750,    0.000,
    1.860,    0.090,    1.750,    0.000,
    1.890,    0.170,    1.770,    0.000,
    1.880,    0.230,    1.840,    0.000,
    1.960,    0.020,    1.920,    0.000,
    2.020,    0.120,    2.040,    0.000,
    2.080,    0.140,    2.100,    0.000,
    2.190,    0.680,    2.140,    0.000,
    2.230,    0.260,    2.160,    0.000,
    2.270,    0.200,    2.160,    0.000,
    2.290,    0.280,    2.170,    0.000,
    2.320,    0.210,    2.160,    0.000,
    2.310,    0.090,    2.170,    0.000,
    2.350,    0.260,    2.160,    0.000,
    2.390,    0.080,    2.160,    0.000,
    2.360,    0.160,    2.160,    0.000,
    2.380,    0.260,    2.160,    0.000,
    2.400,    0.300,    2.160,    0.000,
    2.410,    0.020,    2.090,    0.000,
    2.370,    0.110,    2.070,    0.000,
    2.370,    0.240,    2.030,    0.000,
    2.340,    0.260,    1.770,    0.000,
    2.210,   -0.070,    1.690,    0.000,
    2.140,    0.110,    1.380,    0.000,
    2.010,    0.150,    1.190,    0.000,
    1.830,    0.080,    0.970,    0.000,
    1.650,    0.030,    0.340,    0.000,
    1.370,   -0.160,    0.340,    0.000,
    0.960,   -0.060,    0.000,    0.000,
    0.640,   -0.080,    0.000,    0.000,
    0.440,   -0.100,    0.000,    0.000,
    0.380,    0.340,    0.000,    0.000,
    0.300,    0.140,    0.000,    0.000,
    0.210,   -0.150,    0.000,    0.000,
    0.120,    0.100,    0.000,    0.000,
    0.060,    0.260,    0.000,    0.000,
    0.010,    0.090,   -0.230,    0.000,
   -0.050,   -0.120,   -0.340,    0.000,
   -0.100,    0.090,   -0.740,    0.000,
   -0.270,   -0.130,   -0.830,    0.000,
   -0.480,    0.070,   -1.110,    0.000,
   -0.710,    0.080,   -1.120,    0.000,
   -0.820,    0.110,   -1.330,    0.000,
   -1.000,   -0.280,   -1.670,    0.000,
   -1.270,   -0.310,   -1.670,    0.000,
   -1.470,   -0.860,   -1.710,    0.000,
   -1.520,   -0.030,   -1.720,    0.000,
   -1.570,    0.330,   -1.720,    0.000,
   -1.610,   -0.150,   -1.820,    0.000,
   -1.730,   -0.430,   -1.860,    0.000,
   -1.800,   -0.140,   -1.910,    0.000,
   -1.860,    0.000,   -2.020,    0.000,
   -1.990,   -0.150,   -2.170,    0.000,
   -2.120,   -0.640,   -2.220,    0.000,
   -2.200,   -0.630,   -2.230,    0.000,
   -2.290,    0.240,   -2.240,    0.000,
   -2.320,    0.000,   -2.240,    0.000,
   -2.380,   -0.100,   -2.260,    0.000,
   -2.430,   -0.050,   -2.260,    0.000,
   -2.430,   -0.140,   -2.260,    0.000,
   -2.440,    0.050,   -2.260,    0.000,
   -2.460,   -0.040,   -2.260,    0.000,
   -2.480,   -0.140,   -2.260,    0.000,
   -2.480,    0.010,   -2.260,    0.000,
   -2.510,   -0.190,   -2.240,    0.000,
   -2.500,   -0.210,   -2.170,    0.000,
   -2.460,   -0.100,   -2.150,    0.000,
   -2.450,   -0.230,   -2.140,    0.000,
   -2.440,   -0.040,   -2.120,    0.000,
   -2.430,    0.030,   -2.030,    0.000,
   -2.400,   -0.160,   -1.520,    0.000,
   -2.240,   -0.340,   -1.120,    0.000,
   -1.940,   -0.020,   -0.700,    0.000,
   -1.600,    0.140,   -0.350,    0.000,
   -1.100,   -0.380,   -0.220,    0.000,
   -0.840,   -0.800,   -0.180,    0.000,
   -0.720,   -0.290,   -0.180,    0.000,
   -0.530,   -0.260,   -0.150,    0.000,
   -0.510,   -0.540,    0.000,    0.000,
   -0.360,    0.200,    0.000,    0.000,
   -0.270,    0.540,    0.000,    0.000,
   -0.200,    0.000,    0.000,    0.000,
   -0.140,   -0.240,    0.000,    0.000,
   -0.100,   -0.060,    0.000,    0.000,
   -0.030,   -0.060,    0.390,    0.000,
    0.080,    0.160,    0.640,    0.000,
    0.210,    0.040,    0.910,    0.000,
    0.450,    0.250,    1.040,    0.000,
    0.700,    0.550,    1.360,    0.000,
    0.950,    1.470,    1.490,    0.000,
    1.180,    1.460,    1.580,    0.000,
    1.340,    0.630,    1.580,    0.000,
    1.380,   -0.160,    1.580,    0.000,
    1.440,    0.150,    1.580,    0.000,
    1.440,    0.450,    1.580,    0.000,
    1.490,    0.130,    1.600,    0.000,
    1.580,   -0.170,    1.600,    0.000,
    1.580,    0.030,    1.610,    0.000,
    1.610,    0.550,    1.690,    0.000,
    1.700,    0.330,    1.780,    0.000,
    1.760,   -0.080,    1.860,    0.000,
    1.840,    0.020,    1.880,    0.000,
    1.920,    0.150,    1.890,    0.000,
    1.930,    0.470,    1.890,    0.000,
    1.990,    0.370,    1.890,    0.000,
    1.970,    0.080,    1.890,    0.000,
    1.990,    0.220,    1.890,    0.000,
    2.020,    0.060,    1.890,    0.000,
    2.040,    0.140,    1.890,    0.000,
    2.060,    0.310,    1.890,    0.000,
    2.040,    0.090,    1.890,    0.000,
    2.060,    0.190,    1.900,    0.000,
    2.060,    0.010,    1.910,    0.000,
    2.090,    0.200,    1.920,    0.000,
    2.110,    0.130,    1.970,    0.000,
    2.150,    0.150,    1.970,    0.000,
    2.150,    0.180,    1.980,    0.000,
    2.150,    0.170,    1.990,    0.000,
    2.200,    0.390,    1.990,    0.000,
    2.170,    0.240,    2.010,    0.000,
    2.190,    0.120,    2.010,    0.000,
    2.210,    0.100,    2.010,    0.000,
    2.220,    0.180,    2.010,    0.000,
    2.210,    0.180,    2.010,    0.000,
    2.220,    0.140,    2.010,    0.000,
    2.240,    0.100,    2.010,    0.000,
    2.240,    0.110,    2.010,    0.000,
    2.250,    0.150,    1.990,    0.000,
    2.240,    0.000,    1.980,    0.000,
    2.250,    0.180,    1.940,    0.000,
    2.210,    0.280,    1.860,    0.000,
    2.180,    0.170,    1.380,    0.000,
    2.000,    0.100,    0.550,    0.000,
    1.760,   -0.170,    0.000,    0.000,
    0.790,   -0.540,    0.000,    0.000,
    0.560,    0.060,    0.000,    0.000,
    0.390,    0.410,    0.000,    0.000,
    0.310,    0.260,    0.000,    0.000,
    0.310,    0.430,    0.000,    0.000,
    0.310,    0.040,   -0.160,    0.000,
    0.130,    0.140,   -0.160,    0.000,
    0.040,    0.000,   -0.200,    0.000,
   -0.020,   -0.180,   -0.220,    0.000,
   -0.040,    0.290,   -0.280,    0.000,
   -0.070,    0.160,   -0.350,    0.000,
   -0.100,   -0.420,   -0.370,    0.000,
   -0.150,   -0.150,   -0.370,    0.000,
   -0.180,    0.460,   -0.370,    0.000,
   -0.200,   -0.380,   -1.120,    0.000,
   -0.420,   -0.320,   -1.810,    0.000,
   -0.930,    0.030,   -1.860,    0.000,
   -1.480,    0.340,   -1.870,    0.000,
   -1.630,    1.030,   -1.870,    0.000,
   -1.690,    1.230,   -1.890,    0.000,
   -1.790,    1.090,   -1.910,    0.000,
   -1.770,    0.000,   -2.050,    0.000,
   -1.870,   -0.730,   -2.100,    0.000,
   -1.970,   -0.500,   -2.120,    0.000,
   -2.040,   -0.220,   -2.170,    0.000,
   -2.140,   -0.340,   -2.170,    0.000,
   -2.150,   -0.200,   -2.170,    0.000,
   -2.230,   -0.050,   -2.170,    0.000,
   -2.220,   -0.120,   -2.170,    0.000,
   -2.270,   -0.160,   -2.170,    0.000,
   -2.270,   -0.160,   -2.170,    0.000,
   -2.330,   -0.200,   -2.170,    0.000,
   -2.320,   -0.230,   -2.170,    0.000,
   -2.350,   -0.220,   -2.170,    0.000,
   -2.360,   -0.060,   -2.150,    0.000,
   -2.360,    0.140,   -2.150,    0.000,
   -2.390,   -0.140,   -2.150,    0.000,
   -2.380,   -0.080,   -2.140,    0.000,
   -2.430,    0.010,   -2.140,    0.000,
   -2.450,   -0.290,   -2.130,    0.000,
   -2.430,   -0.130,   -2.120,    0.000,
   -2.450,   -0.230,   -2.120,    0.000,
   -2.420,   -0.020,   -2.120,    0.000,
   -2.470,   -0.080,   -2.120,    0.000,
   -2.410,   -0.260,   -2.120,    0.000,
   -2.420,   -0.420,   -2.110,    0.000,
   -2.380,   -0.200,   -2.110,    0.000,
   -2.420,   -0.190,   -2.090,    0.000,
   -2.390,   -0.010,   -2.080,    0.000,
   -2.380,   -0.100,   -2.070,    0.000,
   -2.390,   -0.020,   -2.010,    0.000,
   -2.340,   -0.070,   -1.880,    0.000,
   -2.300,   -0.170,   -1.750,    0.000,
   -2.200,   -0.030,   -1.720,    0.000,
   -2.150,   -0.160,   -1.490,    0.000,
   -2.020,   -0.080,   -1.260,    0.000,
   -1.890,    0.040,   -1.060,    0.000,
   -1.680,    0.370,   -0.860,    0.000,
   -1.450,    0.390,   -0.340,    0.000,
   -1.170,    0.380,   -0.230,    0.000,
   -0.750,    1.060,   -0.190,    0.000,
   -0.610,    0.800,   -0.150,    0.000,
   -0.550,    0.000,    0.000,    0.000,
   -0.320,    0.500,    0.000,    0.000,
   -0.270,    0.240,    0.000,    0.000,
   -0.220,   -0.500,    0.000,    0.000,
   -0.120,   -0.030,    0.000,    0.000,
   -0.050,   -0.030,    0.000,    0.000,
    0.000,   -0.150,    0.000,    0.000,
    0.000,    0.080,    0.000,    0.000,
    0.000,    0.020,    0.250,    0.000,
    0.030,    0.150,    0.560,    0.000,
    0.160,    0.240,    0.910,    0.000,
    0.410,    0.240,    1.010,    0.000,
    0.660,    0.190,    1.020,    0.000,
    0.720,    0.350,    1.040,    0.000,
    0.790,    0.240,    1.050,    0.000,
    0.840,    0.110,    1.060,    0.000,
    0.890,   -0.310,    1.060,    0.000,
    0.930,    0.000,    1.060,    0.000,
    0.970,    0.470,    1.080,    0.000,
    1.000,    0.150,    1.100,    0.000,
    1.030,   -0.110,    1.230,    0.000,
    1.120,    0.280,    1.380,    0.000,
    1.230,    0.090,    1.470,    0.000,
    1.330,    0.280,    1.470,    0.000,
    1.390,    0.050,    1.480,    0.000,
    1.450,    0.120,    1.490,    0.000,
    1.470,   -0.190,    1.500,    0.000,
    1.480,    0.220,    1.560,    0.000,
    1.550,    0.410,    1.630,    0.000,
    1.630,    0.010,    1.640,    0.000,
    1.660,    0.030,    1.660,    0.000,
    1.680,    0.300,    1.700,    0.000,
    1.740,    0.060,    1.710,    0.000,
    1.780,   -0.060,    1.740,    0.000,
    1.820,    0.140,    1.740,    0.000,
    1.830,    0.290,    1.770,    0.000,
    1.880,    0.170,    1.770,    0.000,
    1.890,    0.150,    1.770,    0.000,
    1.920,    0.170,    1.770,    0.000,
    1.930,    0.220,    1.770,    0.000,
    1.920,   -0.010,    1.780,    0.000,
    1.920,    0.120,    1.780,    0.000,
    1.960,    0.210,    1.770,    0.000,
    1.960,    0.260,    1.780,    0.000,
    1.970,    0.090,    1.790,    0.000,
    1.990,    0.080,    1.800,    0.000,
    1.980,    0.090,    1.830,    0.000,
    1.990,    0.240,    1.860,    0.000,
    2.070,    0.120,    1.900,    0.000,
    2.100,    0.140,    1.920,    0.000,
    2.120,    0.070,    1.930,    0.000,
    2.140,    0.120,    1.950,    0.000,
    2.160,    0.200,    1.950,    0.000,
    2.150,    0.170,    1.950,    0.000,
    2.150,    0.180,    1.950,    0.000,
    2.170,    0.030,    1.950,    0.000,
    2.170,   -0.050,    1.950,    0.000,
    2.180,    0.100,    1.840,    0.000,
    2.160,    0.320,    1.800,    0.000,
    2.100,    0.250,    1.700,    0.000,
    2.120,   -0.120,    1.600,    0.000,
    1.980,    0.000,    1.430,    0.000,
    1.930,   -0.140,    1.340,    0.000,
    1.770,   -0.240,    1.210,    0.000,
    1.580,    0.170,    0.970,    0.000,
    1.410,    0.020,    0.820,    0.000,
    1.260,   -1.280,    0.720,    0.000,
    1.190,   -2.050,    0.680,    0.000,
    1.100,   -2.040,    0.630,    0.000,
    0.990,   -1.760,    0.620,    0.000,
    0.890,   -1.640,    0.540,    0.000,
    0.830,   -1.740,    0.450,    0.000,
    0.690,   -1.640,    0.340,    0.000,
    0.550,   -1.580,    0.000,    0.000,
    0.150,   -0.070,    0.000,    0.000,
    0.000,    1.170,    0.000,    0.000,
    0.080,    0.590,    0.000,    0.000,
    0.040,    0.130,    0.000,    0.000,
    0.120,   -0.950,    0.000,    0.000,
    0.200,   -2.290,    0.000,    0.000,
    0.280,   -1.330,    0.000,    0.000,
    0.220,   -0.390,    0.000,    0.000,
    0.170,   -0.590,    0.000,    0.000,
    0.130,   -0.230,   -0.150,    0.000,
   -0.030,    0.070,   -0.170,    0.000,
   -0.060,   -0.250,   -0.180,    0.000,
   -0.100,   -0.250,   -0.210,    0.000,
   -0.170,    0.090,   -0.230,    0.000,
   -0.160,    0.120,   -0.270,    0.000,
   -0.190,   -0.720,   -0.290,    0.000,
   -0.240,   -0.190,   -0.440,    0.000,
   -0.310,    0.400,   -0.610,    0.000,
   -0.490,   -0.160,   -0.770,    0.000,
   -0.600,   -0.310,   -0.900,    0.000,
   -0.730,    0.220,   -1.020,    0.000,
   -0.840,    0.180,   -1.150,    0.000,
   -0.970,   -0.180,   -1.400,    0.000,
   -1.150,   -0.240,   -1.540,    0.000,
   -1.290,   -0.010,   -1.640,    0.000,
   -1.450,    0.020,   -1.820,    0.000,
   -1.630,    0.140,   -1.960,    0.000,
   -1.800,   -0.040,   -2.130,    0.000,
   -1.990,    0.720,   -2.220,    0.000,
   -2.090,    0.380,   -2.220,    0.000,
   -2.180,   -0.650,   -2.230,    0.000,
   -2.230,   -1.110,   -2.190,    0.000,
   -2.280,   -0.100,   -1.910,    0.000,
   -2.270,    0.050,   -1.790,    0.000,
   -2.070,    0.220,   -1.740,    0.000,
   -2.000,   -0.450,   -1.490,    0.000,
   -1.900,   -0.470,   -1.430,    0.000,
   -1.840,   -0.050,   -1.420,    0.000,
   -1.760,    0.010,   -1.070,    0.000,
   -1.590,   -0.090,   -0.670,    0.000,
   -1.360,   -0.110,   -0.470,    0.000,
   -1.060,    0.140,   -0.230,    0.000,
   -0.800,    0.630,   -0.200,    0.000,
   -0.610,   -0.090,   -0.180,    0.000,
   -0.520,   -0.880,   -0.170,    0.000,
   -0.460,    0.560,   -0.160,    0.000,
   -0.390,    0.760,   -0.150,    0.000,
   -0.300,   -0.510,   -0.150,    0.000,
   -0.230,   -0.620,   -0.150,    0.000,
   -0.170,    0.270,   -0.150,    0.000,
   -0.150,    0.280,   -0.160,    0.000,
   -0.120,   -0.160,   -0.180,    0.000,
   -0.120,   -0.180,   -0.180,    0.000,
   -0.070,   -0.450,   -0.180,    0.000,
   -0.170,    0.100,   -0.190,    0.000,
   -0.160,   -0.050,   -0.190,    0.000,
   -0.270,    1.220,   -0.190,    0.000,
   -0.270,    1.140,   -0.190,    0.000,
   -0.240,    0.270,   -0.190,    0.000,
   -0.260,    0.300,   -0.190,    0.000,
   -0.160,   -0.610,   -0.190,    0.000,
   -0.140,   -0.530,   -0.190,    0.000,
   -0.110,   -0.990,   -0.190,    0.000,
   -0.090,   -1.670,   -0.190,    0.000,
   -0.040,   -1.680,   -0.190,    0.000,
   -0.060,   -1.490,   -0.190,    0.000,
   -0.080,   -0.970,   -0.190,    0.000,
   -0.110,   -0.980,   -0.190,    0.000,
   -0.130,   -0.450,   -0.190,    0.000,
   -0.190,    0.000,   -0.190,    0.000,
   -0.170,   -0.430,   -0.190,    0.000,
   -0.180,   -0.550,   -0.190,    0.000,
   -0.160,   -0.030,   -0.200,    0.000,
   -0.160,   -0.130,   -0.200,    0.000,
   -0.160,   -0.520,   -0.200,    0.000,
   -0.190,   -0.150,   -0.200,    0.000,
   -0.180,   -0.070,   -0.200,    0.000,
   -0.180,   -0.120,   -0.200,    0.000,
   -0.210,    0.080,   -0.200,    0.000,
   -0.220,   -0.120,   -0.200,    0.000,
   -0.220,   -0.090,   -0.200,    0.000,
   -0.210,    0.320,   -0.200,    0.000,
   -0.230,    0.340,   -0.210,    0.000,
   -0.260,   -0.090,   -0.210,    0.000,
   -0.260,    0.000,   -0.210,    0.000,
   -0.240,    0.160,   -0.210,    0.000,
   -0.230,    0.130,   -0.210,    0.000,
   -0.260,    0.180,   -0.210,    0.000,
   -0.240,    0.110,   -0.210,    0.000,
   -0.210,   -0.050,   -0.210,    0.000,
   -0.220,    0.000,   -0.210,    0.000,
   -0.230,    0.180,   -0.200,    0.000,
   -0.230,   -0.110,   -0.190,    0.000,
   -0.230,    0.210,   -0.200,    0.000,
   -0.210,    0.180,   -0.200,    0.000,
   -0.210,   -0.160,   -0.200,    0.000,
   -0.220,   -0.030,   -0.200,    0.000,
   -0.230,    0.420,   -0.200,    0.000,
   -0.220,    0.010,   -0.200,    0.000,
   -0.230,   -0.050,   -0.190,    0.000,
   -0.230,   -0.040,   -0.200,    0.000,
   -0.210,    0.210,   -0.200,    0.000,
   -0.200,    0.080,   -0.190,    0.000,
   -0.190,   -0.170,   -0.160,    0.000,
   -0.220,    0.000,    0.000,    0.000,
   -0.220,    0.350,    0.000,    0.000,
   -0.180,    0.270,    0.000,    0.000,
   -0.140,   -0.260,    0.000,    0.000,
   -0.110,    0.100,    0.000,    0.000,
   -0.100,    0.200,    0.000,    0.000,
   -0.090,    0.010,    0.000,    0.000,
   -0.060,    0.170,    0.000,    0.000,
   -0.040,    0.100,    0.000,    0.000,
   -0.020,    0.090,    0.000,    0.000,
    0.000,    0.090,    0.000,    0.000,
    0.000,    0.040,    0.000,    0.000,
   -0.020,    0.020,    0.000,    0.000,
   -0.010,   -0.110,    0.000,    0.000,
   -0.020,   -0.090,    0.000,    0.000,
    0.000,    0.230,    0.000,    0.000,
   -0.030,   -0.130,    0.000,    0.000,
   -0.020,   -0.050,    0.000,    0.000,
   -0.010,    0.160,    0.000,    0.000,
   -0.030,   -0.220,    0.160,    0.000,
    0.010,   -0.620,    0.190,    0.000,
    0.110,   -1.120,    0.190,    0.000,
    0.130,   -1.170,    0.190,    0.000,
    0.150,   -0.750,    0.200,    0.000,
    0.150,   -0.240,    0.200,    0.000,
    0.140,   -0.730,    0.200,    0.000,
    0.190,    0.030,    0.200,    0.000,
    0.190,   -0.050,    0.210,    0.000,
    0.210,    0.460,    0.210,    0.000,
    0.220,    0.000,    0.210,    0.000,
    0.220,   -0.440,    0.210,    0.000,
    0.210,    0.100,    0.210,    0.000,
    0.220,    0.330,    0.240,    0.000,
    0.230,   -0.310,    0.260,    0.000,
    0.250,   -0.270,    0.270,    0.000,
    0.270,    0.160,    0.290,    0.000,
    0.280,    0.030,    0.330,    0.000,
    0.350,    0.010,    0.320,    0.000,
    0.340,   -0.230,    0.420,    0.000,
    0.410,   -0.260,    0.510,    0.000,
    0.470,   -0.580,    0.550,    0.000,
    0.550,   -0.350,    0.540,    0.000,
    0.530,   -0.500,    0.540,    0.000,
    0.490,   -0.650,    0.550,    0.000,
    0.490,   -0.480,    0.550,    0.000,
    0.550,    0.010,    0.550,    0.000,
    0.540,   -0.080,    0.550,    0.000,
    0.540,   -0.620,    0.550,    0.000,
    0.530,   -0.210,    0.550,    0.000,
    0.530,   -0.030,    0.540,    0.000,
    0.560,   -0.210,    0.550,    0.000,
    0.560,   -0.240,    0.550,    0.000,
    0.560,   -0.300,    0.550,    0.000,
    0.540,   -0.230,    0.550,    0.000,
    0.540,    0.000,    0.550,    0.000,
    0.620,    0.190,    0.550,    0.000,
    0.550,   -0.510,    0.550,    0.000,
    0.530,   -0.190,    0.550,    0.000,
    0.590,    0.280,    0.550,    0.000,
    0.650,    0.600,    0.550,    0.000,
    0.610,   -0.270,    0.550,   -1.040,
    0.620,   -1.170,    0.550,   -1.690,
    0.620,   -2.020,    0.550,   -2.060,
    0.590,   -2.590,    0.550,   -2.140,
    0.550,   -2.590,    0.550,   -2.170,
    0.500,   -2.510,    0.550,   -2.190,
    0.470,   -2.530,    0.550,   -2.220,
    0.430,   -2.830,    0.550,   -3.450,
    0.360,   -3.380,    0.550,   -3.960,
    0.330,   -4.820,    0.550,   -3.990,
    0.300,   -5.200,    0.550,   -4.040,
    0.300,   -5.570,    0.540,   -4.040,
    0.260,   -5.510,    0.550,   -4.040,
    0.190,   -6.030,    0.540,   -4.040,
    0.210,   -6.050,    0.540,   -4.010,
    0.190,   -6.470,    0.540,   -3.960,
    0.280,   -5.910,    0.540,   -3.670,
    0.360,   -4.750,    0.540,   -3.340,
    0.350,   -5.810,    0.540,   -2.110,
    0.340,   -5.500,    0.540,   -1.980,
    0.370,   -3.700,    0.540,   -1.980,
    0.330,   -3.540,    0.540,   -1.980,
    0.360,   -3.920,    0.540,   -1.950,
    0.390,   -4.520,    0.510,   -1.520,
    0.380,   -3.490,    0.470,    0.000,
    0.420,   -1.170,    0.330,    0.000,
    0.380,    0.970,    0.330,    0.000,
    0.250,    0.490,    0.170,    0.000,
    0.190,   -0.570,    0.000,    0.000,
    0.220,    1.240,    0.000,    0.000,
    0.200,    0.290,    0.000,    0.000,
    0.130,   -0.960,    0.000,    0.000,
    0.100,    0.250,    0.000,    0.000,
    0.050,    0.510,    0.000,    0.000,
    0.020,    0.250,    0.000,    0.000,
    0.000,    0.200,    0.000,    0.000,
    0.000,    0.120,    0.000,    0.000,
    0.000,    0.110,    0.000,    0.000,
    0.000,    0.030,    0.000,    0.000,
    0.000,    0.020,    0.000,    0.000,
    0.000,    0.020,    0.000,    0.980,
    0.010,    0.910,    0.000,    3.330,
    0.020,    3.030,    0.000,    5.420,
    0.020,    6.930,    0.000,   10.420,
    0.050,   10.080,    0.000,   12.560,
    0.040,   14.900,    0.000,   12.560,
    0.010,   15.900,    0.000,   12.560,
   -0.010,   13.700,    0.000,   12.560,
    0.000,   11.400,    0.000,   12.560,
    0.000,   12.300,    0.000,   12.560,
    0.010,   14.230,    0.000,   12.560,
    0.000,   13.530,    0.000,   12.560,
    0.020,   12.420,    0.000,    7.900,
   -0.010,    5.400,    0.000,    1.010,
    0.000,   -1.020,    0.000,    0.000,
    0.040,   -2.540,    0.000,    0.000,
    0.000,    1.380,    0.000,    0.000,
   -0.020,    0.830,    0.000,    0.000,
    0.010,   -1.520,    0.000,    0.000,
   -0.010,    0.310,    0.000,    0.000,
    0.000,    0.070,    0.000,    0.000,
    0.000,   -0.280,    0.000,    0.000,
    0.000,   -0.070,    0.000,    0.000,
    0.000,   -0.040,    0.000,    0.000,
    0.000,   -0.030,    0.000,   -0.770,
   -0.010,   -0.550,    0.000,   -6.960,
   -0.010,   -2.490,    0.000,  -10.250,
   -0.030,   -7.340,    0.000,  -12.560,
   -0.020,  -12.800,    0.000,  -12.560,
   -0.030,  -16.720,    0.000,  -12.560,
   -0.020,  -16.240,    0.000,  -12.560,
   -0.010,  -12.870,    0.000,  -12.560,
   -0.020,  -10.800,    0.000,  -12.560,
   -0.020,  -13.050,    0.000,  -12.560,
   -0.030,  -14.340,    0.000,  -12.560,
   -0.020,  -13.190,    0.000,  -12.560,
   -0.010,  -12.420,    0.000,  -12.560,
    0.000,  -12.820,    0.000,  -12.560,
   -0.020,  -13.260,    0.000,  -11.970,
   -0.010,  -12.510,    0.000,   -8.320,
   -0.020,   -6.200,    0.000,   -1.390,
    0.010,   -0.390,    0.000,    0.000,
    0.030,    5.170,    0.000,    0.000,
    0.000,   -0.140,    0.000,    0.000,
    0.000,   -2.520,    0.000,    0.000,
    0.000,    2.790,    0.000,    0.000,
    0.000,    0.010,    0.000,    0.000,
    0.000,   -1.410,    0.000,    0.000,
    0.000,    0.530,    0.000,    0.000,
    0.000,    0.430,    0.000,    0.000,
    0.000,   -0.300,    0.000,    0.000,
    0.000,    0.000,    0.000,    0.000,
    0.000,    0.070,    0.000,    0.000,
    0.000,    0.060,    0.000,    0.000,
    0.000,    0.040,    0.000,    0.000,
    0.000,    0.010,    0.000,    0.000,
    0.000,    0.020,   -0.150,    0.000,
   -0.010,    0.010,   -0.180,    0.000,
   -0.020,   -0.140,   -0.200,    0.000,
   -0.030,   -0.130,   -0.210,    0.000,
   -0.040,    0.140,   -0.230,    0.000,
   -0.040,    0.050,   -0.300,    0.000,
   -0.070,   -0.080,   -0.760,    0.000,
   -0.240,   -0.200,   -1.350,    0.000,
   -0.630,   -1.060,   -1.620,    0.000,
   -1.060,   -1.390,   -1.650,    0.000,
   -1.370,   -1.160,   -1.680,    0.000,
   -1.490,   -0.490,   -1.690,    0.000,
   -1.510,    0.000,   -1.690,    0.000,
   -1.520,    0.000,   -1.690,    0.000,
   -1.560,    0.320,   -1.690,    0.000,
   -1.620,   -0.130,   -1.690,    0.000,
   -1.690,   -0.040,   -1.690,    0.000,
   -1.680,   -0.010,   -1.690,    0.000,
   -1.730,   -0.290,   -1.690,    0.000,
   -1.740,   -0.050,   -1.690,    0.000,
   -1.780,    0.080,   -1.690,    0.000,
   -1.800,   -0.170,   -1.690,    0.000,
   -1.800,   -0.190,   -1.690,    0.000,
   -1.820,    0.060,   -1.690,    0.000,
   -1.810,    0.060,   -1.690,    0.000,
   -1.820,   -0.030,   -1.690,    0.000,
   -1.910,   -0.170,   -1.690,    0.000,
   -1.810,   -0.140,   -1.610,    0.000,
   -1.790,   -0.040,   -1.470,    0.000,
   -1.720,   -0.210,   -1.220,    0.000,
   -1.650,   -0.080,   -1.130,    0.000,
   -1.520,    0.060,   -1.020,    0.000,
   -1.420,    0.220,   -0.280,    0.000,
   -1.200,    0.310,   -0.190,    0.000,
   -0.770,    0.850,   -0.170,    0.000,
   -0.530,    1.400,   -0.150,    0.000,
   -0.450,    0.500,    0.000,    0.000,
   -0.360,   -0.310,    0.000,    0.000,
   -0.310,    0.070,    0.000,    0.000,
   -0.200,    0.260,    0.000,    0.000,
   -0.110,   -0.320,    0.000,    0.000,
   -0.050,   -0.130,    0.000,    0.000,
    0.000,   -0.030,    0.000,    0.000,
    0.000,    0.120,    0.000,    0.000,
    0.000,    0.030,    0.340,    0.000,
    0.050,    0.270,    0.620,    0.000,
    0.180,    0.220,    0.910,    0.000,
    0.430,    0.390,    1.120,    0.000,
    0.710,    0.380,    1.250,    0.000,
    0.940,    0.090,    1.300,    0.000,
    1.060,    0.820,    1.340,    0.000,
    1.110,    1.220,    1.430,    0.000,
    1.210,    0.640,    1.500,    0.000,
    1.330,   -0.060,    1.660,    0.000,
    1.440,   -0.310,    1.710,    0.000,
    1.550,    0.210,    1.710,    0.000,
    1.590,    0.520,    1.730,    0.000,
    1.620,   -0.060,    1.730,    0.000,
    1.680,   -0.150,    1.730,    0.000,
    1.720,    0.130,    1.730,    0.000,
    1.730,    0.470,    1.720,    0.000,
    1.830,    0.030,    1.730,    0.000,
    1.820,    0.210,    1.730,    0.000,
    1.830,    0.060,    1.730,    0.000,
    1.840,    0.100,    1.730,    0.000,
    1.840,    0.360,    1.730,    0.000,
    1.860,    0.220,    1.730,    0.000,
    1.850,   -0.040,    1.730,    0.000,
    1.880,    0.210,    1.730,    0.000,
    1.880,    0.080,    1.730,    0.000,
    1.870,    0.140,    1.730,    0.000,
    1.880,   -0.010,    1.730,    0.000,
    1.870,    0.010,    1.690,    0.000,
    1.870,    0.360,    1.630,    0.000,
    1.850,    0.230,    1.250,    0.000,
    1.720,    0.010,    0.750,    0.000,
    1.510,   -0.070,    0.000,    0.000,
    0.840,   -0.380,    0.000,    0.000,
    0.490,    0.030,    0.000,    0.000,
    0.380,    0.630,    0.000,    0.000,
    0.380,    0.470,    0.000,    0.000,
    0.250,    0.170,    0.000,    0.000,
    0.220,   -0.310,    0.000,    0.000,
    0.150,    0.000,    0.000,    0.000,
    0.070,    0.350,    0.000,    0.000,
    0.010,    0.310,    0.000,    0.000,
    0.000,    0.140,   -0.180,    0.000,
   -0.030,   -0.010,   -0.190,    0.000,
   -0.030,    0.000,   -0.220,    0.000,
   -0.020,   -0.110,   -0.720,    0.000,
   -0.170,   -0.190,   -1.440,    0.000,
   -0.610,    0.430,   -1.730,    0.000,
   -1.190,    1.310,   -1.770,    0.000,
   -1.500,    0.330,   -1.840,    0.000,
   -1.630,    1.150,   -1.960,    0.000,
   -1.740,   -0.480,   -1.960,    0.000,
   -1.800,   -0.460,   -1.970,    0.000,
   -1.840,   -0.750,   -1.970,    0.000,
   -1.870,   -0.460,   -1.970,    0.000,
   -1.910,   -0.150,   -1.980,    0.000,
   -1.960,   -0.350,   -1.970,    0.000,
   -1.970,   -0.090,   -1.970,    0.000,
   -2.020,   -0.160,   -1.980,    0.000,
   -2.010,    0.040,   -1.980,    0.000,
   -2.080,    0.110,   -1.970,    0.000,
   -2.090,    0.140,   -1.980,    0.000,
   -2.110,   -0.140,   -1.980,    0.000,
   -2.100,   -0.260,   -1.980,    0.000,
   -2.130,   -0.090,   -1.980,    0.000,
   -2.150,   -0.030,   -1.980,    0.000,
   -2.170,   -0.260,   -1.950,    0.000,
   -2.140,   -0.220,   -1.850,    0.000,
   -2.130,    0.020,   -1.790,    0.000,
   -2.060,   -0.130,   -1.750,    0.000,
   -2.070,   -0.080,   -1.720,    0.000,
   -2.010,    0.020,   -1.690,    0.000,
   -1.970,   -0.040,   -1.680,    0.000,
   -1.940,   -0.060,   -1.520,    0.000,
   -1.870,   -0.230,   -0.970,    0.000,
   -1.690,    0.130,   -0.220,    0.000,
   -1.340,    0.600,   -0.190,    0.000,
   -0.820,    0.640,   -0.180,    0.000,
   -0.650,    0.590,   -0.180,    0.000,
   -0.610,    0.480,   -0.170,    0.000,
   -0.540,    0.110,   -0.170,    0.000,
   -0.470,   -0.120,   -0.170,    0.000,
   -0.380,   -0.150,   -0.170,    0.000,
   -0.290,    0.000,   -0.170,    0.000,
   -0.210,   -0.190,   -0.170,    0.000,
   -0.160,   -0.290,   -0.180,    0.000,
   -0.120,   -0.060,   -0.200,    0.000,
   -0.110,    0.150,   -0.200,    0.000,
   -0.070,   -0.010,   -0.210,    0.000,
   -0.050,   -0.300,   -0.210,    0.000,
   -0.040,   -0.110,   -0.220,    0.000,
   -0.050,   -0.020,   -0.200,    0.000,
   -0.040,   -0.070,   -0.180,    0.000,
   -0.050,    0.170,   -0.180,    0.000,
   -0.080,   -0.020,   -0.180,    0.000,
   -0.100,    0.070,   -0.170,    0.000,
   -0.110,   -0.020,   -0.170,    0.000,
   -0.120,   -0.050,   -0.160,    0.000,
   -0.150,   -0.170,   -0.160,    0.000,
   -0.090,   -0.900,   -0.160,    0.000,
   -0.130,   -0.530,   -0.160,    0.000,
   -0.120,   -1.060,   -0.160,    0.000,
   -0.160,   -0.610,   -0.160,    0.000,
   -0.160,    0.000,   -0.160,    0.000,
   -0.070,   -0.620,   -0.160,    0.000,
   -0.170,   -0.400,   -0.150,    0.000,
   -0.090,   -1.010,   -0.150,    0.000,
   -0.090,   -1.060,   -0.150,    0.000,
   -0.030,   -1.490,   -0.150,    0.000,
   -0.090,   -0.970,   -0.150,    0.000,
   -0.130,   -0.720,   -0.150,    0.000,
   -0.120,   -0.490,   -0.150,    0.000,
   -0.080,   -1.000,   -0.150,    0.000,
   -0.150,   -0.240,   -0.150,    0.000,
   -0.170,    0.020,   -0.150,    0.000,
   -0.150,    0.140,    0.000,    0.000,
   -0.070,    0.290,    0.000,    0.000,
   -0.050,    0.130,    0.000,    0.000,
   -0.070,    0.030,    0.000,    0.000,
   -0.100,    0.230,    0.000,    0.000,
   -0.120,    0.260,    0.000,    0.000,
   -0.130,    0.170,    0.000,    0.000,
   -0.110,    0.070,    0.000,    0.000,
   -0.080,   -0.070,    0.000,    0.000,
   -0.050,   -0.020,    0.000,    0.000,
   -0.020,   -0.110,    0.000,    0.000,
    0.000,    0.050,    0.000,    0.000,
    0.000,    0.100,    0.000,    0.000,
    0.000,    0.020,    0.000,    0.000,
    0.000,    0.010,    0.000,    0.000,
    0.000,   -0.020,    0.000,    0.000,
   -0.010,    0.060,    0.000,    0.000,
    0.000,   -0.040,    0.000,    0.000,
    0.000,   -0.320,    0.000,    0.000,
   -0.020,   -0.100,    0.000,    0.000,
   -0.020,    0.210,    0.000,    0.000,
    0.000,   -0.330,    0.000,    0.000,
   -0.020,   -0.440,    0.000,    0.000,
   -0.010,    0.370,    0.000,    0.000,
   -0.060,    0.110,    0.000,    0.000,
   -0.090,    0.050,    0.000,    0.000,
   -0.130,   -0.720,    0.000,    0.000,
   -0.170,   -1.230,    0.000,    0.000,
   -0.090,   -0.660,    0.000,    0.000,
   -0.110,   -0.470,    0.000,    0.000,
   -0.060,    0.100,    0.000,    0.000,
   -0.010,    0.390,    0.000,    0.000,
    0.030,    1.020,    0.000,    0.000,
    0.070,    0.860,    0.000,    0.000,
    0.100,    1.080,    0.000,    0.000,
    0.100,    0.420,    0.000,    0.000,
    0.110,    0.480,    0.000,    0.000,
    0.090,    0.520,    0.000,    0.000,
   -0.080,   -0.230,    0.000,    0.000,
   -0.060,   -0.360,    0.000,    0.000,
   -0.040,    0.060,    0.000,    0.000,
   -0.080,   -0.200,    0.000,    0.000,
   -0.070,   -0.430,    0.000,    0.000,
   -0.120,   -0.920,    0.000,    0.000,
   -0.070,   -0.360,    0.000,    0.000,
   -0.060,    0.150,    0.000,    0.000,
   -0.020,    0.050,    0.000,    0.000,
   -0.050,   -0.380,    0.000,    0.000,
   -0.080,   -0.160,    0.000,    0.000,
   -0.120,   -0.470,    0.000,    0.000,
   -0.070,   -0.230,    0.000,    0.000,
   -0.050,   -0.240,    0.000,    0.000,
   -0.070,    0.080,    0.000,    0.000,
   -0.120,   -0.320,    0.000,    0.000,
   -0.120,   -0.510,    0.000,    0.000,
   -0.070,   -0.110,    0.000,    0.000,
    0.030,    0.300,    0.000,    0.000,
    0.000,    0.060,    0.000,    0.000,
   -0.050,   -0.310,    0.000,    0.000,
    0.010,   -0.170,    0.000,    0.000,
    0.040,    0.700,    0.000,    0.000,
    0.000,    0.600,    0.000,    0.000,
   -0.040,   -0.350,    0.000,    0.000,
   -0.030,   -0.410,    0.000,    0.000,
   -0.070,   -0.050,    0.000,    0.000,
   -0.050,    0.090,    0.000,    0.000,
    0.010,    0.320,    0.000,    0.000,
   -0.090,   -0.390,    0.000,    0.000,
   -0.150,   -0.850,    0.000,    0.000,
    0.010,    0.280,    0.000,    0.000,
    0.100,    0.940,    0.000,    0.000,
    0.110,    0.810,    0.000,    0.000,
    0.000,   -0.420,    0.000,    0.000,
   -0.070,   -0.900,    0.000,    0.000,
   -0.030,   -0.150,    0.000,    0.000,
   -0.010,    0.390,    0.000,    0.000,
    0.040,   -0.830,    0.000,    0.000,
    0.040,   -0.660,    0.000,    0.000,
    0.010,   -0.060,    0.000,    0.000,
   -0.050,    0.720,    0.000,    0.000,
   -0.060,    0.020,    0.000,    0.000,
    0.000,   -0.580,    0.000,    0.000,
    0.000,    0.090,    0.000,    0.000,
    0.000,    0.320,    0.000,    0.000,
    0.010,    0.020,    0.000,    0.000,
    0.000,    0.000,    0.000,    1.010,
    0.010,    0.990,    0.000,    1.940,
    0.010,    2.710,    0.000,    3.140,
    0.020,    3.870,    0.000,    3.230,
    0.000,    3.430,    0.000,    3.230,
    0.000,    2.840,    0.000,    3.200,
    0.010,    2.960,    0.000,    3.200,
    0.010,    3.070,    0.000,    3.200,
    0.000,    2.820,    0.000,    2.460,
    0.000,    2.130,    0.000,    0.000,
    0.000,   -1.090,    0.000,    0.000,
    0.000,   -0.550,    0.000,    0.000,
    0.000,    0.900,    0.000,    0.000,
    0.000,   -0.340,    0.000,    0.000,
   -0.010,   -0.060,    0.000,    0.000,
    0.000,    0.030,    0.000,    0.000,
    0.000,    0.030,    0.000,    0.000,
    0.000,    0.000,    0.000,    0.000,
    0.000,    0.060,    0.000,    0.000,
    0.000,    0.030,    0.000,    0.000,
    0.000,    0.040,    0.000,    0.000,
    0.000,    0.050,    0.000,    0.000,
    0.000,    0.140,    0.000,    0.000,
    0.000,    0.290,    0.000,    0.000,
    0.030,    0.200,   -0.150,    0.000,
   -0.110,    0.410,   -0.150,    0.000,
   -0.040,   -0.870,   -0.150,    0.000,
    0.000,   -1.540,   -0.150,    0.000,
   -0.050,   -0.830,   -0.150,    0.000,
   -0.100,    0.220,   -0.150,    0.000,
   -0.080,   -0.540,   -0.150,    0.000,
   -0.090,   -0.690,   -0.150,    0.000,
   -0.100,   -0.100,   -0.150,    0.000,
   -0.140,    0.040,   -0.150,    0.000,
   -0.170,    0.220,   -0.150,    0.000,
   -0.160,    0.350,   -0.150,    0.000,
   -0.160,    0.080,   -0.150,    0.000,
   -0.140,    0.120,   -0.150,    0.000,
   -0.110,   -0.190,   -0.150,    0.000,
   -0.150,   -0.020,   -0.150,    0.000,
   -0.200,    0.380,   -0.150,    0.000,
   -0.180,    0.290,   -0.150,    0.000,
   -0.150,   -0.030,   -0.150,    0.000,
   -0.160,    0.150,   -0.150,    0.000,
   -0.170,    0.200,   -0.150,    0.000,
   -0.120,   -0.140,   -0.150,    0.000,
   -0.110,   -0.220,   -0.150,    0.000,
   -0.130,    0.140,   -0.150,    0.000,
   -0.150,    0.140,   -0.150,    0.000,
   -0.160,   -0.240,   -0.150,    0.000,
   -0.150,   -0.130,   -0.150,    0.000,
   -0.160,    0.180,   -0.150,    0.000,
   -0.190,    0.340,   -0.150,    0.000,
   -0.190,    0.450,   -0.150,    0.000,
   -0.200,    0.250,   -0.150,    0.000,
   -0.190,    0.190,   -0.150,    0.000,
   -0.190,    0.280,   -0.150,    0.000,
   -0.150,    0.170,   -0.150,    0.000,
   -0.140,    0.140,   -0.150,    0.000,
   -0.090,   -0.310,    0.000,    0.000,
    0.020,   -0.310,    0.000,    0.000,
    0.020,    0.050,    0.000,    0.000,
    0.030,    0.050,    0.000,    0.000,
    0.000,    0.030,    0.000,    0.000,
   -0.020,    0.300,    0.000,    0.000,
   -0.030,    0.210,    0.000,    0.000,
    0.000,    0.080,    0.000,    0.000,
    0.030,   -0.020,    0.000,    0.000,
    0.040,   -0.040,    0.000,    0.000,
    0.000,    0.140,    0.000,    0.000,
    0.020,    0.030,    0.000,    0.000,
    0.030,    0.040,    0.000,    0.000,
    0.000,    0.260,    0.000,    0.000,
    0.000,    0.220,    0.000,    0.000,
    0.010,    0.000,    0.000,    0.000,
    0.010,   -0.050,    0.000,    0.000,
    0.020,    0.000,    0.000,    0.000,
    0.050,   -0.070,    0.000,    0.000,
    0.060,   -0.120,    0.000,    0.000,
    0.050,    0.060,    0.000,    0.000,
    0.010,    0.080,    0.000,    0.000,
    0.000,    0.310,    0.000,    0.000,
   -0.010,    0.350,    0.000,    0.000,
    0.020,   -0.130,    0.000,    0.000,
    0.050,    0.040,    0.000,    0.000,
    0.060,    0.040,    0.000,    0.000,
    0.030,   -0.010,    0.000,    0.000,
    0.050,    0.090,    0.000,    0.000,
    0.070,   -0.520,    0.000,    0.000,
    0.050,   -0.440,    0.000,    0.000,
    0.080,   -0.070,    0.000,    0.000,
    0.020,    0.270,    0.000,    0.000,
    0.060,    0.010,    0.000,    0.000,
    0.050,   -0.070,    0.000,    0.000,
    0.060,   -0.190,    0.000,    0.000,
    0.060,   -0.190,    0.000,    0.000,
    0.010,    0.130,    0.000,    0.000,
   -0.030,    0.350,    0.000,    0.000,
    0.000,    0.230,    0.000,    0.000,
    0.020,   -0.110,    0.000,    0.000,
    0.030,   -0.040,    0.000,    0.000,
    0.050,    0.010,    0.000,    0.000,
    0.040,    0.200,    0.000,    0.000,
    0.050,   -0.010,    0.000,    0.000,
    0.010,    0.100,    0.000,    0.000,
   -0.020,    0.450,    0.000,    0.000,
   -0.010,    0.270,    0.000,    0.000,
    0.020,   -0.010,    0.000,    0.000,
    0.060,   -0.260,    0.000,    0.000,
    0.080,   -0.200,    0.000,    0.000,
    0.030,    0.180,    0.000,    0.000,
    0.000,    0.330,    0.000,    0.000,
    0.050,    0.000,    0.000,    0.000,
    0.050,   -0.110,    0.000,    0.000,
    0.020,    0.290,    0.000,    0.000,
   -0.010,    0.240,    0.000,    0.000,
   -0.010,   -0.020,    0.000,    0.000,
    0.010,    0.030,    0.000,    0.000,
    0.000,   -0.030,    0.000,    0.000,
    0.000,    0.050,    0.000,    0.000,
   -0.020,    0.160,    0.000,    0.000,
   -0.010,    0.100,    0.000,    0.000,
   -0.020,    0.210,    0.000,    0.000,
   -0.020,    0.180,    0.240,    0.000,
    0.040,    0.070,    0.340,    0.000,
    0.150,    0.110,    0.470,    0.000,
    0.250,    0.150,    0.630,    0.000,
    0.380,    0.110,    0.710,    0.000,
    0.470,    0.050,    0.740,    0.000,
    0.540,   -0.040,    0.740,    0.000,
    0.570,    0.300,    0.760,    0.000,
    0.600,    0.140,    0.770,    0.000,
    0.640,   -0.080,    0.760,    0.000,
    0.660,    0.250,    0.770,    0.000,
    0.680,    0.270,    0.740,    0.000,
    0.680,   -0.180,    0.730,    0.000,
    0.660,    0.130,    0.730,    0.000,
    0.670,    0.360,    0.730,    0.000,
    0.670,    0.140,    0.790,    0.000,
    0.690,   -0.070,    0.800,    0.000,
    0.710,    0.060,    0.820,    0.000,
    0.740,    0.250,    0.840,    0.000,
    0.760,    0.000,    0.850,    0.000,
    0.760,   -0.060,    0.850,    0.000,
    0.790,    0.480,    0.850,    0.000,
    0.800,    0.200,    0.870,    0.000,
    0.820,   -0.100,    0.860,    0.000,
    0.820,    0.190,    0.870,    0.000,
    0.830,    0.160,    0.890,    0.000,
    0.840,    0.130,    0.890,    0.000,
    0.840,    0.130,    0.900,    0.000,
    0.850,    0.060,    0.890,    0.000,
    0.870,    0.050,    0.890,    0.000,
    0.880,    0.120,    0.890,    0.000,
    0.880,   -0.020,    0.890,    0.000,
    0.860,    0.280,    0.890,    0.000,
    0.880,    0.180,    0.890,    0.000,
    0.880,    0.020,    0.890,    0.000,
    0.900,    0.060,    0.870,    0.000,
    0.880,    0.210,    0.870,    0.000,
    0.870,    0.140,    0.850,    0.000,
    0.840,    0.170,    0.840,    0.000,
    0.850,    0.120,    0.820,    0.000,
    0.840,    0.070,    0.820,    0.000,
    0.830,    0.020,    0.820,    0.000,
    0.830,    0.090,    0.820,    0.000,
    0.810,    0.120,    0.820,    0.000,
    0.790,    0.280,    0.810,    0.000,
    0.800,   -0.060,    0.820,    0.000,
    0.790,    0.010,    0.810,    0.000,
    0.790,    0.110,    0.810,    0.000,
    0.800,   -0.040,    0.810,    0.000,
    0.790,    0.010,    0.810,    0.000,
    0.780,    0.250,    0.810,    0.000,
    0.780,    0.180,    0.810,    0.000,
    0.800,   -0.030,    0.810,    0.000,
    0.800,    0.000,    0.810,    0.000,
    0.790,    0.100,    0.810,    0.000,
    0.790,    0.220,    0.810,    0.000,
    0.780,    0.120,    0.810,    0.000,
    0.770,    0.030,    0.810,    0.000,
    0.770,    0.080,    0.810,   -0.690,
    0.780,   -0.700,    0.810,   -0.750,
    0.780,   -1.140,    0.810,   -0.960,
    0.780,   -0.890,    0.810,   -1.200,
    0.760,   -1.040,    0.790,   -1.390,
    0.760,   -1.500,    0.740,   -1.660,
    0.740,   -1.920,    0.730,   -1.690,
    0.720,   -1.690,    0.720,   -1.710,
    0.700,   -1.780,    0.720,   -1.740,
    0.690,   -1.880,    0.700,   -1.850,
    0.660,   -1.700,    0.710,   -1.850,
    0.660,   -1.750,    0.710,   -1.850,
    0.670,   -1.770,    0.700,   -1.850,
    0.640,   -1.830,    0.720,   -1.850,
    0.640,   -1.790,    0.710,   -1.850,
    0.630,   -1.900,    0.690,   -1.850,
    0.600,   -1.790,    0.690,   -1.870,
    0.600,   -1.710,    0.660,   -1.870,
    0.580,   -2.030,    0.480,   -1.870,
    0.520,   -2.090,    0.260,   -1.850,
    0.430,   -1.990,    0.000,   -1.850,
    0.300,   -2.290,    0.000,   -1.850,
    0.200,   -1.460,    0.000,   -1.850,
    0.120,   -1.830,    0.000,   -1.850,
    0.050,   -1.840,    0.000,   -1.850,
    0.030,   -1.530,    0.000,   -1.740,
    0.000,   -1.270,    0.000,    0.000,
    0.010,    0.760,    0.000,    0.000,
   -0.010,    0.130,    0.000,    0.000,
    0.000,   -0.460,    0.000,    0.000,
    0.000,    0.200,    0.000,    0.000,
    0.000,    0.010,    0.000,    0.000,
    0.000,    0.000,    0.000,    0.000,
    0.000,    0.040,    0.000,    0.000,
    0.000,    0.010,    0.000,    0.000,
    0.000,    0.010,    0.000,    0.000,
    0.000,    0.020,    0.000,    0.000,
    0.000,    0.010,    0.000,    0.000,
    0.000,    0.020,    0.000,    0.000,
    0.000,    0.020,    0.000,    0.000,
    0.000,    0.020,    0.000,    0.000,
    0.000,    0.020,    0.000,    0.000,
    0.000,    0.020,    0.000,    0.000,
    0.000,    0.020,    0.000,    0.000,
    0.000,    0.020,    0.000,    0.000,
    0.000,    0.020,    0.000,    0.000,
    0.000,    0.020,    0.000,    0.000,
    0.000,    0.020,    0.000,    0.000,
    0.000,    0.020,    0.000,    0.000,
    0.000,    0.020,    0.000,    0.000,
    0.000,    0.020,    0.000,    0.000,
    0.000,    0.020,    0.000,    0.000,
    0.000,    0.020,    0.000,    0.000,
    0.000,    0.020,    0.000,    0.000,
    0.000,    0.020,    0.000,   -0.670,
   -0.010,   -0.350,    0.000,   -0.670,
    0.000,   -0.270,    0.000,   -0.670,
    0.000,   -0.040,    0.000,   -0.670,
    0.000,   -0.210,    0.200,   -0.670,
    0.030,   -0.430,    0.190,   -0.670,
    0.040,   -0.440,    0.190,   -0.670,
    0.040,   -0.530,    0.180,   -0.640,
    0.040,   -0.360,    0.190,    0.000,
    0.050,    0.690,    0.180,    0.000,
    0.040,    0.130,    0.180,    0.000,
    0.020,   -0.240,    0.190,    0.000,
    0.010,    0.290,    0.190,    0.000,
    0.010,    0.010,    0.190,    0.000,
    0.010,    0.100,    0.210,    0.000,
    0.010,    0.190,    0.210,    0.000,
    0.020,    0.180,    0.220,    0.000,
    0.030,    0.130,    0.240,    0.000,
    0.030,    0.120,    0.260,    0.000,
    0.040,    0.070,    0.340,    0.000,
    0.070,   -0.050,    0.360,    0.000,
    0.110,    0.290,    0.430,    0.000,
    0.170,    0.400,    0.470,    0.000,
    0.210,   -0.210,    0.500,    0.000,
    0.280,    0.300,    0.500,    0.000,
    0.330,    0.460,    0.500,    0.000,
    0.340,   -0.080,    0.500,    0.000,
    0.360,    0.050,    0.500,    0.000,
    0.370,    0.280,    0.490,    0.000,
    0.360,   -0.020,    0.490,    0.000,
    0.360,   -0.050,    0.490,    0.000,
    0.380,    0.050,    0.490,    0.000,
    0.380,   -0.020,    0.500,    0.000,
    0.380,   -0.020,    0.500,    0.000,
    0.370,    0.270,    0.490,    0.000,
    0.360,    0.230,    0.490,    0.000,
    0.350,   -0.090,    0.490,    0.000,
    0.350,    0.030,    0.490,    0.000,
    0.350,    0.150,    0.500,    0.000,
    0.350,    0.120,    0.490,    0.000,
    0.360,    0.150,    0.490,    0.000,
    0.360,   -0.030,    0.490,    0.000,
    0.360,    0.060,    0.490,    0.000,
    0.370,    0.080,    0.490,    0.000,
    0.380,    0.040,    0.490,    0.000,
    0.390,    0.080,    0.490,    0.000,
    0.390,    0.010,    0.490,    0.000,
    0.390,    0.090,    0.490,    0.000,
    0.370,    0.160,    0.490,    0.000,
    0.360,    0.180,    0.490,    0.000,
    0.370,    0.110,    0.490,    0.000,
    0.380,    0.090,    0.490,    0.000,
    0.380,    0.040,    0.490,    0.000,
    0.380,    0.280,    0.490,    0.000,
    0.380,    0.150,    0.490,    0.000,
    0.380,    0.000,    0.490,    0.000,
    0.380,    0.130,    0.500,    0.000,
    0.370,    0.130,    0.490,    0.000,
    0.380,   -0.040,    0.490,    0.000,
    0.380,    0.130,    0.490,    0.000,
    0.390,    0.170,    0.490,    0.000,
    0.370,    0.120,    0.490,    0.000,
    0.370,    0.080,    0.490,    0.000,
    0.380,   -0.010,    0.490,    0.000,
    0.380,    0.120,    0.480,    0.000,
    0.370,    0.040,    0.480,    0.000,
    0.360,   -0.060,    0.480,    0.000,
    0.360,    0.160,    0.460,   -1.360,
    0.330,   -1.300,    0.430,   -1.420,
    0.340,   -2.740,    0.340,   -1.390,
    0.320,   -1.350,    0.300,   -1.390,
    0.290,   -0.540,    0.290,   -1.390,
    0.240,   -1.740,    0.260,   -1.360,
    0.200,   -1.980,    0.220,   -0.860,
    0.150,   -0.180,    0.000,    0.000,
    0.090,    0.720,    0.000,    0.000,
    0.030,    0.130,    0.000,    0.000,
    0.000,    0.040,    0.000,    0.000,
    0.000,    0.010,    0.000,    0.000,
    0.000,    0.030,    0.000,    0.000,
    0.000,    0.010,    0.000,    0.000,
    0.000,    0.020,    0.000,    0.000,
    0.000,    0.020,    0.000,    0.000,
    0.000,    0.020,    0.000,    0.000,
    0.000,    0.020,    0.000,    0.000,
    0.000,    0.020,    0.000,    0.000,
    0.000,    0.020,    0.000,    0.000,
    0.000,    0.020,    0.000,    0.000,
    0.000,    0.020,    0.000,    0.000,
    0.000,    0.020,    0.000,    0.000,
    0.000,    0.020,    0.000,    0.000,
