    0.000,    0.010,    0.000,    0.000,
    0.000,    0.020,    0.000,    0.000,
    0.000,    0.020,    0.000,    0.000,
    0.000,    0.020,    0.000,    0.000,
    0.000,    0.020,    0.000,    0.000,
    0.000,    0.020,    0.000,    0.000,
    0.000,    0.020,    0.000,    0.000,
    0.000,    0.020,    0.000,    0.000,
    0.000,    0.020,   -0.150,    0.000,
   -0.010,    0.000,   -0.180,    0.000,
   -0.010,   -0.030,   -0.190,    0.000,
    0.000,    0.040,   -0.200,    0.000,
    0.000,    0.000,   -0.200,    0.000,
    0.000,    0.000,   -0.200,    0.000,
   -0.010,    0.010,   -0.230,    0.000,
   -0.010,    0.010,   -0.230,    0.000,
   -0.020,   -0.090,   -0.230,    0.000,
   -0.030,   -0.050,   -0.230,    0.000,
   -0.040,   -0.150,   -0.230,    0.000,
   -0.060,   -0.200,   -0.230,    0.000,
   -0.070,    0.120,   -0.230,    0.000,
   -0.060,    0.020,   -0.230,    0.000,
   -0.060,   -0.150,   -0.230,    0.000,
   -0.080,   -0.090,   -0.230,    0.000,
   -0.090,    0.160,   -0.230,    0.000,
   -0.080,   -0.030,   -0.250,    0.000,
   -0.080,   -0.270,   -0.280,    0.000,
   -0.100,    0.030,   -0.340,    0.000,
   -0.140,   -0.080,   -0.380,    0.000,
   -0.180,   -0.250,   -0.710,    0.000,
   -0.340,   -0.380,   -0.810,    0.000,
   -0.490,   -0.380,   -0.820,    0.000,
   -0.580,   -0.320,   -0.880,    0.000,
   -0.660,   -0.140,   -0.890,    0.000,
   -0.760,    0.170,   -0.930,    0.000,
   -0.850,    0.320,   -0.970,    0.000,
   -0.900,    0.330,   -0.970,    0.000,
   -0.910,   -0.010,   -0.970,    0.000,
   -0.900,   -0.140,   -0.970,    0.000,
   -0.920,   -0.130,   -0.970,    0.000,
   -0.970,   -0.110,   -0.970,    0.000,
   -0.980,   -0.270,   -0.970,    0.000,
   -0.980,   -0.100,   -0.970,    0.650,
   -0.960,    0.320,   -0.970,    0.720,
   -0.960,    0.720,   -0.970,    0.780,
   -0.970,    0.770,   -0.970,    0.850,
   -0.980,    0.920,   -0.970,    0.880,
   -0.980,    0.920,   -0.970,    0.910,
   -0.970,    0.890,   -0.970,    1.040,
   -0.980,    0.820,   -0.970,    2.010,
   -0.990,    1.800,   -0.970,    3.100,
   -0.990,    3.220,   -0.970,    4.260,
   -0.980,    4.570,   -0.970,    4.420,
   -0.950,    4.980,   -0.960,    4.420,
   -0.930,    4.850,   -0.940,    4.490,
   -0.890,    4.620,   -0.890,    4.550,
   -0.860,    4.590,   -0.850,    4.520,
   -0.800,    4.560,   -0.790,    4.490,
   -0.740,    4.730,   -0.560,    4.230,
   -0.640,    4.770,   -0.280,    2.460,
   -0.520,    3.490,   -0.220,    0.000,
   -0.380,    0.710,   -0.180,    0.000,
   -0.340,   -0.790,   -0.170,    1.010,
   -0.260,    0.620,   -0.160,    1.560,
   -0.200,    1.880,   -0.150,    4.360,
   -0.160,    3.480,   -0.150,    5.200,
   -0.110,    5.780,   -0.150,    5.360,
   -0.100,    5.880,   -0.150,    5.390,
   -0.100,    5.180,    0.000,    5.360,
   -0.040,    5.280,    0.000,    5.330,
   -0.020,    5.210,    0.000,    5.330,
    0.000,    4.970,    0.000,    2.750,
    0.000,    4.050,    0.000,    0.000,
    0.000,   -0.410,    0.000,    0.000,
    0.000,   -0.980,    0.000,    0.000,
    0.000,    0.280,    0.000,    0.000,
    0.000,    0.130,    0.000,    0.000,
    0.000,    0.000,    0.000,    0.000,
    0.000,    0.020,    0.150,    0.000,
    0.020,    0.060,    0.260,    0.000,
    0.040,    0.240,    0.400,    0.000,
    0.120,    0.460,    0.470,    0.000,
    0.210,    0.530,    0.540,    0.000,
    0.300,    0.360,    0.600,    0.000,
    0.370,    0.300,    0.670,    0.000,
    0.480,    0.500,    0.720,    0.000,
    0.530,    0.550,    0.760,    0.000,
    0.560,    0.450,    1.020,    0.000,
    0.710,    0.090,    1.280,    0.000,
    0.980,   -0.720,    1.410,    0.000,
    1.200,   -1.040,    1.430,    0.000,
    1.260,   -0.360,    1.450,    0.000,
    1.300,    0.880,    1.440,    0.000,
    1.320,    0.590,    1.440,    0.000,
    1.370,    0.150,    1.440,    0.000,
    1.400,    0.060,    1.440,    0.000,
    1.430,    0.200,    1.440,    0.000,
    1.470,    0.260,    1.440,    0.000,
    1.480,    0.180,    1.440,    0.000,
    1.490,    0.260,    1.440,    0.000,
    1.520,    0.100,    1.440,    0.000,
    1.540,    0.060,    1.440,    0.000,
    1.550,    0.180,    1.440,    0.000,
    1.580,    0.100,    1.440,    0.000,
    1.560,    0.200,    1.440,    0.000,
    1.540,    0.290,    1.450,    0.000,
    1.560,    0.070,    1.470,    0.000,
    1.570,    0.020,    1.490,    0.000,
    1.580,    0.130,    1.540,    0.000,
    1.640,    0.160,    1.570,    0.000,
    1.650,    0.260,    1.680,    0.000,
    1.740,    0.580,    1.680,    0.000,
    1.810,    0.660,    1.700,    0.000,
    1.790,    0.100,    1.700,    0.000,
    1.790,    0.350,    1.700,    0.000,
    1.830,    0.090,    1.700,    0.000,
    1.840,   -0.130,    1.700,    0.000,
    1.830,    0.070,    1.710,    0.000,
    1.870,    0.240,    1.730,    0.000,
    1.830,    0.220,    1.740,    0.000,
    1.900,    0.180,    1.730,    0.000,
    1.880,    0.110,    1.750,    0.000,
    1.890,    0.180,    1.750,    0.000,
    1.920,    0.210,    1.780,    0.000,
    1.900,    0.330,    1.790,    0.000,
    1.960,    0.400,    1.790,    0.000,
    1.950,    0.080,    1.840,    0.000,
    1.990,    0.290,    1.860,    0.000,
    2.020,    0.100,    1.900,    0.000,
    2.040,    0.320,    1.930,    0.000,
    2.110,    0.330,    1.940,    0.000,
    2.090,    0.140,    1.940,    0.000,
    2.120,    0.340,    1.940,    0.000,
    2.120,    0.000,    1.940,    0.000,
    2.130,    0.260,    1.920,    0.000,
    2.140,    0.100,    1.880,    0.000,
    2.110,    0.260,    1.860,    0.000,
    2.090,    0.300,    1.800,    0.000,
    2.120,    0.170,    1.770,    0.000,
    2.080,    0.090,    1.750,    0.000,
    2.020,    0.230,    1.710,    0.000,
    1.980,    0.340,    1.670,    0.000,
    1.950,    0.060,    1.520,    0.000,
    1.880,    0.240,    1.350,    0.000,
    1.760,    0.280,    1.130,    0.000,
    1.650,   -0.160,    1.000,    0.000,
    1.510,    0.100,    0.830,    0.000,
    1.380,    0.120,    0.760,    0.000,
    1.260,    0.120,    0.640,    0.000,
    1.100,    0.150,    0.280,    0.000,
    0.860,    0.240,    0.000,    0.000,
    0.470,    0.130,    0.000,    0.000,
    0.360,    0.390,    0.000,    0.000,
    0.260,    0.390,    0.000,    0.000,
    0.170,   -0.060,    0.000,    0.000,
    0.120,   -0.070,   -0.150,    0.000,
    0.000,   -0.080,   -0.180,    0.000,
   -0.040,    0.070,   -0.200,    0.000,
   -0.040,    0.080,   -0.230,    0.000,
   -0.040,   -0.050,   -0.320,    0.000,
   -0.080,   -0.120,   -0.650,    0.000,
   -0.230,   -0.350,   -0.940,    0.000,
   -0.490,   -0.060,   -1.420,    0.000,
   -0.870,   -0.020,   -1.620,    0.000,
   -1.260,    0.540,   -1.790,    0.000,
   -1.470,    1.240,   -2.100,    0.000,
   -1.760,    1.330,   -2.140,    0.000,
   -1.980,    2.070,   -2.160,    0.000,
   -2.060,    1.910,   -2.170,    0.000,
   -2.130,    1.550,   -2.160,    0.000,
   -2.140,    0.860,   -2.170,    0.000,
   -2.100,    0.430,   -2.170,    0.000,
   -2.200,   -0.470,   -2.170,    0.000,
   -2.180,   -0.160,   -2.160,    0.000,
   -2.210,   -0.140,   -2.160,    0.000,
   -2.240,   -0.240,   -2.150,    0.000,
   -2.310,   -0.220,   -2.110,    0.000,
   -2.340,   -0.320,   -2.090,    0.000,
   -2.290,   -0.350,   -2.090,    0.000,
   -2.290,   -0.170,   -2.090,    0.000,
   -2.290,   -0.260,   -2.080,    0.000,
   -2.310,   -0.300,   -2.080,    0.000,
   -2.310,   -0.060,   -2.060,    0.000,
   -2.330,   -0.060,   -1.900,    0.000,
   -2.270,   -0.250,   -1.670,    0.000,
   -2.160,   -0.270,   -1.330,    0.000,
   -1.990,    0.050,   -1.270,    0.000,
   -1.850,    0.010,   -1.240,    0.000,
   -1.770,   -0.010,   -1.250,    0.000,
   -1.700,   -0.030,   -1.250,    0.000,
   -1.640,   -0.110,   -1.290,    0.000,
   -1.610,   -0.020,   -1.320,    0.000,
   -1.580,   -0.020,   -1.320,    0.000,
   -1.560,   -0.100,   -1.320,    0.000,
   -1.540,   -0.070,   -1.320,    0.000,
   -1.530,   -0.250,   -1.320,    0.000,
   -1.490,   -0.220,   -1.320,    0.000,
   -1.500,   -0.020,   -1.220,    0.000,
   -1.450,   -0.020,   -0.850,    0.000,
   -1.290,   -0.270,   -0.190,    0.000,
   -1.060,   -0.140,    0.000,    0.000,
   -0.500,    0.210,    0.000,    0.000,
   -0.420,    0.720,    0.000,    0.000,
   -0.360,    0.510,    0.000,    0.000,
   -0.260,    0.030,    0.000,    0.000,
   -0.180,   -0.070,    0.000,    0.000,
   -0.100,   -0.030,    0.000,    0.000,
   -0.050,   -0.130,    0.000,    0.000,
   -0.010,   -0.220,    0.400,    0.000,
    0.080,   -0.060,    0.780,    0.000,
    0.300,    0.590,    1.080,    0.000,
    0.670,    1.300,    1.170,    0.000,
    0.840,    1.480,    1.320,    0.000,
    1.020,    0.840,    1.380,    0.000,
    1.120,    0.650,    1.400,    0.000,
    1.180,    0.380,    1.420,    0.000,
    1.230,    0.270,    1.440,    0.000,
    1.320,    0.230,    1.530,    0.000,
    1.390,    0.190,    1.580,    0.000,
    1.470,    0.220,    1.660,    0.000,
    1.580,    0.360,    1.720,    0.000,
    1.660,    0.440,    1.730,    0.000,
    1.710,    0.280,    1.750,    0.000,
    1.750,    0.140,    1.770,    0.000,
    1.790,    0.320,    1.770,    0.000,
    1.820,    0.260,    1.770,    0.000,
    1.850,    0.150,    1.770,    0.000,
    1.860,    0.110,    1.770,    0.000,
    1.900,    0.150,    1.770,    0.000,
    1.900,    0.090,    1.770,    0.000,
    1.910,    0.120,    1.770,    0.000,
    1.950,    0.210,    1.770,    0.000,
    1.910,    0.140,    1.770,    0.000,
    1.950,    0.220,    1.770,    0.000,
    1.940,    0.080,    1.770,    0.000,
    1.930,    0.160,    1.770,    0.000,
    1.970,    0.220,    1.770,    0.000,
    1.950,    0.220,    1.770,    0.000,
    1.970,    0.230,    1.770,    0.000,
    1.990,    0.170,    1.790,    0.000,
    1.970,    0.250,    1.790,    0.000,
    1.980,    0.160,    1.790,    0.000,
    1.970,    0.060,    1.790,    0.000,
    2.000,    0.080,    1.790,    0.000,
    1.970,    0.310,    1.790,    0.000,
    1.980,    0.340,    1.790,    0.000,
    1.990,    0.230,    1.790,    0.000,
    1.970,    0.230,    1.790,    0.000,
    1.990,    0.200,    1.780,    0.000,
    1.990,    0.180,    1.730,    0.000,
    1.950,    0.230,    1.650,    0.000,
    1.930,    0.160,    1.580,    0.000,
    1.850,    0.260,    1.550,    0.000,
    1.840,    0.220,    1.510,    0.000,
    1.810,   -0.010,    1.260,    0.000,
    1.680,    0.310,    0.760,    0.000,
    1.490,    0.160,    0.000,    0.000,
    0.720,   -0.890,    0.000,    0.000,
    0.490,   -0.290,    0.000,    0.000,
    0.410,    0.670,    0.000,    0.000,
    0.330,    0.570,    0.000,    0.000,
    0.280,    0.020,    0.000,    0.000,
    0.180,   -0.070,   -0.150,    0.000,
    0.060,   -0.130,   -0.190,    0.000,
   -0.010,    0.190,   -0.210,    0.000,
   -0.040,   -0.190,   -0.360,    0.000,
   -0.090,   -0.510,   -1.130,    0.000,
   -0.290,   -0.270,   -1.330,    0.000,
   -0.820,    0.050,   -1.410,    0.000,
   -1.100,   -0.460,   -1.620,    0.000,
   -1.260,   -0.880,   -1.720,    0.000,
   -1.440,   -0.840,   -1.960,    0.000,
   -1.700,   -1.480,   -2.040,    0.000,
   -1.820,   -1.570,   -2.040,    0.000,
   -1.910,   -1.590,   -2.040,    0.000,
   -1.940,   -0.910,   -2.040,    0.000,
   -1.970,   -0.190,   -2.040,    0.000,
   -2.000,   -0.320,   -2.040,    0.000,
   -2.030,   -0.080,   -2.040,    0.000,
   -2.080,    0.040,   -2.040,    0.000,
   -2.110,   -0.220,   -2.040,    0.000,
   -2.140,   -0.430,   -2.040,    0.000,
   -2.180,   -0.020,   -2.050,    0.000,
   -2.180,    0.000,   -2.050,    0.000,
   -2.240,   -0.240,   -2.070,    0.000,
   -2.270,   -0.230,   -2.090,    0.000,
   -2.300,   -0.220,   -2.110,    0.000,
   -2.330,   -0.010,   -2.110,    0.000,
   -2.290,    0.290,   -2.110,    0.000,
   -2.470,   -0.210,   -2.110,    0.000,
   -2.360,   -0.440,   -2.110,    0.000,
   -2.330,   -0.390,   -2.110,    0.000,
   -2.340,   -0.140,   -2.110,    0.000,
   -2.350,   -0.040,   -2.110,    0.000,
   -2.350,   -0.040,   -2.110,    0.000,
   -2.360,   -0.100,   -2.110,    0.000,
   -2.370,   -0.280,   -2.110,    0.000,
   -2.380,   -0.030,   -2.100,    0.000,
   -2.370,   -0.330,   -2.080,    0.000,
   -2.350,   -0.090,   -1.990,    0.000,
   -2.340,    0.000,   -1.870,    0.000,
   -2.260,   -0.230,   -1.820,    0.000,
   -2.200,   -0.230,   -1.730,    0.000,
   -2.140,   -0.110,   -1.420,    0.000,
   -2.000,   -0.030,   -0.830,    0.000,
   -1.760,   -0.030,   -0.230,    0.000,
   -1.260,   -0.010,   -0.190,    0.000,
   -0.800,    0.390,   -0.170,    0.000,
   -0.720,    0.150,   -0.150,    0.000,
   -0.620,   -0.240,    0.000,    0.000,
   -0.340,   -0.390,    0.000,    0.000,
   -0.390,    0.170,    0.000,    0.000,
   -0.290,    0.490,    0.000,    0.000,
   -0.160,   -0.010,    0.000,    0.000,
   -0.080,   -0.330,    0.740,    0.000,
    0.080,    0.080,    1.020,    0.000,
    0.510,    0.040,    1.350,    0.000,
    0.950,    0.760,    1.580,    0.000,
    1.210,    1.120,    1.780,    0.000,
    1.440,    1.440,    1.840,    0.000,
    1.590,    0.960,    1.880,    0.000,
    1.650,    1.130,    1.880,    0.000,
    1.680,    0.770,    1.880,    0.000,
    1.740,    0.470,    1.880,    0.000,
    1.750,    0.250,    1.880,    0.000,
    1.820,    0.790,    1.870,    0.000,
    1.850,    0.510,    1.870,    0.000,
    1.880,    0.340,    1.860,    0.000,
    1.900,    0.020,    1.860,    0.000,
    1.900,    0.350,    1.840,    0.000,
    1.940,    0.410,    1.840,    0.000,
    1.980,    0.500,    1.840,    0.000,
    1.990,    0.290,    1.840,    0.000,
    1.990,    0.150,    1.840,    0.000,
    2.000,    0.210,    1.840,    0.000,
    2.010,    0.100,    1.840,    0.000,
    2.010,    0.410,    1.840,    0.000,
    2.050,    0.200,    1.850,    0.000,
    2.040,   -0.090,    1.850,    0.000,
    2.060,    0.050,    1.860,    0.000,
    2.060,    0.250,    1.860,    0.000,
    2.070,    0.330,    1.860,    0.000,
    2.080,    0.270,    1.860,    0.000,
    2.060,    0.280,    1.870,    0.000,
    2.080,    0.110,    1.870,    0.000,
    2.090,   -0.010,    1.870,    0.000,
    2.070,    0.140,    1.870,    0.000,
    2.120,    0.200,    1.860,    0.000,
    2.100,    0.320,    1.850,    0.000,
    2.070,    0.190,    1.770,    0.000,
    2.010,    0.270,    1.360,    0.000,
    1.880,    0.190,    1.020,    0.000,
    1.680,    0.250,    0.670,    0.000,
    1.380,    0.140,    0.000,    0.000,
    0.700,   -0.760,    0.000,    0.000,
    0.500,   -0.400,    0.000,    0.000,
    0.430,   -0.040,    0.000,    0.000,
    0.350,    0.190,    0.000,    0.000,
    0.250,    0.440,    0.000,    0.000,
    0.190,   -0.130,    0.000,    0.000,
    0.090,    0.000,    0.000,    0.000,
    0.010,    0.020,    0.000,    0.000,
   -0.010,   -0.100,    0.000,    0.000,
    0.000,   -0.020,   -0.150,    0.000,
   -0.010,   -0.020,   -0.150,    0.000,
   -0.010,   -0.080,   -0.180,    0.000,
   -0.010,   -0.050,   -0.180,    0.000,
    0.000,   -0.030,   -0.180,    0.000,
   -0.020,    0.010,   -0.180,    0.000,
   -0.060,    0.320,   -0.180,    0.000,
   -0.170,    0.120,   -0.180,    0.000,
   -0.230,   -0.310,   -0.180,    0.000,
   -0.250,   -0.350,   -0.180,    0.000,
   -0.250,   -0.570,   -0.180,    0.000,
   -0.230,   -0.360,   -0.180,    0.000,
   -0.220,   -0.180,   -0.180,    0.000,
   -0.180,    0.150,   -0.180,    0.000,
   -0.220,    0.070,   -0.180,    0.000,
   -0.270,    0.130,   -0.180,    0.000,
   -0.270,   -0.320,   -0.180,    0.000,
   -0.270,   -0.400,   -0.180,    0.000,
   -0.230,   -0.160,   -0.180,    0.000,
   -0.230,   -0.370,   -0.180,    0.000,
   -0.310,   -1.930,   -0.180,    0.000,
   -0.240,   -0.540,   -0.180,    0.000,
   -0.260,   -1.580,   -0.180,    0.000,
   -0.280,   -1.970,   -0.180,    0.000,
   -0.270,   -1.980,   -0.180,    0.000,
   -0.270,   -2.180,   -0.180,    0.000,
   -0.350,   -2.650,   -0.180,    0.000,
   -0.300,   -2.390,   -0.180,    0.000,
   -0.210,   -1.920,   -0.180,    0.000,
   -0.130,   -0.540,   -0.170,    0.000,
   -0.270,   -0.680,   -0.170,    0.000,
   -0.370,   -1.370,   -0.170,    0.000,
   -0.320,   -1.040,   -0.170,    0.000,
   -0.380,   -0.130,   -0.170,    0.000,
   -0.320,    0.500,   -0.160,    0.000,
   -0.270,    0.370,   -0.150,    0.000,
   -0.240,   -0.070,   -0.150,    0.000,
   -0.200,    0.100,    0.000,    0.000,
   -0.120,   -0.080,    0.000,    0.000,
   -0.070,    0.000,    0.000,    0.000,
   -0.030,   -0.150,    0.000,    0.000,
   -0.010,   -0.090,    0.000,    0.000,
    0.000,    0.030,    0.000,    0.000,
    0.000,   -0.050,    0.000,    0.000,
    0.010,    0.090,    0.000,    0.000,
    0.000,    0.310,    0.000,    0.000,
    0.030,   -0.060,    0.000,    0.000,
    0.000,    0.070,    0.000,    0.000,
   -0.060,    0.720,    0.000,    0.000,
   -0.070,    1.020,    0.000,    0.000,
    0.010,    0.260,    0.000,    0.000,
    0.070,   -0.800,    0.000,    0.000,
    0.040,   -1.000,    0.000,    0.000,
    0.130,   -1.770,    0.000,    0.000,
    0.140,   -2.350,    0.000,    0.000,
    0.110,   -2.010,    0.000,    0.000,
    0.130,   -1.880,    0.000,    0.000,
    0.170,   -2.000,    0.000,    0.000,
    0.120,   -1.120,    0.000,    0.000,
    0.130,   -1.450,    0.000,    0.000,
    0.100,   -1.170,    0.000,    0.000,
    0.100,   -1.210,    0.000,    0.000,
    0.060,   -0.460,    0.000,    0.000,
    0.050,   -0.670,    0.000,    0.000,
    0.010,    0.040,    0.000,    0.000,
    0.010,   -0.180,    0.000,    0.000,
    0.000,    0.320,    0.000,    0.000,
    0.020,    0.560,    0.000,    0.000,
    0.030,    0.390,    0.000,    0.000,
    0.060,    0.000,    0.000,    0.000,
    0.070,   -0.270,    0.000,    0.000,
    0.070,   -0.450,    0.000,    0.000,
    0.030,   -0.020,    0.000,    0.000,
    0.030,    0.370,    0.000,    0.000,
    0.010,    0.300,    0.000,    0.000,
    0.040,    0.000,    0.000,    0.000,
    0.000,   -0.110,    0.000,    0.000,
   -0.060,    0.800,    0.000,    0.000,
   -0.030,    1.170,    0.000,    0.000,
    0.020,    0.440,    0.000,    0.000,
    0.100,   -0.510,    0.000,    0.000,
    0.080,   -0.710,    0.000,    0.000,
    0.050,   -0.250,    0.000,    0.000,
    0.030,   -0.150,    0.000,    0.000,
    0.060,   -0.200,    0.000,    0.000,
    0.060,   -0.140,    0.000,    0.000,
    0.050,    0.140,    0.000,    0.000,
    0.030,    0.270,    0.000,    0.000,
    0.050,    0.070,    0.000,    0.000,
    0.050,   -0.170,    0.000,    0.000,
    0.010,    0.020,    0.000,    0.000,
    0.010,    0.300,    0.000,    0.000,
   -0.020,    0.340,    0.000,    0.000,
    0.030,    0.170,    0.000,    0.000,
    0.070,   -0.230,    0.000,    0.000,
    0.000,    0.350,    0.000,    0.000,
    0.020,    0.070,    0.000,    0.000,
    0.040,   -0.280,    0.000,    0.000,
    0.060,   -0.220,    0.000,    0.000,
    0.050,    0.060,    0.000,    0.000,
   -0.030,    0.160,    0.000,    0.000,
   -0.040,    0.180,    0.000,    0.000,
   -0.070,    0.240,    0.000,    0.000,
   -0.070,    0.080,    0.000,    0.000,
   -0.090,    0.240,    0.000,    0.000,
   -0.090,    0.150,    0.000,    0.000,
   -0.100,   -0.280,    0.000,    0.000,
   -0.070,    0.020,    0.000,    0.000,
   -0.040,    0.070,    0.000,    0.000,
   -0.020,    0.050,    0.000,    0.000,
   -0.030,   -0.060,    0.000,    0.000,
   -0.020,    0.200,    0.000,    0.000,
    0.000,    0.250,    0.000,    0.000,
    0.000,    0.000,    0.000,    0.000,
    0.000,    0.080,    0.000,    0.000,
    0.000,   -0.060,    0.000,    0.000,
    0.050,    0.490,    0.000,    0.000,
    0.000,    0.800,    0.000,    0.000,
   -0.020,    0.510,    0.000,    0.000,
   -0.010,    0.540,    0.000,    0.000,
    0.000,    0.040,    0.000,    0.000,
   -0.010,    0.000,    0.000,    0.000,
   -0.080,    0.050,    0.000,    0.000,
   -0.100,   -0.530,    0.000,    0.000,
   -0.050,   -0.600,    0.000,    0.000,
   -0.050,   -0.260,    0.000,    0.000,
   -0.040,    0.000,    0.000,    0.000,
   -0.040,   -0.130,    0.000,    0.000,
   -0.050,   -0.270,    0.000,    0.000,
   -0.050,   -0.210,    0.000,    0.000,
   -0.050,   -0.050,    0.000,    0.000,
   -0.040,   -0.400,    0.000,    0.000,
   -0.100,   -0.470,    0.000,    0.000,
   -0.040,   -0.460,    0.000,    0.000,
   -0.070,   -0.130,    0.000,    0.000,
   -0.050,    0.000,    0.000,    0.000,
   -0.050,    0.070,    0.000,    0.000,
   -0.030,   -0.210,    0.000,    0.000,
   -0.020,    0.010,    0.000,    0.000,
   -0.070,   -0.130,    0.000,    0.000,
   -0.090,   -0.600,    0.000,    0.000,
   -0.040,   -0.250,    0.000,    0.000,
    0.070,    0.780,    0.000,    0.000,
    0.010,    0.430,    0.000,    0.000,
   -0.010,    0.340,    0.000,    0.000,
   -0.010,    0.390,    0.000,    0.000,
    0.020,    0.480,    0.000,    0.000,
    0.000,    0.170,    0.000,    0.000,
   -0.030,    0.050,    0.000,    0.000,
   -0.040,   -0.060,    0.000,    0.000,
    0.010,    0.250,    0.000,    0.000,
    0.000,    0.020,    0.000,    0.000,
   -0.030,   -0.030,    0.000,    0.000,
   -0.030,   -0.020,    0.000,    0.000,
    0.000,   -0.020,    0.000,    0.000,
    0.000,    0.040,    0.000,    0.000,
    0.010,    0.080,    0.000,    0.000,
    0.000,   -0.010,    0.150,    0.000,
    0.040,   -0.710,    0.150,    0.000,
    0.080,   -0.380,    0.150,    0.000,
    0.080,   -0.270,    0.160,    0.000,
    0.120,   -0.170,    0.150,    0.000,
    0.080,   -0.440,    0.160,    0.000,
    0.090,   -0.470,    0.180,    0.000,
    0.140,   -0.390,    0.170,    0.000,
    0.140,   -0.110,    0.000,    0.000,
    0.100,    0.090,    0.000,    0.000,
    0.080,   -0.080,    0.000,    0.000,
    0.060,   -0.190,    0.000,    0.000,
    0.120,    0.900,    0.000,    0.000,
    0.080,    0.560,    0.000,    0.000,
    0.070,    0.410,    0.000,    0.000,
    0.080,    0.200,    0.000,    0.000,
    0.080,    0.040,    0.000,    0.000,
    0.070,   -0.170,    0.000,    0.000,
    0.060,   -0.050,    0.000,    0.000,
    0.040,    0.150,    0.000,    0.000,
    0.030,   -0.070,    0.000,    0.000,
    0.020,    0.180,    0.000,    0.000,
    0.010,    0.220,    0.000,    0.000,
    0.030,    0.040,    0.000,    0.000,
    0.000,    0.300,    0.000,    0.000,
    0.080,   -0.960,    0.000,    0.000,
    0.060,   -0.610,    0.000,    0.000,
    0.060,   -0.490,    0.000,    0.000,
    0.070,   -1.090,    0.000,    0.000,
    0.050,   -0.890,    0.000,    0.000,
    0.030,   -0.780,    0.000,    0.000,
    0.050,   -0.920,    0.000,    0.000,
    0.090,   -1.100,    0.000,    0.000,
    0.110,   -1.410,    0.000,    0.000,
    0.130,   -1.740,    0.000,    0.000,
    0.140,   -1.890,    0.000,    0.000,
    0.140,   -2.110,    0.000,    0.000,
    0.180,   -2.460,    0.000,    0.000,
    0.170,   -2.410,    0.000,    0.000,
    0.140,   -2.030,    0.000,    0.000,
    0.040,   -1.410,    0.000,    0.000,
    0.030,   -1.330,    0.000,    0.000,
    0.080,   -1.100,    0.000,    0.000,
    0.080,   -0.800,    0.000,    0.000,
    0.120,   -0.880,    0.000,    0.000,
    0.080,   -0.560,    0.000,    0.000,
    0.030,   -0.060,    0.000,    0.000,
    0.030,   -0.210,    0.000,    0.000,
    0.020,    0.020,    0.000,    0.000,
    0.020,    0.170,    0.000,    0.000,
    0.020,    0.320,    0.000,    0.000,
    0.020,    0.180,    0.000,    0.000,
    0.020,    0.200,    0.000,    0.000,
    0.000,    0.350,    0.000,    0.000,
   -0.010,    0.180,    0.000,    0.000,
   -0.040,   -0.090,    0.000,    0.000,
   -0.040,    0.050,    0.000,    0.000,
   -0.030,    0.060,    0.000,    0.000,
   -0.010,    0.000,    0.000,    0.000,
    0.000,    0.330,    0.000,    0.000,
    0.000,    0.210,    0.000,    0.000,
    0.000,    0.090,    0.000,    0.000,
    0.000,    0.020,    0.000,    0.000,
    0.000,    0.020,    0.000,    0.000,
    0.000,    0.020,    0.000,    0.000,
    0.000,    0.020,    0.190,    0.000,
    0.020,    0.150,    0.850,    0.000,
    0.150,    0.310,    1.600,    0.000,
    0.730,    0.300,    1.640,    0.000,
    1.260,    0.640,    1.860,    0.000,
    1.540,    1.280,    1.900,    0.000,
    1.680,    1.550,    1.990,    0.000,
    1.820,    2.480,    2.120,    0.000,
    1.930,    1.690,    2.180,    0.000,
    2.010,    1.180,    2.270,    0.000,
    2.110,    1.020,    2.430,    0.000,
    2.270,    0.370,    2.470,    0.000,
    2.370,   -0.650,    2.460,    0.000,
    2.360,    0.080,    2.460,    0.000,
    2.430,    0.690,    2.460,    0.000,
    2.460,    0.780,    2.460,    0.000,
    2.500,    1.070,    2.450,    0.000,
    2.590,    1.230,    2.460,    0.000,
    2.610,   -0.070,    2.460,    0.000,
    2.640,    0.640,    2.460,    0.000,
    2.560,    0.270,    2.450,    0.000,
    2.590,    0.170,    2.450,    0.000,
    2.610,    0.210,    2.450,    0.000,
    2.630,    0.180,    2.450,    0.000,
    2.690,    0.670,    2.440,    0.000,
    2.650,    0.430,    2.400,    0.000,
    2.650,    0.240,    2.370,    0.000,
    2.640,    0.310,    1.970,    0.000,
    2.520,    0.110,    1.450,    0.000,
    2.310,    0.110,    0.750,    0.000,
    1.950,    0.220,    0.000,    0.000,
    1.090,   -0.270,    0.000,    0.000,
    0.580,   -0.320,    0.000,    0.000,
    0.310,    0.330,    0.000,    0.000,
    0.270,    0.790,    0.000,    0.000,
    0.390,    0.980,    0.000,    0.000,
    0.340,    0.910,    0.000,    0.000,
    0.330,   -0.090,    0.000,    0.000,
    0.200,   -0.200,    0.000,    0.000,
    0.160,   -0.090,    0.000,    0.000,
    0.070,    0.210,    0.000,    0.000,
    0.050,    0.210,    0.000,    0.000,
    0.010,    0.000,    0.000,    0.000,
    0.000,   -0.050,    0.000,    0.720,
    0.000,    0.360,    0.000,    1.360,
    0.000,    0.950,    0.000,    5.260,
    0.010,    2.840,    0.000,    6.420,
    0.030,    7.330,    0.000,    8.740,
    0.020,    9.930,    0.000,   11.190,
    0.040,   11.090,    0.000,   12.560,
    0.010,   12.720,    0.000,   12.560,
    0.040,   13.610,    0.000,   12.560,
    0.020,   13.590,    0.000,   12.560,
    0.030,   13.340,    0.000,   12.560,
    0.010,   13.150,    0.000,   12.560,
    0.010,   13.120,    0.000,   12.560,
    0.000,   13.270,    0.000,   12.560,
    0.000,   13.250,    0.000,   12.560,
   -0.010,   13.110,    0.000,   12.560,
    0.000,   13.140,    0.000,   12.560,
    0.000,   13.240,    0.000,   12.560,
    0.020,   13.160,    0.000,   12.560,
    0.010,   13.110,    0.000,   12.560,
    0.030,   13.290,    0.000,   12.560,
    0.010,   13.260,    0.000,   12.560,
    0.010,   13.180,    0.000,   12.560,
    0.010,   13.160,    0.000,   12.560,
    0.000,   13.180,    0.000,   12.560,
   -0.020,   13.310,    0.000,   12.560,
   -0.010,   13.260,    0.000,   12.560,
    0.000,   13.170,    0.000,   12.560,
    0.000,   13.210,    0.000,   12.560,
    0.000,   13.280,    0.000,   12.560,
    0.020,   13.110,    0.000,   12.560,
    0.020,   13.070,    0.000,   12.560,
    0.030,   13.230,    0.000,   12.560,
    0.020,   13.340,    0.000,   12.560,
    0.010,   13.200,    0.000,   12.560,
    0.000,   13.190,    0.000,   12.560,
    0.000,   13.290,    0.000,   12.560,
   -0.010,   13.280,    0.000,   12.560,
   -0.010,   13.030,    0.000,   12.560,
    0.000,   13.110,    0.000,   12.560,
    0.010,   13.180,    0.000,   12.560,
    0.000,   13.420,    0.000,   12.560,
    0.000,   13.270,    0.000,    4.910,
   -0.010,    6.670,    0.000,    0.000,
   -0.010,   -1.690,    0.000,    0.000,
    0.000,   -1.580,    0.000,    0.000,
    0.000,    0.590,    0.000,    0.000,
    0.000,   -0.090,    0.000,    0.000,
    0.000,   -0.140,    0.000,    0.000,
    0.000,    0.010,    0.000,   -8.540,
    0.000,   -1.380,    0.000,  -12.560,
   -0.010,   -5.240,    0.000,  -12.560,
   -0.010,  -10.860,    0.000,  -12.560,
   -0.010,  -14.780,    0.000,  -12.560,
   -0.020,  -14.640,    0.000,  -12.560,
   -0.030,  -13.470,    0.000,  -12.560,
   -0.030,  -13.020,    0.000,  -12.560,
   -0.020,  -13.210,    0.000,  -12.560,
   -0.040,  -13.310,    0.000,  -12.560,
   -0.020,  -13.240,    0.000,  -12.560,
   -0.020,  -13.120,    0.000,  -12.560,
   -0.020,  -13.240,    0.000,  -12.560,
   -0.010,  -13.440,    0.000,  -12.560,
   -0.020,  -13.230,    0.000,  -12.560,
   -0.020,  -13.040,    0.000,  -12.560,
   -0.020,  -13.190,    0.000,  -12.560,
   -0.030,  -13.360,    0.000,  -12.560,
   -0.010,  -13.300,    0.000,  -12.560,
   -0.020,  -13.080,    0.000,    0.000,
    0.030,   -6.220,    0.000,    0.000,
    0.080,    1.610,    0.000,    0.000,
   -0.030,    1.900,    0.000,    0.000,
    0.000,   -0.560,    0.000,    0.000,
    0.000,    0.010,    0.000,    0.000,
    0.000,    0.140,    0.000,    0.000,
    0.000,    0.070,    0.000,    1.430,
    0.010,    0.900,    0.000,   12.560,
    0.030,    3.010,    0.000,   12.560,
    0.050,    7.550,    0.000,   12.560,
    0.030,   12.940,    0.000,   12.560,
    0.000,   15.020,    0.000,   12.560,
    0.000,   14.130,    0.000,   12.560,
    0.020,   13.170,    0.000,   12.560,
    0.020,   13.100,    0.000,   12.560,
    0.010,   13.170,    0.000,   12.560,
    0.020,   13.320,    0.000,   12.560,
    0.020,   13.150,    0.000,   12.560,
    0.010,   13.210,    0.000,   12.560,
    0.000,   13.250,    0.000,   12.560,
   -0.010,   13.290,    0.000,   12.560,
    0.000,   13.220,    0.000,    0.000,
    0.000,    5.560,    0.000,   -2.680,
   -0.070,   -2.900,    0.000,  -12.560,
   -0.060,   -8.430,    0.000,  -12.560,
   -0.010,  -14.150,    0.000,  -12.560,
   -0.050,  -15.250,    0.000,  -12.560,
   -0.050,  -13.700,    0.000,  -12.560,
   -0.020,  -13.120,    0.000,  -12.560,
   -0.020,  -13.100,    0.000,  -12.560,
   -0.030,  -13.120,    0.000,  -12.560,
   -0.010,  -13.030,    0.000,  -12.500,
   -0.010,  -13.110,    0.000,    0.000,
    0.120,   -5.720,    0.000,    0.000,
   -0.040,    1.790,    0.000,    8.450,
    0.000,    5.660,    0.000,   12.560,
    0.030,   11.010,    0.000,   12.560,
    0.030,   14.940,    0.000,   12.560,
    0.000,   14.670,    0.000,   12.560,
    0.000,   13.480,    0.000,   12.560,
    0.020,   13.010,    0.000,   12.560,
   -0.010,   13.150,    0.000,   12.560,
    0.000,   13.270,    0.000,   12.560,
    0.000,   13.320,    0.000,   12.560,
    0.020,   13.040,    0.000,    5.590,
    0.000,    7.000,    0.000,    0.000,
    0.010,   -0.850,    0.000,  -12.560,
   -0.010,   -5.670,    0.000,  -12.560,
    0.000,  -10.920,    0.000,  -12.560,
   -0.020,  -14.900,    0.000,  -12.560,
   -0.020,  -14.770,    0.000,  -12.560,
   -0.040,  -13.240,    0.000,  -12.560,
   -0.030,  -12.830,    0.000,  -12.560,
   -0.020,  -13.010,    0.000,  -12.560,
    0.000,  -13.200,    0.000,  -12.560,
   -0.010,  -13.160,    0.000,  -12.560,
   -0.010,  -13.190,    0.000,  -12.560,
    0.000,  -13.260,    0.000,    0.000,
    0.070,   -6.120,    0.000,    0.000,
    0.060,    0.500,    0.000,    0.000,
    0.010,    2.440,    0.000,    0.000,
   -0.010,   -0.380,    0.000,    0.000,
    0.000,   -0.220,    0.000,    0.000,
    0.000,    0.100,    0.000,    0.000,
    0.000,    0.020,    0.000,    0.000,
    0.000,    0.010,    0.000,    0.000,
    0.000,    0.010,    0.000,    0.000,
    0.000,    0.020,    0.000,    0.000,
    0.000,    0.020,    0.000,    0.000,
    0.000,    0.020,    0.000,    0.000,
    0.000,    0.020,    0.000,    0.000,
    0.000,    0.020,    0.000,    0.000,
    0.000,    0.020,    0.630,    0.000,
    0.090,    0.020,    0.860,    0.000,
    0.450,    0.460,    0.900,    0.000,
    0.610,    0.990,    0.900,    0.000,
    0.630,    0.160,    0.940,    0.000,
    0.670,    0.430,    1.130,    0.000,
    0.850,    0.010,    1.450,    0.000,
    1.150,   -0.550,    1.800,    0.000,
    1.480,   -1.060,    2.390,    0.000,
    1.840,   -0.340,    2.510,    0.000,
    2.300,   -0.170,    2.590,    0.000,
    2.510,   -1.350,    2.690,    0.000,
    2.600,   -0.740,    2.700,    0.000,
    2.660,   -1.150,    2.700,    0.000,
    2.700,   -1.030,    2.670,    0.000,
    2.680,   -1.000,    2.650,    0.000,
    2.710,   -0.690,    2.640,    0.000,
    2.670,    0.280,    2.620,    0.000,
    2.700,    0.160,    2.540,    0.000,
    2.670,    0.120,    2.220,    0.000,
    2.560,    0.420,    1.920,    0.000,
    2.410,    0.240,    1.360,    0.000,
    2.210,    0.190,    0.980,    0.000,
    1.870,    0.120,    0.710,    0.000,
    1.490,   -0.030,    0.630,    0.000,
    1.290,   -0.010,    0.520,    0.000,
    1.160,    0.040,    0.260,    0.000,
    0.880,    0.270,    0.000,    0.000,
    0.520,   -0.020,    0.000,    0.000,
    0.360,    0.300,    0.000,    0.000,
    0.310,    0.090,    0.000,    0.000,
    0.200,    0.580,    0.000,    0.000,
    0.140,    0.030,   -0.180,    0.000,
    0.020,    0.350,   -0.190,    0.000,
   -0.030,   -0.070,   -0.230,    0.000,
   -0.040,   -0.190,   -0.500,    0.000,
   -0.120,   -0.350,   -0.960,    0.000,
   -0.360,   -0.160,   -1.250,    0.000,
   -0.830,    0.170,   -1.570,    0.000,
   -1.170,   -0.040,   -1.910,    0.000,
   -1.490,    0.000,   -2.240,    0.000,
   -1.940,   -0.120,   -2.310,    0.000,
   -2.150,   -0.180,   -2.310,    0.000,
   -2.180,   -0.370,   -2.310,    0.000,
   -2.280,   -0.750,   -2.310,    0.000,
   -2.210,   -0.640,   -2.410,    0.000,
   -2.250,   -0.190,   -2.720,    0.000,
   -2.490,    0.150,   -2.810,    0.000,
   -2.710,   -0.030,   -2.820,    0.000,
   -2.790,    0.170,   -2.810,    0.000,
   -2.820,    0.020,   -2.810,    0.000,
   -2.880,    0.270,   -2.810,    0.000,
   -2.900,    0.000,   -2.810,    0.000,
   -2.940,   -0.380,   -2.810,    0.000,
   -2.970,   -0.320,   -2.810,    0.000,
   -3.020,   -0.300,   -2.790,    0.000,
   -3.050,   -0.520,   -2.720,    0.000,
   -3.010,   -0.370,   -2.340,    0.000,
   -2.900,   -0.270,   -1.980,    0.000,
   -2.690,    0.020,   -1.350,    0.000,
   -2.460,    0.010,   -1.150,    0.000,
   -2.060,    0.190,   -1.000,    0.000,
   -1.810,   -0.140,   -0.920,    0.000,
   -1.660,    0.120,   -0.750,    0.000,
   -1.440,    0.090,   -0.250,    0.000,
   -1.130,   -0.100,   -0.200,    0.000,
   -0.770,   -1.060,   -0.170,    0.000,
   -0.630,   -0.500,   -0.170,    0.000,
   -0.600,    0.030,   -0.150,    0.000,
   -0.530,    0.100,    0.000,    0.000,
   -0.310,    0.340,    0.000,    0.000,
   -0.200,    0.370,    0.000,    0.000,
   -0.130,    0.110,    0.000,    0.000,
   -0.080,   -0.060,    0.000,    0.000,
   -0.020,    0.350,    0.000,    0.000,
    0.000,    0.430,    0.000,    0.000,
    0.000,    0.160,    0.000,    0.000,
    0.000,    0.000,    0.000,    0.000,
   -0.030,    0.200,    0.000,    0.000,
   -0.030,   -0.080,    0.000,    0.000,
   -0.120,   -0.550,    0.000,    0.000,
   -0.120,   -0.640,    0.000,    0.000,
   -0.050,   -0.120,    0.000,    0.000,
    0.010,    0.550,    0.000,    0.000,
   -0.060,   -0.050,    0.000,    0.000,
   -0.030,    0.780,    0.000,    0.000,
   -0.110,   -0.310,    0.240,    0.000,
    0.080,    0.950,    0.250,    0.000,
    0.170,    0.390,    0.270,    0.000,
    0.090,   -0.880,    0.260,    0.000,
    0.200,   -1.600,    0.270,    0.000,
    0.290,   -0.340,    0.260,    0.000,
    0.250,    0.130,    0.340,    0.000,
    0.360,    0.910,    0.540,    0.000,
    0.490,    2.230,    0.580,    0.000,
    0.530,    1.640,    0.600,    0.000,
    0.610,    1.670,    0.600,    0.000,
    0.610,    1.370,    0.600,    0.000,
    0.550,    0.820,    0.600,    0.000,
    0.560,    0.880,    0.600,    0.000,
    0.660,    1.160,    0.600,    0.000,
    0.560,    1.030,    0.600,    0.000,
    0.570,    0.980,    0.600,    0.000,
    0.530,    0.220,    0.600,    0.000,
    0.530,    0.110,    0.560,    0.000,
    0.470,   -0.670,    0.310,    0.000,
    0.520,   -0.550,    0.000,    0.000,
    0.490,    0.000,    0.000,    0.000,
    0.260,   -2.140,    0.000,    0.000,
    0.290,   -0.990,    0.000,    0.000,
    0.300,    0.240,    0.000,    0.000,
    0.280,    0.200,    0.000,    0.000,
    0.200,   -0.180,    0.000,    0.000,
    0.170,    0.090,    0.000,    0.000,
    0.120,   -0.090,    0.000,    0.000,
    0.100,    0.060,    0.000,    0.000,
    0.050,    0.040,    0.000,    0.000,
    0.030,    0.030,    0.000,    0.000,
    0.010,    0.110,    0.000,    0.000,
    0.010,    0.050,    0.000,    0.000,
    0.050,   -0.420,    0.000,    0.000,
    0.080,   -0.450,    0.000,    0.000,
    0.110,   -1.580,    0.000,    0.000,
    0.080,   -1.910,    0.000,    0.000,
    0.070,   -1.880,    0.000,    0.000,
    0.020,   -1.630,    0.000,    0.000,
    0.070,   -1.600,    0.000,    0.000,
    0.140,   -2.350,    0.000,    0.000,
    0.110,   -2.160,    0.000,    0.000,
    0.100,   -1.940,    0.000,    0.000,
    0.090,   -1.510,    0.000,    0.000,
    0.150,   -1.530,    0.000,    0.000,
    0.130,   -1.880,    0.000,    0.000,
    0.090,   -1.650,    0.000,    0.000,
    0.070,   -1.690,    0.000,    0.000,
    0.020,   -0.670,    0.000,    0.000,
    0.000,   -0.420,    0.000,    0.000,
    0.100,   -0.220,    0.000,    0.000,
    0.100,   -0.990,    0.000,    0.000,
    0.080,   -0.740,    0.000,    0.000,
    0.110,   -1.270,    0.000,    0.000,
    0.090,   -1.830,    0.000,    0.000,
    0.080,   -2.300,    0.000,    0.000,
    0.090,   -2.540,    0.000,    0.000,
    0.120,   -2.600,    0.000,    0.000,
    0.080,   -2.520,    0.000,    0.000,
    0.040,   -2.050,    0.000,    0.000,
   -0.040,   -0.350,    0.000,    0.000,
   -0.010,    0.150,    0.000,    0.000,
   -0.010,    0.130,    0.000,    0.000,
    0.140,   -0.330,    0.000,    0.000,
    0.240,   -2.130,    0.000,    0.000,
    0.230,   -1.980,    0.000,    0.000,
    0.260,   -0.860,    0.000,    0.000,
    0.230,    0.540,    0.000,    0.000,
    0.160,    0.860,    0.000,    0.000,
    0.070,    0.200,    0.000,    0.000,
    0.020,   -0.140,    0.000,    0.000,
    0.020,    0.070,    0.000,    0.000,
    0.020,    0.150,    0.000,    0.000,
    0.010,   -0.100,    0.000,    0.000,
    0.010,    0.190,    0.000,    0.000,
    0.000,    0.180,    0.000,    0.000,
    0.000,    0.070,    0.000,    0.000,
    0.000,    0.090,    0.000,    0.000,
    0.000,    0.170,    0.000,    0.000,
    0.040,    1.050,    0.000,    0.000,
    0.000,    1.440,    0.000,    0.000,
   -0.050,    1.330,    0.000,    0.000,
   -0.030,    1.570,    0.000,    0.000,
   -0.030,    1.320,    0.000,    0.000,
   -0.020,    1.570,    0.000,    0.000,
   -0.060,    1.280,    0.000,    0.000,
   -0.040,    1.170,    0.000,    0.000,
    0.000,    1.310,    0.000,    0.000,
   -0.060,    1.350,    0.000,    0.000,
    0.000,    1.770,    0.000,    0.000,
    0.030,    2.110,    0.000,    0.000,
    0.040,    2.840,    0.000,    0.000,
    0.130,    3.980,    0.200,    0.000,
    0.220,    3.820,    0.210,    0.000,
    0.260,    3.490,    0.210,    0.000,
    0.200,    3.030,    0.210,    0.000,
    0.050,    0.870,    0.210,    0.000,
    0.010,   -1.120,    0.210,    0.000,
   -0.030,   -2.600,    0.210,    0.000,
    0.090,   -1.850,    0.210,    0.000,
    0.190,   -1.050,    0.210,    0.000,
    0.200,   -0.660,    0.000,    0.000,
    0.100,   -0.250,    0.000,    0.000,
    0.090,    0.300,    0.000,    0.000,
    0.090,    1.240,    0.000,    0.000,
    0.050,    0.800,    0.000,    0.000,
    0.030,    0.130,    0.000,    0.000,
    0.040,    0.220,    0.000,    0.000,
   -0.070,   -0.400,    0.000,    0.000,
    0.020,   -0.010,    0.000,    0.000,
    0.180,    1.190,    0.000,    0.000,
    0.180,    2.240,    0.000,    0.000,
    0.200,    2.240,    0.000,    0.000,
    0.110,    1.460,    0.000,    0.000,
   -0.100,    0.020,    0.000,    0.000,
    0.060,    0.370,    0.000,    0.000,
    0.060,    0.840,    0.000,    0.000,
    0.040,    0.840,    0.000,    0.000,
    0.020,    0.580,    0.000,    0.000,
    0.000,    0.710,    0.000,    0.000,
    0.010,    0.550,    0.000,    0.000,
    0.050,    0.610,    0.000,    0.000,
    0.080,    1.110,    0.000,    0.000,
    0.030,    1.140,    0.000,    0.000,
    0.050,    1.100,    0.000,    0.000,
   -0.030,   -3.440,    0.000,    0.000,
    0.120,   -1.890,    0.000,    0.000,
    0.070,    0.010,    0.000,    0.000,
   -0.020,    0.520,    0.000,    0.000,
   -0.020,    0.040,    0.000,    0.000,
    0.000,   -0.160,    0.000,    0.000,
    0.000,   -0.230,    0.000,    0.000,
    0.000,   -0.050,    0.000,    0.000,
   -0.010,    0.060,    0.000,    0.000,
    0.000,    0.020,    0.000,    0.000,
    0.000,    0.050,    0.000,    0.000,
   -0.010,    0.260,    0.000,    0.000,
    0.010,    0.310,    0.000,    0.000,
    0.030,   -0.610,    0.000,    0.000,
    0.060,   -1.230,    0.000,    0.000,
    0.050,   -1.010,    0.000,    0.000,
    0.050,   -0.990,    0.000,    0.000,
    0.090,   -0.940,    0.000,    0.000,
    0.090,   -1.360,    0.000,    0.000,
    0.030,   -0.960,    0.000,    0.000,
    0.070,   -0.950,    0.000,    0.000,
    0.020,   -1.250,    0.000,    0.000,
    0.010,   -1.170,    0.000,    0.000,
    0.040,   -0.780,    0.000,    0.000,
    0.070,   -0.070,    0.000,    0.000,
    0.070,   -0.700,    0.000,    0.000,
    0.060,   -0.710,    0.000,    0.000,
    0.070,   -0.570,    0.000,    0.000,
    0.010,    0.010,    0.000,    0.000,
    0.020,   -0.040,    0.000,    0.000,
    0.040,   -0.030,    0.000,    0.000,
    0.100,   -0.030,    0.000,    0.000,
    0.100,   -0.720,    0.000,    0.000,
   -0.020,   -0.380,    0.000,    0.000,
   -0.080,    0.950,    0.000,    0.000,
   -0.080,    1.520,    0.000,    0.000,
    0.080,    0.240,    0.000,    0.000,
    0.110,   -0.710,    0.000,    0.000,
    0.100,   -0.870,    0.000,    0.000,
    0.100,   -0.680,    0.000,    0.000,
    0.110,   -0.480,    0.000,    0.000,
    0.030,    0.000,    0.000,    0.000,
    0.000,    0.410,    0.000,    0.000,
    0.080,   -0.040,    0.000,    0.000,
    0.100,   -0.670,    0.000,    0.000,
    0.170,   -0.960,    0.000,    0.000,
    0.140,   -0.690,    0.000,    0.000,
   -0.020,   -0.020,    0.000,    0.000,
   -0.180,    1.360,    0.000,    0.000,
   -0.130,    1.910,    0.000,    0.000,
    0.070,   -0.030,    0.000,    0.000,
    0.170,   -1.320,    0.000,    0.000,
    0.140,   -1.090,    0.000,    0.000,
    0.140,   -0.780,    0.000,    0.000,
    0.100,   -0.680,    0.000,    0.000,
    0.080,   -0.410,    0.000,    0.000,
    0.030,   -0.070,    0.000,    0.000,
    0.000,    0.380,    0.000,    0.000,
    0.030,    0.200,    0.000,    0.000,
    0.070,   -0.350,    0.000,    0.000,
    0.080,   -0.460,    0.000,    0.000,
    0.040,   -0.290,    0.000,    0.000,
    0.010,    0.070,    0.000,    0.000,
   -0.010,    0.270,    0.000,    0.000,
    0.100,   -0.340,    0.000,    0.000,
    0.120,   -0.450,    0.000,    0.000,
    0.000,    0.170,    0.000,    0.000,
   -0.030,    0.450,    0.000,    0.000,
   -0.020,    0.460,    0.000,    0.000,
   -0.020,    0.340,    0.000,    0.000,
   -0.040,    0.160,    0.000,    0.000,
   -0.030,    0.060,    0.000,    0.000,
   -0.020,    0.410,    0.000,    0.000,
   -0.040,    0.300,    0.000,    0.000,
   -0.010,    0.190,    0.000,    0.000,
   -0.060,   -0.220,    0.000,    0.000,
   -0.060,   -0.170,    0.000,    0.000,
   -0.020,    0.100,    0.000,    0.000,
    0.000,    0.280,    0.000,    0.000,
   -0.020,    0.260,    0.000,    0.000,
    0.000,    0.140,    0.000,    0.000,
    0.000,    0.250,    0.000,    0.000,
    0.040,    0.810,    0.280,    0.000,
    0.140,    0.430,    0.280,    0.000,
    0.240,   -0.510,    0.280,    0.000,
    0.210,   -0.670,    0.280,    0.000,
    0.190,   -0.150,    0.280,    0.000,
    0.230,   -0.450,    0.280,    0.000,
    0.240,   -0.390,    0.280,    0.000,
    0.280,   -0.050,    0.280,    0.000,
    0.270,   -0.020,    0.280,    0.000,
    0.280,   -0.020,    0.280,    0.000,
    0.270,   -0.150,    0.280,    0.000,
    0.260,   -0.030,    0.280,    0.000,
    0.290,    0.040,    0.300,    0.000,
    0.270,   -0.280,    0.300,    0.000,
    0.340,   -0.290,    0.300,    0.000,
    0.310,   -0.370,    0.300,    0.000,
    0.330,   -0.120,    0.430,    0.000,
    0.400,   -0.140,    0.580,    0.000,
    0.490,   -0.480,    0.630,    0.000,
    0.600,   -1.220,    0.630,    0.000,
    0.580,   -1.330,    0.630,    0.000,
    0.550,   -1.520,    0.630,    0.000,
    0.510,   -2.090,    0.630,    0.000,
    0.590,   -1.190,    0.630,    0.000,
    0.650,   -0.320,    0.630,    0.000,
    0.630,   -0.630,    0.630,    0.000,
    0.630,   -0.720,    0.630,    0.000,
    0.600,   -0.740,    0.630,    0.000,
    0.600,   -1.080,    0.630,    0.000,
    0.590,   -0.410,    0.630,    0.000,
    0.620,   -0.190,    0.630,    0.000,
    0.610,   -0.460,    0.630,    0.000,
    0.580,   -0.580,    0.650,    0.000,
    0.620,   -0.910,    0.660,    0.000,
    0.680,   -0.750,    0.680,    0.000,
    0.680,   -0.460,    0.690,    0.000,
    0.730,   -0.310,    0.680,    0.000,
    0.750,    0.100,    0.680,    0.000,
    0.720,   -0.130,    0.680,    0.000,
    0.690,   -0.380,    0.680,    0.000,
    0.650,   -0.870,    0.680,    0.000,
    0.670,   -0.650,    0.670,    0.000,
    0.730,   -0.070,    0.000,    0.000,
    0.690,    0.190,    0.000,    0.000,
    0.390,    0.810,    0.000,    0.000,
    0.180,    0.300,    0.000,    0.000,
    0.220,   -0.020,    0.000,    0.000,
    0.170,    0.390,    0.000,    0.000,
    0.170,    0.400,    0.000,    0.000,
    0.270,   -0.080,    0.000,    0.000,
    0.280,    0.000,    0.000,    0.000,
    0.210,    0.290,    0.000,    0.000,
    0.130,    0.190,    0.000,    0.000,
    0.070,    0.150,   -0.150,    0.000,
    0.010,    0.150,   -0.190,    0.000,
   -0.020,   -0.040,   -0.250,    0.000,
   -0.050,   -0.060,   -0.370,    0.000,
   -0.100,   -0.210,   -0.770,    0.000,
   -0.280,   -0.330,   -1.020,    0.000,
   -0.580,   -0.080,   -1.130,    0.000,
   -0.840,    0.860,   -1.420,    0.000,
   -1.020,    0.140,   -1.520,    0.000,
   -1.230,    0.370,   -1.750,    0.000,
   -1.470,    0.150,   -1.820,    0.000,
   -1.660,    0.220,   -1.990,    0.000,
   -1.760,   -0.640,   -2.110,    0.000,
   -1.960,   -1.050,   -2.110,    0.000,
   -2.050,   -0.730,   -2.300,    0.000,
   -2.160,   -0.660,   -2.390,    0.000,
   -2.350,   -0.100,   -2.390,    0.000,
   -2.460,    0.320,   -2.390,    0.000,
   -2.450,   -0.030,   -2.390,    0.000,
   -2.450,   -0.170,   -2.360,    0.000,
   -2.490,   -0.200,   -2.350,    0.000,
   -2.480,   -0.710,   -2.190,    0.000,
   -2.450,   -0.380,   -2.170,    0.000,
   -2.410,   -0.230,   -2.120,    0.000,
   -2.400,    0.000,   -1.860,    0.000,
   -2.320,   -0.080,   -1.580,    0.000,
   -2.160,   -0.030,   -1.200,    0.000,
   -1.980,    0.000,   -1.120,    0.000,
   -1.780,    0.130,   -0.500,    0.000,
   -1.530,    0.240,   -0.270,    0.000,
   -1.000,    0.700,   -0.200,    0.000,
   -0.790,    1.010,   -0.180,    0.000,
   -0.590,    1.100,   -0.170,    0.000,
   -0.590,    0.550,   -0.150,    0.000,
   -0.510,    0.460,    0.000,    0.000,
   -0.350,   -0.010,    0.000,    0.000,
   -0.250,    0.330,    0.000,    0.000,
   -0.170,   -0.060,    0.000,    0.000,
   -0.070,   -0.440,    0.000,    0.000,
   -0.020,   -0.170,    0.240,    0.000,
    0.040,    0.190,    0.610,    0.000,
    0.190,    0.640,    1.280,    0.000,
    0.500,    0.730,    1.660,    0.000,
    1.080,    0.800,    1.690,    0.000,
    1.460,    1.020,    1.710,    0.000,
    1.500,    2.270,    1.740,    0.000,
    1.550,    1.780,    1.740,    0.000,
    1.570,    1.720,    1.750,    0.000,
    1.620,    0.960,    1.900,    0.000,
    1.730,    0.690,    1.990,    0.000,
    1.840,    0.980,    2.010,    0.000,
    1.920,    0.620,    2.020,    0.000,
    1.930,    0.420,    2.160,    0.000,
    2.090,    0.430,    2.170,    0.000,
    2.130,    0.060,    2.160,    0.000,
    2.160,    0.330,    2.160,    0.000,
    2.180,    0.330,    2.160,    0.000,
    2.230,    0.320,    2.160,    0.000,
    2.260,    0.530,    2.150,    0.000,
    2.270,    0.240,    2.140,    0.000,
    2.280,    0.110,    2.060,    0.000,
    2.280,    0.280,    1.780,    0.000,
    2.160,    0.130,    1.370,    0.000,
    2.000,    0.210,    0.580,    0.000,
    1.730,    0.130,    0.000,    0.000,
    0.790,   -0.420,    0.000,    0.000,
    0.440,   -0.300,    0.000,    0.000,
    0.400,    0.870,    0.000,    0.000,
    0.400,    1.430,    0.000,    0.000,
    0.320,    1.280,    0.000,    0.000,
    0.270,    0.360,    0.000,    0.000,
    0.200,    0.130,   -0.170,    0.000,
    0.080,    0.490,   -0.180,    0.000,
    0.010,   -0.150,   -0.230,    0.000,
   -0.030,   -0.070,   -0.450,    0.000,
   -0.110,   -0.100,   -1.380,    0.000,
   -0.340,    0.160,   -1.820,    0.000,
   -0.960,    0.360,   -2.030,    0.000,
   -1.460,    0.830,   -2.090,    0.000,
   -1.810,    0.080,   -2.230,    0.000,
   -1.960,   -0.230,   -2.360,    0.000,
   -2.130,   -1.140,   -2.410,    0.000,
   -2.260,   -0.550,   -2.600,    0.000,
   -2.430,   -0.450,   -2.650,    0.000,
   -2.550,   -0.450,   -2.670,    0.000,
   -2.630,   -0.560,   -2.670,    0.000,
   -2.700,   -0.150,   -2.670,    0.000,
   -2.710,   -0.580,   -2.680,    0.000,
   -2.750,   -0.330,   -2.680,    0.000,
   -2.790,   -0.350,   -2.700,    0.000,
   -2.780,   -0.350,   -2.710,    0.000,
   -2.880,   -0.210,   -2.710,    0.000,
   -2.830,   -0.540,   -2.700,    0.000,
   -2.920,   -0.510,   -2.530,    0.000,
   -2.840,   -0.110,   -1.920,    0.000,
   -2.670,   -0.160,   -1.740,    0.000,
   -2.460,   -0.180,   -1.700,    0.000,
   -2.350,   -0.060,   -1.700,    0.000,
   -2.260,   -0.070,   -1.720,    0.000,
   -2.220,   -0.090,   -1.710,    0.000,
   -2.170,   -0.100,   -1.710,    0.000,
   -2.120,   -0.260,   -1.470,    0.000,
   -2.010,   -0.420,   -1.260,    0.000,
   -1.870,    0.140,   -1.000,    0.000,
   -1.640,    0.480,   -0.470,    0.000,
   -1.330,    0.780,   -0.210,    0.000,
   -0.920,    0.810,   -0.200,    0.000,
   -0.620,    1.110,   -0.180,    0.000,
   -0.610,    1.290,   -0.150,    0.000,
   -0.540,    0.650,    0.000,    0.000,
   -0.360,    0.340,    0.000,    0.000,
   -0.270,    0.700,    0.000,    0.000,
   -0.210,    0.000,    0.000,    0.000,
   -0.140,    0.010,    0.000,    0.000,
   -0.070,    0.140,    0.200,    0.000,
    0.000,    0.010,    0.470,    0.000,
    0.120,    0.430,    0.800,    0.000,
    0.330,    0.670,    1.190,    0.000,
    0.680,    1.110,    1.280,    0.000,
    0.980,    1.280,    1.460,    0.000,
    1.140,    1.740,    1.520,    0.000,
    1.300,    0.680,    1.540,    0.000,
    1.370,    0.330,    1.640,    0.000,
    1.430,    0.350,    1.660,    0.000,
    1.480,    0.310,    1.700,    0.000,
    1.540,    0.090,    1.840,    0.000,
    1.690,    0.000,    1.880,    0.000,
    1.800,    0.450,    1.910,    0.000,
    1.850,    0.630,    1.940,    0.000,
    1.910,    0.520,    2.100,    0.000,
    2.030,    0.110,    2.200,    0.000,
    2.150,    0.260,    2.210,    0.000,
    2.300,    0.800,    2.210,    0.000,
    2.270,    0.170,    2.210,    0.000,
    2.320,    0.000,    2.200,    0.000,
    2.320,    0.120,    2.170,    0.000,
    2.320,    0.460,    2.150,    0.000,
    2.310,    0.310,    2.150,    0.000,
    2.310,    0.060,    2.130,    0.000,
    2.310,    0.280,    2.100,    0.000,
    2.300,    0.210,    1.840,    0.000,
    2.230,    0.100,    1.360,    0.000,
    2.050,    0.160,    0.870,    0.000,
    1.780,    0.260,    0.000,    0.000,
    0.930,    0.100,    0.000,    0.000,
    0.520,   -0.010,    0.000,    0.000,
    0.450,    0.450,    0.000,    0.000,
    0.340,    1.030,    0.000,    0.000,
    0.370,    0.570,   -0.180,    0.000,
    0.210,    0.310,   -0.200,    0.000,
    0.100,    0.500,   -0.280,    0.000,
    0.020,    0.350,   -0.460,    0.000,
   -0.090,   -0.210,   -1.260,    0.000,
   -0.350,    0.000,   -1.400,    0.000,
   -0.900,    0.540,   -1.570,    0.000,
   -1.190,    0.160,   -1.680,    0.000,
   -1.390,   -0.180,   -1.680,    0.000,
   -1.450,   -1.380,   -1.700,    0.000,
   -1.520,   -1.690,   -1.690,    0.000,
   -1.560,   -0.980,   -1.720,    0.000,
   -1.610,   -0.020,   -1.760,    0.000,
   -1.680,    0.340,   -1.810,    0.000,
   -1.750,    0.330,   -1.840,    0.000,
   -1.820,   -0.140,   -1.860,    0.000,
   -1.860,   -0.390,   -1.860,    0.000,
   -1.890,   -0.250,   -1.860,    0.000,
   -1.910,   -0.240,   -1.860,    0.000,
   -1.920,   -0.360,   -1.860,    0.000,
   -1.980,   -0.250,   -1.860,    0.000,
   -1.990,   -0.090,   -1.860,    0.000,
   -1.990,   -0.080,   -1.860,    0.000,
   -2.000,   -0.360,   -1.850,    0.000,
   -2.010,   -0.250,   -1.860,    0.000,
   -2.030,   -0.100,   -1.860,    0.650,
   -2.030,    0.420,   -1.850,    0.720,
   -2.050,    0.530,   -1.850,    0.720,
   -2.060,    0.940,   -1.850,    0.780,
   -2.020,    0.740,   -1.850,    0.940,
   -2.040,    0.840,   -1.850,    1.070,
   -2.030,    0.980,   -1.800,    2.590,
   -2.040,    1.640,   -1.780,    3.100,
   -1.990,    2.750,   -1.780,    3.360,
   -1.980,    3.620,   -1.770,    3.330,
   -1.950,    3.450,   -1.780,    3.360,
   -1.940,    3.280,   -1.780,    3.430,
   -1.880,    3.350,   -1.770,    3.810,
   -1.840,    3.310,   -1.770,    3.840,
   -1.790,    3.550,   -1.770,    3.810,
   -1.820,    3.500,   -1.780,    3.650,
   -1.740,    3.880,   -1.780,    3.460,
   -1.780,    3.750,   -1.790,    1.430,
   -1.840,    3.450,   -1.800,    0.650,
   -1.860,    2.470,   -1.800,    0.000,
   -1.820,    1.050,   -1.800,    0.000,
   -1.820,    0.730,   -1.800,    0.000,
   -1.820,    0.090,   -1.800,    0.000,
   -1.800,   -0.590,   -1.800,    0.000,
   -1.830,   -0.240,   -1.800,    0.000,
   -1.840,   -0.180,   -1.800,    0.000,
   -1.850,   -0.230,   -1.800,    0.000,
   -1.880,   -0.110,   -1.800,    0.000,
   -1.900,   -0.200,   -1.800,    0.000,
   -1.920,   -0.100,   -1.770,    0.000,
   -1.920,   -0.340,   -1.720,    0.000,
   -1.900,   -0.110,   -1.560,    0.000,
   -1.840,   -0.180,   -1.530,    0.000,
   -1.790,   -0.220,   -1.520,    0.000,
   -1.780,   -0.120,   -1.520,    0.000,
   -1.780,   -0.250,   -1.510,    0.000,
   -1.740,   -0.260,   -1.510,    0.000,
   -1.740,   -0.070,   -1.450,    0.000,
   -1.680,   -0.170,   -1.390,    0.000,
   -1.640,   -0.160,   -1.390,    0.000,
   -1.630,   -0.240,   -1.390,   -0.880,
   -1.630,   -0.550,   -1.390,   -0.860,
   -1.590,   -1.150,   -1.390,   -0.770,
   -1.580,   -1.080,   -1.500,    0.000,
   -1.610,   -0.520,   -1.580,    0.000,
   -1.640,   -0.120,   -1.570,    0.000,
   -1.660,   -0.120,   -1.550,    0.000,
   -1.660,   -0.080,   -1.450,   -0.960,
   -1.640,   -0.720,   -1.420,   -1.420,
   -1.630,   -1.340,   -1.390,   -1.660,
   -1.580,   -2.040,   -1.180,   -3.640,
   -1.520,   -2.740,   -0.850,   -3.670,
   -1.260,   -3.960,   -0.230,   -2.190,
   -1.050,   -5.020,   -0.180,    0.000,
   -0.460,   -3.130,   -0.180,    0.000,
   -0.530,   -0.040,   -0.170,    0.000,
   -0.530,    0.840,   -0.160,    0.000,
   -0.420,    0.260,   -0.160,    0.000,
   -0.380,    0.080,   -0.150,    0.000,
   -0.300,    0.050,    0.000,    0.000,
   -0.190,    0.100,    0.000,   -1.610,
   -0.130,   -1.120,    0.000,   -2.010,
   -0.060,   -2.200,    0.000,   -2.970,
   -0.040,   -2.660,    0.000,   -3.510,
   -0.010,   -3.240,    0.000,   -3.510,
    0.000,   -3.320,    0.000,   -3.590,
    0.000,   -3.250,    0.000,   -3.830,
    0.000,   -3.510,    0.000,   -3.800,
    0.000,   -3.560,    0.000,   -3.800,
   -0.020,   -3.330,    0.000,   -3.830,
   -0.010,   -3.380,    0.000,   -3.800,
   -0.010,   -3.450,    0.000,   -3.830,
   -0.010,   -3.510,    0.000,   -3.850,
   -0.010,   -3.730,    0.000,   -3.850,
   -0.010,   -3.620,    0.000,   -3.850,
   -0.010,   -3.550,    0.000,   -3.930,
   -0.010,   -3.640,    0.000,   -3.960,
   -0.010,   -3.650,    0.000,   -3.960,
   -0.010,   -3.620,    0.000,   -3.960,
   -0.010,   -3.730,    0.000,   -3.930,
   -0.010,   -3.580,    0.000,   -3.930,
   -0.010,   -3.590,    0.000,   -3.930,
    0.000,   -3.520,    0.000,   -3.930,
    0.000,   -3.680,    0.000,   -3.930,
   -0.010,   -3.580,    0.000,   -3.880,
   -0.010,   -3.420,    0.000,   -2.730,
   -0.010,   -2.860,    0.000,    0.000,
    0.000,    0.530,    0.000,    0.000,
    0.010,    0.470,    0.000,    0.000,
    0.000,   -0.120,    0.150,    0.000,
    0.010,    0.130,    0.160,    0.000,
    0.000,    0.040,    0.210,    0.000,
    0.010,    0.090,    0.270,    0.000,
    0.020,    0.210,    0.270,    0.000,
    0.030,    0.270,    0.300,    0.000,
    0.050,    0.340,    0.300,    0.000,
    0.060,    0.340,    0.300,    0.000,
    0.080,    0.040,    0.500,    0.000,
    0.180,    0.130,    0.560,    0.000,
    0.250,    0.210,    0.560,    0.000,
    0.320,   -0.050,    0.560,    0.000,
    0.370,   -0.020,    0.570,    0.000,
    0.400,    0.100,    0.570,    0.000,
    0.420,    0.160,    0.560,    0.000,
    0.440,    0.030,    0.560,    0.000,
    0.450,    0.200,    0.560,    0.000,
    0.450,    0.030,    0.560,    0.000,
    0.440,    0.240,    0.560,    0.000,
    0.450,    0.230,    0.560,    0.000,
    0.430,    0.140,    0.560,    0.000,
    0.440,    0.130,    0.560,    0.000,
    0.460,    0.210,    0.560,    0.000,
    0.470,    0.120,    0.560,    0.000,
    0.450,    0.120,    0.560,    0.000,
    0.450,    0.150,    0.560,    0.000,
    0.460,    0.050,    0.560,    0.000,
    0.460,    0.140,    0.560,    0.000,
    0.450,    0.120,    0.560,    0.000,
    0.450,    0.170,    0.560,    0.000,
    0.440,    0.270,    0.560,    0.000,
    0.450,    0.210,    0.560,    0.000,
    0.440,    0.100,    0.560,    0.000,
    0.460,    0.110,    0.560,    0.000,
    0.460,    0.110,    0.560,    0.000,
    0.460,    0.060,    0.560,    0.000,
    0.460,    0.090,    0.560,   -0.640,
    0.460,   -0.520,    0.560,   -0.690,
    0.450,   -0.860,    0.560,   -0.830,
    0.450,   -0.610,    0.560,   -0.860,
    0.450,   -0.600,    0.560,   -0.880,
    0.450,   -0.840,    0.560,   -1.020,
    0.470,   -0.920,    0.560,   -1.100,
    0.470,   -1.040,    0.550,   -1.100,
    0.470,   -1.050,    0.550,   -0.990,
    0.470,   -0.980,    0.550,    0.000,
    0.480,   -0.120,    0.550,    0.000,
    0.470,    0.380,    0.550,    0.000,
    0.470,    0.130,    0.540,    0.000,
    0.460,    0.220,    0.530,    0.000,
    0.440,    0.150,    0.500,    0.000,
    0.420,    0.180,    0.480,    0.000,
    0.410,    0.030,    0.470,    0.000,
    0.400,    0.120,    0.470,    0.000,
    0.400,    0.100,    0.470,    0.000,
    0.400,    0.130,    0.470,    0.000,
    0.390,    0.120,    0.470,    0.000,
    0.370,    0.020,    0.470,    0.000,
    0.380,    0.000,    0.470,    0.000,
    0.370,    0.150,    0.470,    0.000,
    0.370,    0.120,    0.470,    0.000,
    0.350,    0.240,    0.470,    0.000,
    0.350,    0.190,    0.470,    0.000,
    0.350,    0.150,    0.470,    0.000,
    0.360,    0.240,    0.470,    0.000,
    0.360,    0.150,    0.470,    0.000,
    0.360,   -0.090,    0.470,    0.000,
    0.340,    0.070,    0.470,    0.000,
    0.350,    0.180,    0.470,    0.000,
    0.350,    0.130,    0.410,    0.000,
    0.330,   -0.030,    0.360,    0.000,
    0.290,   -0.080,    0.000,    0.000,
    0.180,   -0.310,    0.000,    0.000,
    0.100,   -0.200,    0.000,    0.000,
    0.020,    0.160,    0.000,    0.000,
    0.000,    0.140,    0.000,    0.000,
    0.000,   -0.060,    0.000,    0.000,
    0.000,   -0.060,    0.000,    0.000,
