    0.000,    0.000,    0.000,    0.000,
    0.000,    0.000,    0.000,    0.000,
    0.000,    0.000,    0.000,    0.000,
    0.000,    0.000,    0.000,    0.160,
    0.000,    0.020,    0.000,    0.180,
    0.000,    0.020,    0.000,    0.180,
    0.000,    0.010,    0.000,    0.180,
    0.000,    0.000,    0.000,    0.200,
    0.000,    0.000,    0.000,    0.210,
    0.000,    0.010,    0.000,    0.220,
    0.000,    0.020,    0.000,    0.220,
   -0.010,    0.030,    0.000,    0.260,
   -0.020,    0.050,    0.000,    0.330,
    0.000,    0.090,    0.000,    0.370,
    0.030,    0.150,    0.000,    0.520,
    0.010,    0.250,    0.000,    0.560,
    0.050,    0.320,    0.000,    0.560,
    0.020,    0.380,    0.000,    0.560,
    0.050,    0.420,    0.000,    0.560,
    0.080,    0.470,    0.000,    0.550,
    0.040,    0.450,    0.000,    0.540,
   -0.020,    0.460,    0.000,    0.540,
   -0.020,    0.480,    0.000,    0.530,
   -0.050,    0.460,    0.000,    0.520,
   -0.050,    0.470,    0.000,    0.510,
   -0.030,    0.440,    0.000,    0.500,
    0.000,    0.430,    0.000,    0.500,
    0.020,    0.440,    0.000,    0.500,
    0.000,    0.430,    0.000,    0.500,
   -0.010,    0.430,    0.000,    0.500,
    0.000,    0.450,    0.000,    0.500,
    0.000,    0.440,    0.000,    0.500,
   -0.010,    0.420,    0.000,    0.510,
   -0.010,    0.430,    0.000,    0.520,
   -0.010,    0.430,    0.000,    0.580,
    0.010,    0.480,    0.000,    0.580,
    0.000,    0.470,    0.000,    0.590,
    0.000,    0.490,    0.000,    0.720,
    0.030,    0.580,    0.150,    0.910,
    0.100,    0.720,    0.170,    1.080,
    0.200,    0.880,    0.170,    1.090,
    0.170,    0.930,    0.160,    1.070,
    0.170,    0.950,    0.150,    1.030,
    0.210,    0.970,    0.000,    1.020,
    0.140,    1.000,    0.000,    1.020,
    0.110,    1.010,    0.000,    1.020,
    0.080,    1.030,    0.150,    1.020,
    0.150,    1.030,    0.000,    1.020,
    0.120,    1.050,    0.150,    1.020,
    0.180,    1.060,    0.150,    1.020,
    0.180,    1.070,    0.150,    1.020,
    0.180,    1.060,    0.150,    1.020,
    0.200,    1.060,    0.150,    1.020,
    0.230,    1.070,    0.150,    1.020,
    0.230,    1.090,    0.150,    1.020,
    0.200,    1.060,    0.150,    1.020,
    0.190,    1.060,    0.150,    1.020,
    0.250,    1.080,    0.150,    1.030,
    0.230,    1.080,    0.150,    1.030,
    0.160,    1.080,    0.000,    1.030,
    0.170,    1.080,    0.000,    1.040,
    0.190,    1.080,    0.000,    1.060,
    0.160,    1.100,    0.000,    1.130,
    0.110,    1.130,    0.000,    1.240,
    0.120,    1.200,    0.000,    1.380,
    0.110,    1.320,    0.000,    1.380,
    0.110,    1.360,    0.000,    1.380,
    0.090,    1.370,    0.000,    1.360,
    0.100,    1.420,    0.000,    1.300,
    0.110,    1.410,    0.000,    1.300,
    0.130,    1.380,    0.000,    1.320,
    0.150,    1.400,    0.000,    1.320,
    0.160,    1.440,    0.000,    1.320,
    0.140,    1.440,    0.000,    1.320,
    0.080,    1.400,    0.000,    1.320,
    0.060,    1.430,    0.000,    1.320,
    0.060,    1.440,    0.000,    1.340,
    0.030,    1.460,    0.000,    1.340,
    0.080,    1.460,    0.000,    1.340,
    0.120,    1.450,    0.000,    1.360,
    0.110,    1.470,    0.150,    1.360,
    0.200,    1.480,    0.150,    1.350,
    0.160,    1.490,    0.000,    1.350,
    0.030,    1.480,    0.150,    1.350,
    0.080,    1.520,    0.000,    1.340,
   -0.040,    1.500,    0.000,    1.340,
   -0.130,    1.480,    0.000,    1.340,
   -0.150,    1.490,    0.000,    1.340,
   -0.200,    1.490,    0.000,    1.340,
   -0.260,    1.480,    0.000,    1.350,
   -0.240,    1.500,    0.000,    1.360,
   -0.250,    1.480,    0.000,    1.410,
   -0.180,    1.540,    0.000,    1.430,
   -0.230,    1.550,    0.000,    1.460,
   -0.230,    1.540,    0.000,    1.480,
   -0.170,    1.600,    0.000,    1.520,
   -0.190,    1.600,    0.000,    1.530,
   -0.110,    1.650,    0.000,    1.520,
   -0.040,    1.670,    0.000,    1.530,
   -0.050,    1.660,    0.000,    1.530,
   -0.010,    1.680,    0.000,    1.670,
    0.010,    1.760,    0.000,    1.890,
    0.030,    1.910,    0.000,    1.970,
    0.100,    2.020,    0.000,    1.950,
    0.050,    2.040,    0.000,    1.890,
    0.100,    2.060,    0.000,    1.880,
    0.100,    2.080,    0.000,    1.880,
    0.070,    2.080,    0.000,    1.870,
    0.140,    2.090,    0.000,    1.880,
    0.120,    2.090,    0.000,    1.880,
    0.080,    2.100,    0.000,    1.860,
    0.120,    2.110,    0.000,    1.860,
    0.140,    2.110,    0.000,    1.850,
    0.130,    2.110,    0.000,    1.840,
    0.140,    2.100,    0.000,    1.840,
    0.150,    2.120,    0.000,    1.840,
    0.140,    2.110,    0.000,    1.840,
    0.160,    2.110,    0.000,    1.830,
    0.120,    2.100,    0.000,    1.830,
    0.110,    2.130,    0.000,    1.820,
    0.170,    2.110,    0.000,    1.810,
    0.230,    2.100,    0.000,    1.810,
    0.240,    2.090,    0.000,    1.790,
    0.210,    2.070,    0.000,    1.770,
    0.160,    2.060,    0.000,    1.750,
    0.140,    2.040,    0.000,    1.670,
    0.140,    2.020,    0.000,    1.520,
    0.200,    1.890,    0.000,    1.410,
    0.200,    1.830,    0.000,    1.110,
    0.200,    1.670,    0.150,    0.890,
    0.200,    1.470,    0.150,    0.750,
    0.230,    1.320,    0.150,    0.490,
    0.220,    1.100,    0.150,    0.320,
    0.290,    0.880,    0.150,    0.000,
    0.260,    0.540,    0.150,    0.000,
    0.130,    0.380,    0.150,    0.000,
    0.190,    0.320,    0.000,    0.000,
    0.110,    0.180,    0.000,    0.000,
    0.040,    0.100,    0.000,    0.000,
    0.020,    0.030,    0.000,    0.000,
    0.000,    0.000,    0.000,    0.000,
    0.000,    0.000,    0.000,    0.000,
    0.000,    0.000,    0.000,    0.000,
    0.000,    0.000,    0.000,    0.000,
    0.000,    0.000,    0.000,    0.000,
    0.000,    0.000,    0.000,    0.000,
    0.000,    0.000,    0.000,    0.000,
    0.000,    0.020,    0.000,    0.000,
    0.000,    0.010,    0.000,    0.000,
    0.010,    0.000,    0.000,    0.000,
    0.000,    0.020,    0.000,    0.000,
    0.010,    0.020,    0.000,    0.000,
    0.010,    0.000,    0.000,    0.000,
    0.000,    0.000,    0.000,    0.000,
    0.000,    0.000,    0.000,    0.000,
    0.000,    0.000,    0.000,    0.000,
    0.000,    0.000,    0.000,    0.000,
    0.000,    0.000,    0.000,    0.000,
    0.000,    0.000,    0.000,    0.000,
    0.000,    0.000,    0.000,    0.000,
    0.000,    0.000,    0.000,    0.150,
    0.000,    0.010,    0.000,    0.240,
    0.000,    0.040,    0.000,    0.520,
    0.000,    0.150,    0.000,    0.670,
    0.010,    0.320,    0.000,    0.720,
    0.020,    0.440,    0.000,    0.880,
    0.010,    0.590,    0.000,    0.950,
    0.000,    0.680,    0.000,    1.030,
    0.000,    0.810,    0.000,    1.040,
    0.040,    0.870,    0.000,    1.040,
    0.090,    0.920,    0.000,    1.040,
    0.090,    0.950,    0.000,    1.040,
    0.090,    0.990,    0.000,    1.040,
    0.080,    1.010,    0.000,    1.040,
    0.090,    1.030,    0.000,    1.040,
    0.090,    1.040,    0.000,    1.040,
    0.060,    1.050,    0.000,    1.040,
    0.050,    1.050,    0.000,    1.040,
    0.070,    1.070,    0.000,    1.040,
    0.060,    1.060,    0.000,    1.040,
    0.060,    1.080,    0.000,    1.040,
    0.060,    1.070,    0.000,    1.040,
    0.080,    1.070,    0.000,    1.040,
    0.120,    1.060,    0.000,    1.040,
    0.110,    1.070,    0.000,    1.040,
    0.090,    1.090,    0.000,    1.040,
    0.110,    1.090,    0.000,    1.100,
    0.130,    1.110,    0.000,    1.100,
    0.140,    1.120,    0.000,    1.100,
    0.140,    1.130,    0.000,    1.110,
    0.140,    1.150,    0.000,    1.120,
    0.110,    1.160,    0.000,    1.140,
    0.120,    1.180,    0.000,    1.160,
    0.130,    1.200,    0.000,    1.430,
    0.120,    1.340,    0.000,    1.480,
    0.090,    1.420,    0.000,    1.500,
    0.120,    1.480,    0.000,    1.500,
    0.090,    1.520,    0.000,    1.500,
    0.100,    1.540,    0.000,    1.500,
    0.130,    1.570,    0.000,    1.500,
    0.130,    1.590,    0.000,    1.510,
    0.100,    1.610,    0.000,    1.520,
    0.110,    1.640,    0.000,    1.560,
    0.120,    1.660,    0.000,    1.620,
    0.090,    1.710,    0.000,    1.810,
    0.150,    1.840,    0.000,    1.980,
    0.160,    1.960,    0.000,    2.070,
    0.090,    2.110,    0.000,    2.150,
    0.160,    2.190,    0.000,    2.160,
    0.120,    2.230,    0.000,    2.170,
    0.200,    2.290,    0.000,    2.250,
    0.170,    2.360,    0.000,    2.320,
    0.240,    2.470,    0.000,    2.330,
    0.210,    2.480,    0.000,    2.330,
    0.270,    2.510,    0.000,    2.330,
    0.110,    2.550,    0.000,    2.330,
    0.280,    2.570,    0.000,    2.320,
    0.200,    2.560,    0.000,    2.310,
    0.160,    2.580,    0.000,    2.310,
    0.230,    2.600,    0.000,    2.310,
    0.260,    2.610,    0.000,    2.290,
    0.270,    2.600,    0.000,    2.270,
    0.170,    2.590,    0.000,    2.250,
    0.230,    2.610,    0.000,    2.070,
    0.230,    2.510,    0.000,    1.950,
    0.210,    2.450,    0.000,    1.950,
    0.180,    2.420,    0.000,    1.910,
    0.270,    2.320,    0.000,    1.730,
    0.170,    2.220,    0.000,    1.660,
    0.200,    2.180,    0.000,    1.410,
    0.200,    2.070,    0.000,    1.290,
    0.210,    1.900,    0.000,    1.240,
    0.180,    1.780,    0.000,    1.240,
    0.180,    1.710,    0.000,    1.230,
    0.210,    1.680,    0.000,    1.130,
    0.180,    1.570,    0.000,    0.860,
    0.160,    1.390,    0.000,    0.590,
    0.130,    1.190,    0.000,    0.530,
    0.130,    1.050,    0.000,    0.480,
    0.120,    0.910,    0.000,    0.410,
    0.100,    0.760,    0.000,    0.270,
    0.030,    0.610,    0.000,    0.170,
    0.020,    0.480,    0.000,    0.000,
    0.050,    0.280,    0.000,    0.000,
    0.040,    0.190,    0.000,    0.000,
    0.060,    0.110,    0.000,    0.000,
    0.020,    0.020,    0.000,    0.000,
    0.000,    0.000,    0.000,    0.000,
   -0.010,   -0.010,    0.000,    0.000,
    0.000,    0.000,    0.000,    0.000,
    0.000,    0.000,    0.000,    0.000,
    0.000,    0.000,    0.000,    0.000,
    0.000,    0.000,    0.000,    0.000,
    0.000,    0.000,    0.000,    0.000,
    0.000,    0.000,    0.000,    0.000,
    0.010,    0.010,    0.000,    0.000,
    0.010,    0.000,    0.000,    0.000,
   -0.010,    0.000,    0.000,    0.000,
    0.000,    0.010,    0.000,    0.000,
    0.020,    0.000,    0.000,    0.000,
    0.000,    0.000,    0.000,    0.000,
   -0.010,    0.010,    0.000,    0.000,
    0.010,    0.000,    0.000,    0.000,
    0.010,    0.000,    0.000,    0.000,
    0.000,    0.000,    0.000,    0.000,
    0.000,    0.010,    0.000,    0.000,
    0.010,    0.000,    0.000,    0.000,
    0.010,    0.000,    0.000,    0.000,
    0.000,    0.010,    0.000,    0.000,
    0.000,    0.010,    0.000,    0.000,
    0.000,    0.010,    0.000,    0.170,
    0.020,    0.070,    0.000,    0.590,
    0.030,    0.210,    0.000,    1.080,
    0.120,    0.510,    0.000,    1.300,
    0.120,    0.940,    0.000,    1.310,
    0.190,    1.080,    0.000,    1.310,
    0.270,    1.150,    0.150,    1.310,
    0.280,    1.160,    0.150,    1.310,
    0.260,    1.210,    0.150,    1.310,
    0.210,    1.210,    0.000,    1.310,
    0.120,    1.230,    0.000,    1.310,
    0.120,    1.270,    0.000,    1.310,
    0.120,    1.300,    0.000,    1.300,
    0.120,    1.330,    0.000,    1.300,
    0.130,    1.330,    0.000,    1.300,
    0.150,    1.360,    0.000,    1.300,
    0.110,    1.370,    0.000,    1.300,
    0.080,    1.380,    0.000,    1.300,
    0.080,    1.380,    0.000,    1.310,
    0.090,    1.390,    0.000,    1.320,
    0.050,    1.430,    0.000,    1.330,
    0.070,    1.430,    0.000,    1.350,
    0.110,    1.450,    0.000,    1.430,
    0.100,    1.510,    0.000,    1.520,
    0.030,    1.580,    0.000,    1.600,
    0.030,    1.650,    0.000,    1.610,
    0.030,    1.700,    0.000,    1.620,
   -0.030,    1.720,    0.000,    1.620,
   -0.050,    1.750,    0.000,    1.620,
   -0.070,    1.770,    0.000,    1.620,
   -0.100,    1.780,    0.000,    1.620,
    0.020,    1.810,    0.000,    1.650,
    0.100,    1.910,    0.000,    1.650,
    0.020,    1.870,    0.000,    1.660,
    0.030,    1.870,    0.000,    1.760,
   -0.080,    1.860,    0.000,    1.820,
   -0.020,    1.950,    0.000,    1.850,
    0.040,    2.000,    0.000,    1.920,
    0.060,    2.050,    0.000,    2.030,
    0.040,    2.140,    0.000,    2.070,
    0.020,    2.200,    0.150,    2.090,
    0.150,    2.250,    0.150,    2.110,
    0.100,    2.260,    0.150,    2.140,
    0.160,    2.330,    0.150,    2.140,
    0.210,    2.360,    0.150,    2.140,
    0.260,    2.400,    0.150,    2.140,
    0.210,    2.420,    0.150,    2.140,
    0.210,    2.470,    0.150,    2.140,
    0.110,    2.420,    0.150,    2.140,
    0.050,    2.450,    0.150,    2.140,
    0.020,    2.450,    0.150,    2.140,
   -0.040,    2.480,    0.150,    2.140,
   -0.080,    2.480,    0.150,    2.140,
   -0.150,    2.480,    0.150,    2.140,
   -0.180,    2.460,    0.150,    2.140,
   -0.230,    2.440,    0.150,    2.140,
   -0.230,    2.430,    0.150,    2.140,
   -0.250,    2.440,    0.150,    2.140,
   -0.290,    2.430,    0.150,    2.130,
   -0.270,    2.430,    0.150,    2.120,
   -0.270,    2.440,    0.150,    2.100,
   -0.310,    2.410,    0.150,    2.050,
   -0.260,    2.420,    0.150,    2.050,
   -0.350,    2.320,    0.150,    2.030,
   -0.390,    2.280,    0.150,    2.010,
   -0.360,    2.280,    0.000,    1.960,
   -0.470,    2.230,    0.000,    1.930,
   -0.490,    2.160,    0.000,    1.920,
   -0.530,    2.120,    0.000,    1.920,
   -0.470,    2.120,    0.000,    1.900,
   -0.420,    2.120,    0.000,    1.880,
   -0.430,    2.100,    0.000,    1.860,
   -0.370,    2.100,    0.000,    1.840,
   -0.280,    2.130,    0.000,    1.730,
   -0.300,    2.030,    0.000,    1.700,
   -0.250,    2.020,    0.000,    1.700,
   -0.260,    1.990,    0.190,    1.290,
   -0.210,    1.870,    0.190,    0.460,
   -0.060,    1.610,    0.000,    0.000,
   -0.310,    0.800,    0.000,    0.000,
   -0.200,    0.460,    0.000,    0.000,
   -0.190,    0.520,    0.000,    0.000,
   -0.120,    0.340,    0.000,    0.000,
   -0.190,    0.260,    0.000,    0.000,
   -0.260,    0.190,    0.000,    0.000,
   -0.200,    0.120,    0.000,    0.000,
   -0.120,    0.060,    0.000,    0.000,
   -0.030,    0.020,    0.000,    0.000,
    0.000,    0.000,    0.000,    0.000,
    0.030,   -0.030,    0.000,    0.000,
    0.000,   -0.010,    0.000,    0.000,
    0.000,   -0.020,    0.000,    0.000,
    0.010,    0.000,    0.000,    0.000,
    0.000,    0.000,    0.000,    0.000,
    0.000,    0.000,    0.000,    0.000,
   -0.010,    0.000,    0.000,    0.000,
    0.000,   -0.010,    0.000,    0.000,
    0.000,   -0.030,    0.000,    0.000,
   -0.010,   -0.020,    0.000,    0.000,
   -0.010,   -0.030,    0.000,    0.000,
    0.000,    0.000,    0.000,    0.000,
    0.000,    0.000,    0.000,    0.000,
    0.000,    0.000,    0.000,    0.000,
    0.000,    0.000,    0.000,    0.000,
    0.000,    0.000,    0.000,    0.000,
    0.000,    0.000,    0.000,    0.310,
    0.010,    0.060,    0.000,    0.820,
    0.040,    0.220,    0.000,    1.690,
    0.200,    0.710,    0.000,    1.900,
    0.240,    1.380,    0.000,    1.900,
    0.330,    1.700,    0.000,    1.900,
    0.350,    1.770,    0.000,    1.900,
    0.320,    1.860,    0.000,    1.900,
    0.240,    1.840,    0.000,    1.900,
    0.300,    1.870,    0.000,    1.900,
    0.350,    1.890,    0.000,    1.900,
    0.270,    1.970,    0.000,    1.880,
    0.180,    1.970,    0.000,    1.830,
    0.330,    1.870,    0.000,    1.760,
    0.380,    1.790,    0.000,    1.250,
    0.290,    1.580,    0.000,    0.650,
    0.420,    1.270,    0.000,    0.000,
    0.130,    0.590,    0.000,    0.000,
    0.060,    0.420,    0.000,    0.000,
    0.200,    0.370,    0.000,    0.000,
    0.150,    0.300,    0.000,    0.000,
    0.140,    0.240,    0.000,    0.000,
    0.130,    0.190,    0.000,    0.000,
    0.100,    0.150,    0.000,    0.000,
    0.030,    0.070,    0.000,    0.000,
    0.010,    0.030,    0.000,    0.000,
    0.000,    0.000,    0.000,    0.000,
   -0.010,   -0.010,    0.000,    0.000,
    0.000,   -0.010,    0.000,    0.000,
   -0.010,   -0.010,    0.000,    0.000,
    0.000,   -0.010,    0.000,    0.000,
    0.000,    0.000,    0.000,    0.000,
    0.000,    0.000,    0.000,    0.200,
    0.000,    0.060,    0.000,    0.440,
    0.020,    0.150,    0.000,    0.520,
    0.050,    0.250,    0.000,    0.680,
    0.070,    0.400,    0.000,    0.780,
    0.010,    0.500,    0.000,    0.920,
    0.050,    0.620,    0.000,    1.490,
    0.100,    0.920,    0.000,    2.170,
    0.170,    1.490,    0.000,    2.380,
    0.250,    2.080,    0.000,    2.390,
    0.280,    2.290,    0.000,    2.400,
    0.180,    2.420,    0.000,    2.400,
    0.220,    2.450,    0.000,    2.400,
    0.310,    2.390,    0.000,    2.390,
    0.440,    2.450,    0.000,    2.390,
    0.390,    2.430,    0.000,    2.320,
    0.530,    2.430,    0.000,    2.300,
    0.120,    2.500,    0.000,    2.230,
    0.070,    2.360,    0.000,    2.230,
    0.320,    2.380,    0.000,    2.200,
    0.370,    2.360,    0.000,    2.030,
    0.490,    2.150,    0.000,    1.960,
    0.510,    2.030,    0.000,    1.700,
    0.470,    1.880,    0.000,    1.280,
    0.490,    1.550,    0.000,    0.150,
    0.590,    1.000,    0.000,    0.000,
    0.320,    0.130,    0.000,    0.000,
    0.310,   -0.080,    0.000,    0.000,
    0.180,   -0.100,    0.000,    0.000,
    0.100,   -0.090,    0.000,    0.000,
    0.040,   -0.050,    0.000,    0.000,
    0.000,   -0.010,    0.000,    0.000,
    0.000,    0.000,    0.000,    0.000,
    0.000,    0.000,    0.000,    0.000,
    0.000,    0.000,    0.000,    0.000,
    0.000,    0.000,    0.000,    0.000,
    0.000,    0.000,    0.000,    0.000,
    0.000,    0.000,    0.000,   -0.180,
   -0.010,   -0.020,    0.000,   -0.190,
    0.000,   -0.020,    0.000,   -0.200,
   -0.010,   -0.020,    0.000,   -0.200,
    0.000,   -0.010,    0.000,   -0.200,
    0.000,   -0.020,    0.000,   -0.210,
    0.000,   -0.030,    0.000,   -0.240,
    0.000,   -0.050,    0.000,   -0.280,
    0.000,   -0.070,    0.000,   -0.580,
   -0.070,   -0.210,    0.000,   -0.790,
   -0.140,   -0.430,    0.000,   -0.780,
   -0.120,   -0.540,    0.000,   -0.810,
   -0.050,   -0.610,    0.000,   -0.820,
   -0.040,   -0.680,    0.000,   -0.890,
    0.000,   -0.720,    0.000,   -1.070,
   -0.010,   -0.840,    0.000,   -1.150,
    0.010,   -0.950,    0.000,   -1.210,
    0.000,   -1.060,    0.000,   -1.350,
   -0.040,   -1.200,    0.000,   -1.380,
    0.040,   -1.270,    0.000,   -1.390,
    0.070,   -1.310,    0.000,   -1.620,
   -0.020,   -1.500,    0.000,   -1.870,
   -0.040,   -1.700,    0.000,   -2.030,
   -0.020,   -1.890,    0.000,   -2.120,
   -0.030,   -2.050,    0.000,   -2.180,
    0.020,   -2.170,    0.000,   -2.190,
    0.010,   -2.230,    0.000,   -2.190,
    0.020,   -2.240,    0.000,   -2.190,
    0.000,   -2.310,    0.000,   -2.200,
    0.050,   -2.330,    0.000,   -2.200,
    0.090,   -2.370,    0.000,   -2.190,
    0.070,   -2.380,    0.000,   -2.210,
    0.090,   -2.420,    0.000,   -2.220,
    0.090,   -2.430,    0.000,   -2.280,
    0.130,   -2.490,    0.000,   -2.370,
    0.130,   -2.570,    0.000,   -2.380,
    0.100,   -2.620,    0.000,   -2.390,
    0.060,   -2.660,    0.000,   -2.400,
    0.060,   -2.730,    0.000,   -2.400,
    0.070,   -2.720,    0.000,   -2.400,
    0.070,   -2.750,    0.000,   -2.400,
    0.090,   -2.750,    0.000,   -2.390,
    0.110,   -2.770,    0.000,   -2.390,
    0.170,   -2.770,    0.000,   -2.360,
    0.100,   -2.730,    0.000,   -2.170,
    0.230,   -2.670,    0.000,   -1.740,
    0.230,   -2.510,    0.000,   -1.730,
    0.270,   -2.380,    0.000,   -1.720,
    0.290,   -2.310,    0.000,   -1.660,
    0.330,   -2.220,    0.000,   -1.550,
    0.300,   -2.110,    0.000,   -1.300,
    0.330,   -1.930,    0.000,   -1.100,
    0.290,   -1.760,    0.000,   -0.720,
    0.250,   -1.490,    0.000,   -0.580,
    0.200,   -1.190,    0.000,   -0.580,
    0.170,   -1.060,    0.000,   -0.580,
    0.200,   -0.980,    0.000,   -0.530,
    0.320,   -0.940,    0.000,   -0.270,
    0.300,   -0.750,    0.000,   -0.230,
    0.250,   -0.610,    0.000,   -0.220,
    0.280,   -0.530,    0.000,   -0.200,
    0.260,   -0.430,    0.000,   -0.190,
    0.250,   -0.360,    0.000,   -0.190,
    0.250,   -0.230,    0.000,   -0.190,
    0.150,   -0.260,    0.000,   -0.180,
    0.110,   -0.210,    0.000,   -0.170,
    0.110,   -0.200,    0.000,   -0.160,
    0.110,   -0.150,    0.000,   -0.150,
    0.110,   -0.140,    0.000,   -0.150,
    0.100,   -0.110,    0.000,   -0.150,
    0.110,   -0.180,    0.000,    0.000,
   -0.040,   -0.060,    0.000,    0.000,
    0.010,   -0.030,    0.000,    0.000,
    0.000,    0.000,    0.000,    0.000,
    0.000,    0.010,    0.000,    0.000,
    0.000,    0.000,    0.000,    0.000,
    0.000,    0.000,    0.000,   -0.180,
    0.000,   -0.020,    0.000,   -0.190,
    0.000,   -0.070,    0.000,   -0.190,
   -0.020,   -0.080,    0.000,   -0.190,
   -0.010,   -0.100,    0.000,   -0.200,
   -0.010,   -0.100,    0.000,   -0.230,
    0.000,   -0.100,    0.000,   -0.310,
    0.000,   -0.090,    0.000,   -1.380,
    0.010,   -0.270,    0.000,   -1.740,
    0.010,   -0.830,    0.000,   -1.820,
   -0.020,   -1.460,    0.000,   -1.810,
   -0.010,   -1.630,    0.000,   -1.810,
    0.000,   -1.620,    0.000,   -1.810,
    0.010,   -1.670,    0.000,   -1.800,
   -0.120,   -1.730,    0.000,   -1.810,
   -0.100,   -1.750,    0.000,   -1.810,
   -0.050,   -1.780,    0.000,   -1.800,
   -0.010,   -1.840,    0.000,   -1.760,
    0.110,   -1.810,    0.000,   -1.710,
    0.190,   -1.800,    0.000,   -1.650,
    0.160,   -1.810,    0.000,   -1.620,
    0.150,   -1.780,    0.000,   -1.630,
    0.140,   -1.790,    0.000,   -1.630,
    0.090,   -1.810,    0.000,   -1.630,
    0.070,   -1.810,    0.000,   -1.630,
    0.070,   -1.840,    0.000,   -1.630,
    0.010,   -1.850,    0.000,   -1.630,
    0.000,   -1.820,    0.000,   -1.630,
   -0.030,   -1.850,    0.000,   -1.630,
   -0.040,   -1.850,    0.000,   -1.630,
   -0.030,   -1.840,    0.000,   -1.630,
   -0.110,   -1.830,    0.000,   -1.630,
   -0.150,   -1.840,    0.000,   -1.630,
   -0.130,   -1.830,    0.000,   -1.630,
   -0.130,   -1.830,    0.000,   -1.630,
   -0.120,   -1.850,    0.000,   -1.630,
   -0.180,   -1.840,    0.000,   -1.650,
   -0.140,   -1.870,    0.000,   -1.660,
   -0.160,   -1.870,    0.000,   -1.730,
   -0.190,   -1.890,    0.000,   -1.750,
   -0.130,   -1.920,    0.000,   -1.790,
   -0.150,   -1.960,    0.000,   -1.820,
   -0.120,   -1.980,    0.000,   -1.930,
   -0.160,   -2.070,    0.000,   -2.130,
   -0.160,   -2.170,    0.000,   -2.160,
   -0.140,   -2.300,    0.000,   -2.160,
   -0.140,   -2.330,    0.000,   -2.160,
   -0.140,   -2.360,    0.000,   -2.160,
   -0.130,   -2.400,    0.000,   -2.160,
   -0.150,   -2.420,    0.000,   -2.190,
   -0.160,   -2.460,    0.000,   -2.240,
   -0.200,   -2.460,    0.000,   -2.300,
   -0.170,   -2.520,    0.000,   -2.430,
   -0.170,   -2.650,    0.000,   -2.450,
   -0.210,   -2.670,    0.000,   -2.450,
   -0.260,   -2.710,    0.000,   -2.460,
   -0.230,   -2.720,    0.000,   -2.460,
   -0.200,   -2.760,    0.000,   -2.460,
   -0.190,   -2.780,    0.000,   -2.460,
   -0.160,   -2.790,    0.000,   -2.460,
   -0.160,   -2.810,    0.000,   -2.430,
   -0.110,   -2.810,    0.000,   -2.400,
   -0.110,   -2.770,    0.000,   -2.060,
   -0.050,   -2.730,    0.000,   -1.480,
    0.010,   -2.470,    0.000,   -1.070,
    0.080,   -2.080,    0.000,   -1.030,
    0.140,   -1.850,    0.000,   -0.980,
    0.090,   -1.720,    0.000,   -0.810,
    0.080,   -1.550,    0.000,   -0.580,
    0.100,   -1.290,    0.000,   -0.230,
    0.080,   -0.970,    0.000,   -0.180,
    0.040,   -0.710,    0.000,   -0.180,
    0.020,   -0.590,    0.000,   -0.180,
   -0.010,   -0.570,    0.000,   -0.170,
   -0.050,   -0.480,    0.000,   -0.150,
   -0.020,   -0.390,    0.000,   -0.150,
   -0.030,   -0.310,    0.000,    0.000,
   -0.010,   -0.180,    0.000,    0.000,
    0.010,   -0.090,    0.000,    0.000,
    0.000,   -0.010,    0.000,    0.000,
    0.000,    0.000,    0.000,    0.000,
    0.000,    0.000,    0.000,    0.000,
    0.000,    0.000,    0.000,    0.000,
    0.000,   -0.010,    0.000,    0.000,
    0.000,   -0.010,    0.000,    0.000,
    0.000,    0.000,    0.000,    0.000,
    0.000,    0.010,    0.000,    0.000,
    0.000,   -0.010,    0.000,    0.000,
    0.000,    0.000,    0.000,    0.000,
   -0.010,   -0.010,    0.000,    0.000,
    0.000,   -0.010,    0.000,    0.000,
    0.000,   -0.020,    0.000,    0.000,
    0.000,   -0.020,    0.000,    0.000,
    0.000,   -0.020,    0.000,    0.000,
    0.000,   -0.010,    0.000,    0.440,
    0.000,    0.120,    0.000,    0.880,
    0.040,    0.310,    0.000,    0.950,
    0.100,    0.650,    0.000,    1.080,
    0.110,    0.800,    0.000,    1.200,
    0.160,    0.950,    0.000,    1.210,
    0.120,    1.020,    0.000,    1.210,
    0.040,    1.040,    0.000,    1.220,
    0.080,    1.110,    0.000,    1.230,
    0.060,    1.160,    0.000,    1.230,
    0.070,    1.190,    0.000,    1.230,
    0.060,    1.220,    0.000,    1.230,
    0.130,    1.250,    0.000,    1.400,
    0.100,    1.360,    0.000,    1.450,
    0.090,    1.430,    0.000,    1.470,
    0.130,    1.480,    0.000,    1.470,
    0.120,    1.520,    0.000,    1.490,
    0.100,    1.550,    0.150,    1.530,
    0.150,    1.580,    0.150,    1.560,
    0.190,    1.630,    0.150,    1.970,
    0.210,    1.820,    0.190,    2.320,
    0.270,    2.160,    0.190,    2.400,
    0.420,    2.370,    0.190,    2.430,
    0.330,    2.450,    0.190,    2.440,
    0.330,    2.610,    0.190,    2.440,
    0.390,    2.570,    0.190,    2.450,
    0.400,    2.580,    0.190,    2.450,
    0.460,    2.640,    0.190,    2.440,
    0.540,    2.610,    0.190,    2.440,
    0.580,    2.640,    0.190,    2.400,
    0.530,    2.650,    0.190,    2.380,
    0.400,    2.640,    0.190,    2.370,
    0.540,    2.630,    0.190,    2.380,
    0.490,    2.650,    0.190,    2.380,
    0.420,    2.680,    0.190,    2.350,
    0.480,    2.650,    0.190,    2.280,
    0.470,    2.600,    0.190,    1.450,
    0.490,    2.470,    0.180,    1.250,
    0.460,    2.150,    0.150,    0.540,
    0.450,    1.800,    0.000,    0.000,
    0.170,    0.780,    0.150,    0.000,
    0.130,    0.480,    0.150,    0.000,
    0.110,    0.390,    0.150,    0.000,
    0.270,    0.460,    0.000,    0.000,
    0.340,    0.410,    0.000,    0.000,
    0.120,    0.250,    0.000,    0.000,
    0.230,    0.230,    0.000,    0.000,
    0.190,    0.160,    0.000,    0.000,
    0.130,    0.130,    0.000,    0.000,
    0.040,    0.050,    0.000,    0.000,
    0.010,    0.000,    0.000,    0.000,
    0.000,    0.000,    0.000,    0.000,
    0.000,    0.000,    0.000,    0.000,
    0.000,    0.000,    0.000,    0.000,
    0.000,    0.000,    0.000,    0.000,
    0.000,    0.000,    0.000,    0.000,
    0.000,    0.000,    0.000,    0.000,
    0.000,    0.000,    0.000,    0.000,
    0.000,    0.000,    0.000,    0.000,
    0.000,    0.000,    0.000,    0.000,
    0.000,    0.000,    0.000,    0.000,
    0.000,    0.000,    0.000,    0.000,
    0.000,    0.000,    0.000,    0.000,
    0.000,    0.000,    0.000,    0.000,
    0.000,    0.000,    0.000,    0.000,
    0.000,    0.010,    0.000,    0.000,
    0.000,    0.010,    0.000,    0.000,
    0.000,    0.020,    0.000,    0.000,
    0.000,    0.010,    0.000,    0.000,
    0.010,    0.010,    0.000,    0.000,
    0.000,    0.010,    0.000,    0.000,
    0.000,    0.010,    0.000,    0.000,
    0.000,    0.000,    0.000,    0.000,
   -0.010,    0.020,    0.000,    0.000,
    0.000,    0.020,    0.000,    0.000,
    0.000,    0.020,    0.000,    0.000,
    0.010,    0.020,    0.000,    0.000,
    0.010,    0.010,    0.000,    0.000,
    0.010,    0.020,    0.000,    0.000,
    0.000,    0.010,    0.000,    0.000,
    0.000,    0.010,    0.000,    0.000,
    0.000,    0.020,    0.000,    0.000,
    0.000,    0.000,    0.000,    0.000,
    0.000,    0.010,    0.000,    0.000,
    0.020,    0.020,    0.000,    0.000,
    0.010,    0.010,    0.000,    0.000,
    0.020,    0.010,    0.000,    0.000,
    0.010,    0.000,    0.000,    0.000,
    0.000,    0.000,    0.000,    0.000,
    0.010,    0.000,    0.000,    0.000,
    0.030,    0.000,    0.000,    0.000,
    0.020,    0.000,    0.000,    0.000,
    0.000,   -0.010,    0.000,    0.000,
    0.000,    0.010,    0.000,    0.000,
    0.000,    0.010,    0.000,    0.000,
    0.010,    0.020,    0.000,    0.000,
    0.020,    0.010,    0.000,    0.000,
    0.000,    0.010,    0.000,    0.000,
    0.000,    0.000,    0.000,    0.000,
    0.030,    0.010,    0.000,    0.000,
    0.030,    0.010,    0.000,    0.000,
    0.020,    0.000,    0.000,    0.000,
    0.010,   -0.010,    0.000,    0.000,
    0.030,    0.000,    0.000,    0.000,
    0.020,    0.000,    0.000,    0.000,
    0.020,    0.000,    0.000,    0.000,
    0.010,   -0.010,    0.000,    0.000,
    0.010,    0.020,    0.000,    0.000,
    0.000,    0.020,    0.000,    0.000,
    0.020,    0.000,    0.000,    0.000,
    0.020,    0.000,    0.000,    0.000,
    0.040,    0.000,    0.000,    0.000,
    0.010,    0.000,    0.000,    0.000,
    0.010,   -0.010,    0.000,    0.000,
    0.020,    0.000,    0.000,    0.000,
    0.000,    0.000,    0.000,    0.000,
    0.010,    0.010,    0.000,    0.000,
    0.020,   -0.010,    0.000,    0.000,
    0.020,    0.000,    0.000,    0.000,
    0.000,    0.000,    0.000,    0.000,
    0.000,    0.000,    0.000,    0.000,
    0.020,    0.010,    0.000,    0.000,
    0.020,    0.010,    0.000,    0.000,
    0.010,    0.000,    0.000,    0.000,
    0.030,   -0.010,    0.000,    0.000,
    0.020,    0.000,    0.000,    0.000,
    0.000,   -0.010,    0.000,    0.000,
    0.000,    0.000,    0.000,    0.000,
    0.020,    0.010,    0.000,    0.000,
    0.000,    0.000,    0.000,    0.000,
    0.000,    0.000,    0.000,    0.000,
    0.020,    0.000,    0.000,    0.000,
    0.020,    0.010,    0.000,    0.000,
    0.000,    0.010,    0.000,    0.000,
    0.000,    0.000,    0.000,    0.000,
    0.040,    0.000,    0.000,    0.000,
    0.020,    0.010,    0.000,    0.000,
    0.000,    0.000,    0.000,    0.000,
   -0.010,   -0.020,    0.000,    0.000,
    0.020,    0.020,    0.000,    0.000,
    0.000,    0.010,    0.000,    0.000,
    0.000,    0.000,    0.000,    0.000,
    0.030,    0.000,    0.000,    0.000,
    0.020,    0.000,    0.000,    0.000,
    0.000,    0.000,    0.000,    0.000,
    0.000,    0.000,    0.000,    0.000,
    0.030,    0.000,    0.000,    0.000,
    0.010,    0.010,    0.000,    0.000,
    0.000,    0.000,    0.000,    0.000,
    0.000,   -0.020,    0.000,    0.000,
    0.030,    0.010,    0.000,    0.000,
    0.000,    0.020,    0.000,    0.000,
    0.010,   -0.010,    0.000,    0.000,
    0.030,    0.010,    0.000,    0.000,
    0.030,    0.020,    0.000,    0.000,
    0.010,    0.000,    0.000,    0.000,
    0.020,   -0.010,    0.000,    0.000,
    0.020,    0.000,    0.000,    0.000,
    0.000,    0.000,    0.000,    0.000,
    0.000,    0.000,    0.000,    0.000,
    0.030,    0.000,    0.000,    0.000,
    0.020,    0.010,    0.000,    0.000,
    0.000,    0.020,    0.000,    0.000,
    0.000,   -0.020,    0.000,    0.000,
    0.020,    0.010,    0.000,    0.000,
    0.010,    0.020,    0.000,    0.000,
    0.000,    0.000,    0.000,    0.000,
    0.030,   -0.010,    0.000,    0.000,
    0.030,    0.000,    0.000,    0.000,
    0.000,    0.000,    0.000,    0.000,
    0.000,   -0.010,    0.000,    0.000,
    0.010,    0.010,    0.000,    0.000,
    0.020,    0.010,    0.000,    0.000,
    0.000,    0.010,    0.000,    0.000,
    0.020,    0.000,    0.000,    0.000,
    0.030,    0.000,    0.000,    0.000,
    0.000,    0.010,    0.000,    0.000,
    0.000,   -0.010,    0.000,    0.000,
    0.020,    0.000,    0.000,    0.000,
    0.020,    0.010,    0.000,    0.000,
    0.000,    0.000,    0.000,    0.000,
    0.000,    0.000,    0.000,    0.000,
    0.010,    0.010,    0.000,    0.000,
    0.010,    0.000,    0.000,    0.000,
    0.000,    0.000,    0.000,    0.000,
    0.020,    0.000,    0.000,    0.000,
    0.020,    0.000,    0.000,    0.000,
    0.000,    0.000,    0.000,    0.000,
    0.000,   -0.020,    0.000,    0.000,
    0.020,    0.000,    0.000,    0.000,
    0.020,    0.010,    0.000,    0.000,
    0.000,    0.000,    0.000,    0.000,
    0.000,    0.000,    0.000,    0.000,
    0.010,    0.000,    0.000,    0.000,
    0.010,    0.020,    0.000,    0.000,
    0.000,    0.010,    0.000,    0.000,
    0.020,    0.000,    0.000,    0.000,
    0.030,    0.010,    0.000,    0.000,
    0.010,    0.000,    0.000,    0.000,
    0.010,    0.000,    0.000,    0.000,
    0.020,   -0.020,    0.000,    0.000,
    0.010,    0.000,    0.000,    0.000,
    0.000,    0.000,    0.000,    0.000,
    0.000,    0.000,    0.000,    0.000,
    0.020,    0.000,    0.000,    0.000,
    0.030,    0.000,    0.000,    0.000,
    0.010,    0.010,    0.000,    0.000,
    0.000,    0.000,    0.000,    0.000,
    0.030,    0.000,    0.000,    0.000,
    0.020,    0.010,    0.000,    0.000,
    0.010,    0.010,    0.000,    0.000,
    0.000,    0.010,    0.000,    0.000,
    0.010,   -0.010,    0.000,    0.000,
    0.020,    0.000,    0.000,    0.000,
    0.010,    0.020,    0.000,    0.000,
    0.000,    0.000,    0.000,    0.000,
    0.000,    0.000,    0.000,    0.000,
    0.010,    0.000,    0.000,    0.000,
    0.020,    0.020,    0.000,    0.000,
    0.010,    0.000,    0.000,    0.000,
    0.010,    0.000,    0.000,    0.000,
    0.020,    0.000,    0.000,    0.000,
    0.030,    0.020,    0.000,    0.000,
    0.020,    0.010,    0.000,    0.000,
    0.000,    0.000,    0.000,    0.000,
    0.020,   -0.020,    0.000,    0.000,
    0.030,    0.000,    0.000,    0.000,
    0.020,    0.010,    0.000,    0.000,
    0.000,    0.010,    0.000,    0.000,
    0.010,    0.000,    0.000,    0.000,
    0.010,   -0.010,    0.000,    0.000,
    0.000,    0.000,    0.000,    0.000,
    0.030,    0.010,    0.000,    0.000,
    0.010,    0.020,    0.000,    0.000,
    0.000,    0.010,    0.000,    0.000,
    0.020,    0.000,    0.000,    0.000,
    0.020,    0.000,    0.000,    0.000,
    0.010,    0.000,    0.000,    0.000,
    0.020,    0.010,    0.000,    0.000,
    0.010,    0.000,    0.000,    0.000,
    0.010,    0.010,    0.000,    0.000,
    0.010,    0.000,    0.000,    0.000,
    0.010,    0.010,    0.000,    0.000,
    0.000,    0.000,    0.000,    0.000,
    0.000,    0.000,    0.000,    0.000,
    0.000,    0.000,    0.000,    0.000,
    0.000,    0.000,    0.000,    0.000,
    0.000,    0.000,    0.000,    0.000,
    0.000,    0.000,    0.000,    0.000,
    0.000,    0.000,    0.000,    0.000,
    0.000,   -0.010,    0.000,    0.000,
    0.010,   -0.020,    0.000,    0.000,
    0.010,   -0.010,    0.000,    0.000,
    0.000,   -0.030,    0.000,    0.000,
    0.000,   -0.030,    0.000,    0.000,
    0.000,   -0.020,    0.000,    0.000,
    0.010,    0.000,    0.000,    0.000,
    0.000,   -0.010,    0.000,    0.000,
    0.010,   -0.020,    0.000,    0.000,
    0.010,   -0.020,    0.000,    0.000,
    0.000,   -0.010,    0.000,    0.000,
   -0.020,   -0.020,    0.000,    0.000,
   -0.010,   -0.010,    0.000,    0.000,
    0.000,   -0.020,    0.000,    0.000,
    0.000,   -0.020,    0.000,    0.000,
    0.000,   -0.020,    0.000,    0.000,
    0.000,   -0.030,    0.000,    0.000,
    0.000,   -0.020,    0.000,    0.000,
    0.000,   -0.020,    0.000,    0.000,
    0.020,   -0.020,    0.000,    0.000,
    0.000,   -0.030,    0.000,    0.000,
    0.000,   -0.030,    0.000,    0.000,
    0.010,   -0.010,    0.000,    0.000,
    0.000,    0.000,    0.000,    0.000,
    0.010,   -0.020,    0.000,    0.000,
    0.000,   -0.030,    0.000,    0.000,
    0.000,    0.000,    0.000,    0.000,
    0.010,   -0.010,    0.000,    0.000,
    0.000,   -0.020,    0.000,    0.000,
   -0.010,   -0.020,    0.000,    0.000,
    0.000,   -0.010,    0.000,    0.000,
    0.010,   -0.020,    0.000,    0.000,
    0.010,   -0.040,    0.000,    0.000,
   -0.010,   -0.020,    0.000,    0.000,
    0.010,   -0.010,    0.000,    0.000,
    0.020,   -0.020,    0.000,    0.000,
   -0.010,   -0.020,    0.000,    0.000,
    0.000,    0.000,    0.000,    0.000,
    0.010,   -0.020,    0.000,    0.000,
    0.000,   -0.040,    0.000,    0.000,
   -0.010,   -0.030,    0.000,    0.000,
    0.000,   -0.010,    0.000,    0.000,
    0.020,   -0.030,    0.000,    0.000,
    0.000,   -0.040,    0.000,    0.000,
    0.010,   -0.020,    0.000,    0.000,
    0.020,   -0.020,    0.000,    0.000,
    0.010,   -0.020,    0.000,    0.000,
   -0.010,   -0.010,    0.000,    0.000,
    0.010,    0.000,    0.000,    0.000,
    0.000,   -0.010,    0.000,    0.000,
   -0.010,   -0.020,    0.000,    0.000,
    0.000,   -0.040,    0.000,    0.000,
    0.010,   -0.020,    0.000,    0.000,
    0.010,   -0.010,    0.000,    0.000,
    0.000,   -0.030,    0.000,    0.000,
    0.010,   -0.020,    0.000,    0.000,
    0.030,    0.000,    0.000,    0.000,
    0.000,   -0.010,    0.000,    0.000,
   -0.010,   -0.020,    0.000,    0.000,
    0.010,   -0.020,    0.000,    0.000,
    0.010,   -0.020,    0.000,    0.000,
   -0.030,   -0.010,    0.000,    0.000,
    0.000,   -0.030,    0.000,    0.000,
    0.010,   -0.040,    0.000,    0.000,
    0.000,   -0.010,    0.000,    0.000,
   -0.010,   -0.020,    0.000,    0.000,
    0.030,   -0.020,    0.000,    0.000,
    0.020,   -0.010,    0.000,    0.000,
    0.000,    0.000,    0.000,    0.000,
    0.000,   -0.010,    0.000,    0.000,
    0.000,    0.000,    0.000,    0.000,
   -0.010,   -0.020,    0.000,    0.000,
   -0.020,   -0.030,    0.000,    0.000,
    0.010,   -0.030,    0.000,    0.000,
    0.010,   -0.040,    0.000,    0.000,
    0.010,   -0.020,    0.000,    0.000,
    0.000,   -0.020,    0.000,    0.000,
    0.040,   -0.020,    0.000,    0.000,
    0.000,   -0.010,    0.000,    0.000,
    0.000,   -0.010,    0.000,    0.000,
    0.010,   -0.040,    0.000,    0.000,
    0.010,   -0.010,    0.000,    0.000,
   -0.010,   -0.010,    0.000,    0.000,
   -0.010,   -0.030,    0.000,    0.000,
    0.010,   -0.020,    0.000,    0.000,
    0.000,   -0.010,    0.000,    0.000,
    0.000,   -0.040,    0.000,    0.000,
    0.000,   -0.030,    0.000,    0.000,
    0.030,   -0.010,    0.000,    0.000,
    0.000,    0.000,    0.000,    0.000,
    0.000,    0.000,    0.000,    0.000,
    0.000,   -0.010,    0.000,    0.000,
    0.000,   -0.020,    0.000,    0.000,
   -0.010,   -0.020,    0.000,    0.000,
    0.000,   -0.040,    0.000,    0.000,
    0.020,   -0.030,    0.000,    0.000,
    0.000,    0.000,    0.000,    0.000,
    0.000,   -0.030,    0.000,    0.000,
    0.010,   -0.020,    0.000,    0.000,
    0.000,   -0.010,    0.000,    0.000,
    0.000,    0.000,    0.000,    0.000,
    0.000,   -0.030,    0.000,    0.000,
    0.000,    0.000,    0.000,    0.000,
    0.000,   -0.010,    0.000,    0.000,
   -0.010,   -0.030,    0.000,    0.000,
    0.010,   -0.040,    0.000,    0.000,
    0.000,   -0.030,    0.000,    0.000,
    0.010,    0.000,    0.000,    0.000,
    0.000,   -0.040,    0.000,    0.000,
    0.030,   -0.020,    0.000,    0.000,
    0.000,    0.000,    0.000,    0.000,
    0.000,   -0.010,    0.000,    0.000,
    0.000,   -0.040,    0.000,    0.000,
    0.000,   -0.010,    0.000,    0.000,
    0.000,    0.000,    0.000,    0.000,
    0.000,   -0.030,    0.000,    0.000,
    0.010,   -0.030,    0.000,    0.000,
    0.010,   -0.020,    0.000,    0.000,
    0.000,    0.000,    0.000,    0.000,
   -0.010,   -0.010,    0.000,    0.000,
    0.000,   -0.020,    0.000,    0.000,
   -0.020,    0.000,    0.000,    0.000,
    0.000,    0.010,    0.000,    0.000,
    0.000,    0.000,    0.000,    0.000,
    0.000,    0.000,    0.000,    0.000,
    0.000,    0.000,    0.000,    0.000,
    0.000,    0.000,    0.000,    0.000,
    0.000,    0.000,    0.000,    0.000,
    0.000,    0.000,    0.000,    0.000,
    0.000,    0.000,    0.000,    0.000,
    0.000,    0.000,    0.000,    0.000,
    0.000,    0.000,    0.000,    0.000,
    0.000,    0.000,    0.000,    0.000,
    0.000,    0.000,    0.000,    0.000,
    0.000,    0.000,    0.000,    0.000,
    0.000,    0.000,    0.000,   -0.150,
    0.000,   -0.020,    0.000,   -0.160,
    0.000,   -0.010,    0.000,   -0.160,
    0.000,    0.000,    0.000,   -0.160,
    0.000,    0.000,    0.000,   -0.160,
    0.000,    0.000,    0.000,   -0.160,
    0.000,    0.000,    0.000,   -0.160,
    0.000,    0.000,   -0.220,   -0.160,
   -0.020,   -0.010,   -0.310,   -0.160,
   -0.040,   -0.040,   -0.470,   -0.160,
   -0.110,   -0.070,   -0.750,   -0.160,
   -0.220,   -0.110,   -0.840,   -0.170,
   -0.340,   -0.160,   -0.970,   -0.170,
   -0.470,   -0.150,   -0.980,   -0.170,
   -0.480,   -0.240,   -1.000,   -0.170,
   -0.520,   -0.250,   -1.000,   -0.170,
   -0.580,   -0.250,   -1.020,   -0.170,
   -0.590,   -0.230,   -1.030,   -0.170,
   -0.640,   -0.220,   -1.030,   -0.170,
   -0.660,   -0.220,   -1.070,   -0.170,
   -0.700,   -0.220,   -1.110,   -0.170,
   -0.750,   -0.220,   -1.160,   -0.170,
   -0.760,   -0.240,   -1.280,   -0.170,
   -0.900,   -0.290,   -1.500,   -0.170,
   -1.150,   -0.310,   -1.570,   -0.170,
   -1.240,   -0.350,   -1.710,   -0.170,
   -1.300,   -0.290,   -1.710,   -0.170,
   -1.350,   -0.200,   -1.710,   -0.170,
   -1.380,   -0.180,   -1.710,   -0.170,
   -1.390,   -0.180,   -1.710,   -0.170,
   -1.400,   -0.210,   -1.710,   -0.170,
   -1.400,   -0.180,   -1.710,   -0.170,
   -1.400,   -0.200,   -1.710,   -0.170,
   -1.440,   -0.180,   -1.710,   -0.170,
   -1.510,   -0.150,   -1.740,   -0.170,
   -1.460,   -0.210,   -1.740,   -0.170,
   -1.560,   -0.220,   -1.760,   -0.170,
   -1.540,   -0.250,   -1.800,   -0.170,
   -1.530,   -0.210,   -1.940,   -0.170,
   -1.650,   -0.210,   -1.990,   -0.170,
   -1.730,   -0.250,   -1.990,   -0.170,
   -1.730,   -0.220,   -1.990,   -0.170,
   -1.790,   -0.140,   -1.990,   -0.170,
   -1.850,   -0.130,   -1.990,   -0.170,
   -1.770,   -0.270,   -1.990,   -0.170,
   -1.800,   -0.280,   -1.990,   -0.170,
   -1.790,   -0.260,   -1.990,   -0.170,
   -1.800,   -0.230,   -1.990,   -0.170,
   -1.840,   -0.280,   -2.010,   -0.170,
   -1.840,   -0.280,   -2.010,   -0.170,
   -1.850,   -0.300,   -2.050,   -0.170,
   -1.900,   -0.280,   -2.110,   -0.170,
   -1.920,   -0.260,   -2.130,   -0.170,
   -1.930,   -0.210,   -2.190,   -0.170,
   -1.990,   -0.160,   -2.200,   -0.170,
   -2.150,   -0.120,   -2.190,   -0.170,
   -2.080,   -0.180,   -2.200,   -0.170,
   -2.050,   -0.260,   -2.200,   -0.170,
   -2.090,   -0.320,   -2.200,   -0.170,
   -2.130,   -0.300,   -2.210,   -0.170,
   -2.110,   -0.230,   -2.210,   -0.170,
   -2.080,   -0.240,   -2.210,   -0.170,
   -2.090,   -0.270,   -2.210,   -0.170,
   -2.130,   -0.270,   -2.210,   -0.170,
   -2.140,   -0.230,   -2.210,   -0.170,
   -2.150,   -0.230,   -2.100,   -0.170,
   -2.080,   -0.210,   -1.750,   -0.170,
   -1.860,   -0.350,   -1.320,   -0.170,
   -1.610,   -0.330,   -1.190,   -0.170,
   -1.470,   -0.270,   -1.040,   -0.170,
   -1.360,   -0.260,   -0.980,   -0.170,
   -1.260,   -0.260,   -0.860,   -0.170,
   -1.140,   -0.240,   -0.680,   -0.170,
   -1.040,   -0.260,   -0.490,   -0.170,
   -0.910,   -0.260,   -0.330,   -0.170,
   -0.770,   -0.240,    0.000,   -0.170,
   -0.520,   -0.220,    0.000,   -0.150,
   -0.440,   -0.230,    0.000,    0.000,
   -0.290,   -0.130,    0.000,    0.000,
   -0.170,   -0.100,    0.000,    0.000,
   -0.080,   -0.060,    0.000,    0.000,
    0.000,   -0.020,    0.000,    0.000,
    0.000,    0.000,    0.150,    0.000,
    0.020,    0.000,    0.160,    0.000,
    0.000,    0.000,    0.230,    0.000,
    0.000,    0.000,    0.290,    0.000,
    0.000,    0.000,    0.320,    0.000,
    0.000,    0.000,    0.500,    0.000,
    0.030,    0.000,    0.920,    0.000,
    0.180,    0.000,    1.230,    0.000,
    0.550,    0.080,    1.310,    0.000,
    0.750,   -0.060,    1.330,    0.000,
    0.860,   -0.010,    1.320,    0.000,
    0.850,    0.000,    1.320,    0.000,
    0.870,    0.010,    1.320,    0.000,
    0.920,    0.050,    1.320,    0.000,
    0.870,    0.060,    1.320,    0.000,
    0.900,    0.060,    1.330,    0.000,
    0.880,    0.040,    1.350,    0.000,
    0.950,    0.020,    1.360,    0.000,
    0.930,    0.010,    1.370,    0.000,
    0.980,    0.020,    1.390,    0.000,
    1.020,    0.020,    1.390,    0.000,
    1.050,    0.010,    1.380,    0.000,
    1.060,    0.040,    1.390,    0.000,
    1.110,    0.080,    1.420,    0.000,
    1.170,    0.100,    1.460,    0.000,
    1.280,    0.120,    1.540,    0.000,
    1.380,    0.100,    1.670,    0.000,
    1.330,    0.000,    1.740,    0.000,
    1.390,   -0.100,    1.740,    0.000,
    1.520,   -0.130,    1.740,    0.000,
    1.450,   -0.040,    1.740,    0.000,
    1.440,    0.090,    1.740,    0.000,
    1.470,    0.060,    1.740,    0.000,
    1.470,   -0.020,    1.740,    0.000,
    1.510,    0.000,    1.740,    0.000,
    1.520,    0.000,    1.740,    0.000,
    1.530,    0.010,    1.740,    0.000,
    1.520,    0.000,    1.740,    0.000,
    1.520,    0.000,    1.740,    0.000,
    1.520,    0.000,    1.740,    0.000,
    1.580,    0.030,    1.740,    0.000,
    1.570,    0.050,    1.740,    0.000,
    1.630,    0.070,    1.740,    0.000,
    1.590,    0.030,    1.750,    0.000,
    1.590,    0.010,    1.790,    0.000,
    1.590,    0.000,    1.790,    0.000,
    1.610,    0.010,    1.810,    0.000,
    1.640,   -0.040,    1.800,    0.000,
    1.640,   -0.030,    1.800,    0.000,
    1.630,    0.000,    1.800,    0.000,
    1.620,    0.020,    1.800,    0.000,
    1.650,    0.040,    1.800,    0.000,
    1.680,    0.020,    1.810,    0.000,
    1.690,    0.020,    1.830,    0.000,
    1.660,    0.000,    1.910,    0.000,
    1.720,    0.010,    2.030,    0.000,
    1.880,    0.030,    2.070,    0.000,
    1.900,   -0.010,    2.070,    0.000,
    1.880,   -0.030,    2.070,    0.000,
    1.890,   -0.010,    2.070,    0.000,
    1.870,   -0.010,    2.070,    0.000,
    1.970,    0.040,    2.080,    0.150,
    1.990,    0.100,    2.100,    0.000,
    2.000,    0.020,    2.100,    0.150,
    1.960,    0.060,    2.100,    0.150,
    1.990,    0.090,    2.100,    0.150,
    2.030,    0.130,    2.160,    0.150,
    2.080,    0.140,    2.220,    0.150,
    2.100,    0.100,    2.250,    0.150,
    2.130,    0.140,    2.260,    0.150,
    2.170,    0.170,    2.270,    0.150,
    2.170,    0.140,    2.270,    0.150,
    2.150,    0.090,    2.270,    0.150,
    2.210,    0.150,    2.270,    0.150,
    2.220,    0.100,    2.260,    0.000,
    2.220,   -0.020,    2.270,    0.000,
    2.180,    0.030,    2.170,    0.000,
    2.150,    0.060,    2.070,    0.000,
    2.090,    0.010,    2.040,    0.000,
    2.050,    0.000,    1.700,    0.000,
    1.840,   -0.030,    1.090,    0.000,
    1.610,   -0.070,    1.030,    0.000,
    1.450,   -0.070,    0.540,    0.000,
    1.220,   -0.060,    0.400,    0.000,
    1.010,   -0.050,    0.300,    0.000,
    0.880,   -0.060,    0.180,    0.000,
    0.720,   -0.080,    0.170,    0.000,
    0.610,   -0.070,    0.000,    0.000,
    0.350,   -0.060,    0.000,    0.000,
    0.290,   -0.040,    0.000,    0.000,
    0.200,   -0.060,    0.000,    0.000,
    0.090,   -0.030,    0.000,    0.000,
    0.010,    0.000,    0.000,    0.000,
    0.000,    0.010,    0.000,    0.000,
    0.000,    0.000,    0.000,    0.000,
    0.000,    0.000,    0.000,   -0.150,
    0.000,   -0.010,    0.000,   -0.150,
    0.000,   -0.010,    0.000,   -0.160,
    0.000,    0.000,    0.000,   -0.170,
    0.000,   -0.010,    0.000,   -0.170,
    0.000,    0.000,    0.000,   -0.170,
    0.000,    0.000,   -0.180,   -0.170,
   -0.030,   -0.020,   -0.230,   -0.170,
   -0.040,   -0.050,   -0.500,   -0.180,
   -0.090,   -0.080,   -0.720,   -0.180,
   -0.250,   -0.110,   -0.880,   -0.180,
   -0.390,   -0.190,   -0.990,   -0.180,
   -0.480,   -0.210,   -1.030,   -0.180,
   -0.530,   -0.220,   -1.050,   -0.180,
   -0.550,   -0.240,   -1.050,   -0.180,
   -0.610,   -0.260,   -1.070,   -0.180,
   -0.620,   -0.240,   -1.090,   -0.180,
   -0.650,   -0.250,   -1.220,   -0.180,
   -0.740,   -0.260,   -1.350,   -0.180,
   -0.870,   -0.280,   -1.420,   -0.180,
   -0.980,   -0.210,   -1.470,   -0.180,
   -1.050,   -0.230,   -1.570,   -0.180,
   -1.150,   -0.270,   -1.650,   -0.180,
   -1.230,   -0.250,   -1.680,   -0.180,
   -1.290,   -0.200,   -1.690,   -0.180,
   -1.270,   -0.280,   -1.710,   -0.180,
   -1.350,   -0.320,   -1.720,   -0.180,
   -1.380,   -0.300,   -1.740,   -0.180,
   -1.390,   -0.270,   -1.760,   -0.180,
   -1.430,   -0.240,   -1.780,   -0.180,
   -1.560,   -0.310,   -1.790,   -0.180,
   -1.550,   -0.270,   -1.810,   -0.180,
   -1.540,   -0.250,   -1.840,   -0.180,
   -1.560,   -0.220,   -1.960,   -0.180,
   -1.650,   -0.300,   -2.020,   -0.180,
   -1.740,   -0.330,   -2.090,   -0.180,
   -1.870,   -0.360,   -2.120,   -0.180,
   -1.860,   -0.320,   -2.140,   -0.180,
   -1.890,   -0.210,   -2.230,   -0.180,
   -1.960,   -0.260,   -2.270,   -0.180,
   -2.000,   -0.250,   -2.280,   -0.180,
   -2.080,   -0.290,   -2.280,   -0.180,
   -2.110,   -0.270,   -2.280,   -0.180,
   -2.110,   -0.340,   -2.280,   -0.180,
   -2.090,   -0.320,   -2.290,   -0.180,
   -2.200,   -0.370,   -2.290,   -0.180,
   -2.130,   -0.320,   -2.330,   -0.180,
   -2.140,   -0.220,   -2.550,   -0.180,
   -2.300,   -0.280,   -2.690,   -0.180,
   -2.460,   -0.270,   -2.710,   -0.180,
   -2.510,   -0.230,   -2.710,   -0.180,
   -2.570,   -0.250,   -2.710,   -0.180,
   -2.660,   -0.210,   -2.710,   -0.180,
   -2.600,   -0.260,   -2.700,   -0.180,
   -2.620,   -0.250,   -2.700,   -0.180,
   -2.690,   -0.200,   -2.710,   -0.180,
   -2.660,   -0.200,   -2.700,   -0.180,
   -2.670,   -0.220,   -2.710,   -0.180,
   -2.640,   -0.260,   -2.700,   -0.180,
   -2.620,   -0.320,   -2.710,   -0.180,
   -2.650,   -0.290,   -2.700,   -0.180,
   -2.690,   -0.210,   -2.700,   -0.180,
   -2.700,   -0.260,   -2.700,   -0.180,
   -2.680,   -0.310,   -2.700,   -0.180,
   -2.630,   -0.250,   -2.690,   -0.180,
   -2.690,   -0.260,   -2.570,   -0.180,
   -2.600,   -0.300,   -2.470,   -0.180,
   -2.500,   -0.320,   -1.450,   -0.180,
   -2.230,   -0.320,   -0.810,   -0.180,
   -1.730,   -0.310,    0.000,   -0.170,
   -0.990,   -0.490,    0.000,   -0.150,
   -0.710,   -0.390,    0.000,   -0.150,
   -0.630,   -0.220,    0.000,   -0.150,
   -0.590,   -0.220,    0.000,   -0.150,
   -0.520,   -0.210,    0.000,   -0.150,
   -0.480,   -0.240,    0.000,   -0.150,
   -0.360,   -0.230,    0.000,    0.000,
   -0.220,   -0.160,    0.000,    0.000,
   -0.110,   -0.100,    0.000,    0.000,
   -0.040,   -0.040,    0.000,    0.000,
    0.000,    0.000,    0.000,    0.000,
    0.000,    0.000,    0.000,    0.000,
    0.000,    0.000,    0.000,    0.000,
    0.000,    0.000,    0.000,    0.000,
    0.000,    0.000,    0.000,    0.000,
    0.000,    0.000,    0.000,    0.000,
    0.000,    0.000,    0.000,    0.000,
    0.000,    0.000,    0.000,    0.000,
    0.000,    0.000,    0.000,    0.760,
    0.020,    0.080,    0.000,    0.850,
    0.000,    0.420,    0.000,    0.870,
    0.110,    0.530,    0.000,    0.890,
    0.120,    0.630,    0.000,    0.900,
    0.140,    0.720,    0.000,    0.900,
    0.160,    0.780,    0.000,    0.920,
    0.080,    0.810,    0.000,    0.930,
    0.020,    0.810,    0.000,    0.940,
    0.020,    0.840,    0.000,    1.000,
    0.030,    0.890,    0.000,    1.070,
    0.040,    0.980,    0.000,    1.150,
    0.080,    1.040,    0.000,    1.260,
    0.060,    1.150,    0.000,    1.300,
    0.070,    1.240,    0.000,    1.310,
    0.060,    1.270,    0.000,    1.310,
    0.070,    1.310,    0.000,    1.300,
    0.080,    1.320,    0.000,    1.300,
    0.080,    1.350,    0.000,    1.300,
    0.070,    1.370,    0.000,    1.300,
    0.080,    1.380,    0.000,    1.300,
    0.100,    1.390,    0.000,    1.300,
    0.130,    1.420,    0.000,    1.300,
    0.080,    1.410,    0.000,    1.300,
    0.030,    1.390,    0.000,    1.300,
    0.050,    1.410,    0.000,    1.300,
    0.080,    1.410,    0.000,    1.300,
    0.070,    1.420,    0.000,    1.260,
    0.080,    1.410,    0.000,    1.260,
    0.100,    1.400,    0.000,    1.220,
    0.090,    1.370,    0.000,    1.080,
    0.070,    1.290,    0.000,    0.880,
    0.110,    1.200,    0.000,    0.420,
    0.080,    1.020,    0.000,    0.000,
    0.010,    0.540,    0.000,    0.000,
    0.080,    0.340,    0.000,    0.000,
    0.130,    0.270,    0.000,    0.000,
    0.070,    0.180,    0.000,    0.000,
    0.030,    0.070,    0.000,   -0.160,
    0.010,    0.000,    0.000,   -0.190,
    0.000,   -0.040,    0.000,   -0.200,
    0.000,   -0.040,    0.000,   -0.220,
   -0.010,   -0.040,    0.000,   -0.240,
   -0.010,   -0.050,    0.000,   -0.320,
   -0.010,   -0.080,    0.000,   -0.770,
   -0.060,   -0.260,    0.000,   -0.970,
   -0.020,   -0.570,    0.000,   -1.050,
    0.080,   -0.730,    0.000,   -1.240,
    0.040,   -0.950,    0.000,   -1.360,
    0.000,   -1.130,    0.000,   -1.360,
   -0.020,   -1.190,    0.000,   -1.360,
   -0.070,   -1.240,    0.000,   -1.360,
   -0.050,   -1.270,    0.000,   -1.360,
    0.000,   -1.360,    0.000,   -1.360,
   -0.010,   -1.390,    0.000,   -1.360,
    0.000,   -1.390,    0.000,   -1.360,
    0.020,   -1.430,    0.000,   -1.360,
    0.010,   -1.450,    0.000,   -1.360,
    0.000,   -1.460,    0.000,   -1.360,
    0.000,   -1.460,    0.000,   -1.360,
    0.020,   -1.500,    0.000,   -1.350,
    0.040,   -1.490,    0.000,   -1.330,
    0.040,   -1.460,    0.000,   -1.240,
    0.060,   -1.440,    0.000,   -1.220,
    0.050,   -1.430,    0.000,   -1.020,
    0.070,   -1.330,    0.000,   -0.760,
    0.100,   -1.180,    0.000,   -0.550,
    0.090,   -1.040,    0.000,   -0.300,
    0.080,   -0.850,    0.000,   -0.240,
    0.070,   -0.680,    0.000,   -0.230,
    0.070,   -0.590,    0.000,   -0.200,
    0.060,   -0.480,    0.000,   -0.170,
    0.060,   -0.380,    0.000,   -0.160,
    0.060,   -0.310,    0.000,    0.000,
    0.060,   -0.150,    0.000,    0.000,
    0.020,   -0.070,    0.000,    0.000,
    0.010,    0.000,    0.000,    0.000,
    0.000,    0.010,    0.000,    0.000,
    0.000,    0.000,    0.790,    0.000,
    0.100,    0.010,    1.560,    0.000,
    0.540,    0.060,    2.990,    0.420,
    1.360,    0.060,    2.990,    0.780,
    1.990,    0.360,    2.990,    1.160,
    2.330,    0.860,    2.990,    1.380,
    2.590,    1.270,    2.990,    1.420,
    2.830,    1.530,    2.990,    1.410,
    2.780,    1.490,    2.990,    1.420,
    2.710,    1.450,    2.990,    1.420,
    2.800,    1.530,    2.990,    1.410,
    2.830,    1.460,    2.990,    1.410,
    2.880,    1.420,    2.990,    1.410,
    2.920,    1.420,    2.990,    1.410,
    3.010,    1.380,    2.770,    1.240,
    3.020,    1.360,    1.770,    0.760,
    2.790,    1.150,    1.780,    0.760,
    2.080,    0.680,    1.780,    0.760,
    1.970,    0.570,    1.780,    0.760,
    2.000,    0.570,    1.780,    0.760,
    1.970,    0.540,    1.420,    0.580,
    1.700,    0.440,    1.040,    0.300,
    1.300,    0.200,    0.520,    0.000,
    0.900,    0.020,    0.200,    0.000,
    0.480,   -0.160,    0.160,    0.000,
    0.350,   -0.200,    0.000,    0.000,
    0.160,   -0.170,    0.000,    0.000,
    0.090,   -0.100,    0.000,    0.000,
    0.030,   -0.040,    0.000,    0.000,
    0.000,    0.000,    0.000,    0.000,
    0.000,    0.010,    0.000,    0.000,
    0.000,    0.000,    0.000,    0.000,
    0.000,    0.000,    0.000,    0.000,
    0.000,    0.000,    0.000,    0.000,
    0.000,    0.000,    0.000,    0.000,
    0.000,    0.000,    0.000,    0.000,
    0.000,    0.000,    0.000,   -0.150,
    0.000,   -0.010,    0.000,   -0.150,
    0.000,   -0.010,   -0.380,   -0.160,
   -0.050,   -0.040,   -1.680,   -0.160,
   -0.250,   -0.090,   -2.260,   -0.160,
   -1.140,   -0.220,   -2.940,   -0.160,
   -2.080,   -0.300,   -3.000,   -0.160,
   -2.690,   -0.340,   -3.000,   -0.160,
   -2.770,   -0.240,   -3.000,   -0.160,
   -2.790,   -0.140,   -3.000,   -0.160,
   -2.790,   -0.260,   -3.000,   -0.160,
   -2.810,   -0.270,   -3.000,   -0.160,
   -2.870,   -0.260,   -3.000,   -0.160,
   -2.830,   -0.240,   -3.000,   -0.160,
   -2.850,   -0.220,   -3.000,   -0.160,
   -2.850,   -0.250,   -3.000,   -0.160,
   -2.840,   -0.150,   -3.000,   -0.160,
   -2.920,   -0.120,   -3.000,   -0.160,
   -2.990,   -0.070,   -3.000,   -0.160,
   -3.010,    0.000,   -3.000,   -0.160,
   -3.010,   -0.030,   -3.000,   -0.160,
   -3.090,   -0.020,   -3.000,   -0.160,
   -3.040,    0.010,   -3.000,   -0.160,
   -3.050,    0.000,   -3.000,   -0.160,
   -3.080,   -0.020,   -3.000,   -0.160,
   -3.020,   -0.050,   -3.000,   -0.160,
   -2.950,   -0.150,   -2.870,   -0.160,
   -2.770,   -0.170,   -1.950,   -0.160,
   -2.430,   -0.030,    0.000,    0.000,
   -0.590,    0.000,    0.000,    0.000,
   -0.470,    0.040,    0.000,    0.000,
    0.010,    0.020,    0.000,    0.000,
    0.010,    0.000,    0.000,    0.000,
    0.000,   -0.010,    0.000,    0.000,
    0.000,    0.000,    0.000,    0.000,
    0.000,    0.000,    0.000,    0.000,
    0.000,    0.000,    0.000,    0.000,
    0.000,    0.000,    0.000,    0.000,
    0.000,    0.000,    0.000,    0.000,
    0.000,    0.000,    0.000,    0.000,
    0.000,    0.000,    0.000,    0.000,
    0.000,    0.000,    0.000,    0.000,
    0.000,    0.000,    0.000,    0.490,
    0.010,    0.080,    0.000,    0.870,
    0.080,    0.380,    0.000,    1.100,
    0.080,    0.770,    0.000,    1.120,
    0.140,    0.910,    0.000,    1.120,
    0.160,    0.920,    0.000,    1.120,
    0.120,    0.970,    0.000,    1.120,
    0.070,    0.970,    0.000,    1.120,
    0.050,    1.010,    0.000,    1.120,
    0.090,    1.060,    0.000,    1.120,
    0.090,    1.090,    0.000,    1.120,
    0.090,    1.110,    0.000,    1.120,
    0.040,    1.120,    0.000,    1.110,
    0.010,    1.130,    0.000,    1.090,
    0.010,    1.130,    0.000,    1.090,
    0.000,    1.150,    0.000,    1.090,
   -0.090,    1.130,    0.000,    1.080,
   -0.090,    1.140,    0.000,    1.040,
   -0.130,    1.120,    0.000,    1.020,
   -0.170,    1.100,    0.000,    1.010,
   -0.210,    1.080,    0.000,    0.990,
   -0.200,    1.070,    0.000,    0.980,
   -0.230,    1.030,    0.000,    0.970,
   -0.230,    1.030,    0.000,    0.970,
   -0.260,    1.000,    0.000,    0.970,
   -0.240,    1.000,    0.000,    0.970,
   -0.230,    0.980,    0.000,    0.950,
   -0.260,    0.940,    0.000,    0.910,
   -0.290,    0.890,    0.000,    0.870,
   -0.220,    0.870,    0.000,    0.620,
   -0.340,    0.660,    0.000,    0.200,
   -0.420,    0.420,    0.000,    0.000,
   -0.410,    0.190,    0.000,    0.000,
   -0.310,    0.100,    0.000,    0.000,
   -0.250,   -0.040,    0.000,    0.000,
   -0.150,   -0.090,    0.000,    0.000,
   -0.090,   -0.110,    0.000,    0.000,
    0.000,   -0.100,    0.000,    0.000,
    0.010,   -0.080,    0.000,    0.000,
    0.000,   -0.070,    0.000,    0.000,
    0.040,   -0.050,    0.000,    0.000,
    0.030,   -0.020,    0.000,    0.000,
    0.030,   -0.020,    0.000,    0.000,
    0.010,   -0.010,    0.000,    0.000,
    0.000,   -0.010,    0.000,    0.000,
    0.010,   -0.020,    0.000,    0.000,
    0.020,   -0.010,    0.000,    0.000,
    0.000,   -0.010,    0.000,    0.000,
    0.000,   -0.020,    0.000,    0.000,
    0.010,   -0.030,    0.000,    0.000,
    0.010,   -0.020,    0.000,    0.000,
    0.000,   -0.020,    0.000,    0.000,
    0.010,   -0.020,    0.000,    0.000,
    0.020,   -0.020,    0.000,    0.000,
   -0.010,   -0.020,    0.000,    0.000,
    0.000,   -0.040,    0.000,    0.000,
    0.020,   -0.010,    0.000,    0.000,
    0.010,   -0.030,    0.000,    0.000,
   -0.020,   -0.010,    0.000,    0.000,
    0.000,   -0.020,    0.000,    0.000,
    0.010,   -0.030,    0.000,    0.000,
    0.000,   -0.020,    0.000,    0.000,
   -0.010,   -0.040,    0.000,    0.000,
    0.020,   -0.030,    0.000,    0.000,
    0.010,   -0.010,    0.000,    0.000,
    0.000,   -0.010,    0.000,    0.000,
    0.000,   -0.040,    0.000,    0.000,
    0.010,   -0.010,    0.000,    0.000,
    0.000,   -0.010,    0.000,    0.000,
   -0.010,   -0.030,    0.000,    0.000,
    0.000,   -0.030,    0.000,    0.000,
    0.000,   -0.020,    0.000,    0.000,
    0.000,   -0.010,    0.000,    0.000,
    0.000,   -0.010,    0.000,    0.000,
   -0.010,   -0.030,    0.000,    0.000,
    0.010,   -0.030,    0.000,    0.000,
    0.000,   -0.010,    0.000,    0.000,
    0.000,   -0.010,    0.000,    0.000,
   -0.010,   -0.010,    0.000,    0.000,
   -0.020,   -0.020,    0.000,    0.000,
    0.000,   -0.030,    0.000,    0.000,
    0.000,   -0.020,    0.000,    0.000,
    0.000,   -0.020,    0.000,    0.000,
    0.000,   -0.010,    0.000,    0.000,
    0.000,   -0.010,    0.000,    0.000,
    0.000,   -0.020,    0.000,    0.000,
    0.000,   -0.030,    0.000,    0.000,
    0.000,   -0.020,    0.000,    0.000,
    0.000,   -0.020,    0.000,    0.000,
   -0.010,   -0.010,    0.000,    0.000,
   -0.010,   -0.010,    0.000,    0.000,
    0.000,   -0.010,    0.000,    0.000,
   -0.010,   -0.020,    0.000,    0.000,
   -0.010,   -0.030,    0.000,    0.000,
    0.000,   -0.030,    0.000,    0.000,
    0.000,   -0.030,    0.000,    0.000,
    0.000,   -0.010,    0.000,    0.000,
    0.000,   -0.010,    0.000,    0.000,
    0.000,   -0.010,    0.000,    0.000,
    0.000,    0.000,    0.000,    0.000,
   -0.010,   -0.010,    0.000,    0.000,
    0.000,    0.000,    0.000,    0.000,
   -0.020,   -0.010,    0.000,    0.000,
   -0.020,   -0.020,    0.000,    0.000,
   -0.010,   -0.010,    0.000,    0.000,
    0.000,    0.000,    0.000,    0.000,
    0.000,    0.000,    0.000,    0.000,
    0.000,    0.000,    0.000,    0.000,
    0.000,    0.000,    0.000,    0.000,
    0.000,    0.000,    0.000,    0.000,
    0.000,    0.000,    0.000,    0.000,
    0.000,    0.000,    0.000,    0.000,
    0.000,    0.000,    0.000,    0.000,
    0.000,    0.000,    0.000,    0.000,
    0.000,    0.000,    0.000,    0.000,
    0.000,    0.000,    0.000,    0.000,
    0.000,    0.000,    0.000,    0.000,
    0.000,    0.000,    0.000,    0.000,
    0.000,    0.000,    0.000,    0.000,
    0.000,    0.000,    0.000,    0.000,
    0.000,    0.000,    0.000,    0.000,
    0.000,    0.000,    0.000,    0.000,
    0.000,    0.000,    0.000,    0.000,
    0.000,    0.000,    0.000,    0.000,
    0.000,    0.020,    0.000,    0.000,
    0.000,    0.020,    0.000,    0.000,
    0.000,    0.010,    0.000,    0.000,
    0.010,    0.010,    0.000,    0.000,
    0.000,    0.010,    0.000,    0.000,
    0.000,    0.010,    0.000,    0.000,
    0.000,    0.000,    0.000,    0.300,
    0.010,    0.080,    0.000,    0.500,
   -0.020,    0.160,    0.000,    0.520,
   -0.010,    0.270,    0.000,    0.520,
    0.020,    0.330,    0.000,    0.520,
    0.040,    0.360,    0.000,    0.520,
    0.060,    0.370,    0.000,    0.510,
    0.060,    0.370,    0.000,    0.510,
    0.050,    0.390,    0.000,    0.510,
    0.080,    0.390,    0.000,    0.510,
    0.080,    0.380,    0.000,    0.510,
    0.080,    0.380,    0.000,    0.510,
    0.060,    0.380,    0.000,    0.510,
    0.060,    0.380,    0.000,    0.510,
    0.060,    0.390,    0.000,    0.520,
    0.060,    0.400,    0.000,    0.540,
    0.050,    0.430,    0.000,    0.570,
    0.050,    0.430,    0.000,    0.690,
    0.040,    0.510,    0.000,    0.720,
    0.060,    0.560,    0.000,    0.720,
    0.050,    0.580,    0.000,    0.720,
    0.060,    0.600,    0.000,    0.720,
    0.080,    0.640,    0.000,    0.720,
    0.060,    0.650,    0.000,    0.720,
    0.040,    0.670,    0.000,    0.720,
    0.000,    0.650,    0.000,    0.720,
   -0.050,    0.660,    0.000,    0.720,
   -0.080,    0.660,    0.000,    0.720,
   -0.070,    0.670,    0.000,    0.720,
   -0.070,    0.670,    0.000,    0.720,
   -0.080,    0.660,    0.000,    0.720,
   -0.100,    0.660,    0.000,    0.720,
   -0.110,    0.670,    0.000,    0.720,
   -0.100,    0.690,    0.000,    0.720,
   -0.110,    0.680,    0.000,    0.720,
   -0.060,    0.690,    0.000,    0.720,
   -0.040,    0.680,    0.000,    0.710,
   -0.020,    0.680,    0.000,    0.710,
   -0.010,    0.690,    0.000,    0.700,
   -0.010,    0.670,    0.000,    0.690,
    0.010,    0.650,    0.000,    0.690,
    0.010,    0.660,    0.000,    0.690,
    0.010,    0.670,    0.000,    0.690,
    0.030,    0.660,    0.000,    0.690,
    0.050,    0.670,    0.000,    0.670,
    0.040,    0.660,    0.000,    0.660,
    0.040,    0.640,    0.000,    0.650,
    0.060,    0.610,    0.000,    0.640,
    0.070,    0.610,    0.000,    0.610,
    0.090,    0.580,    0.000,    0.610,
    0.080,    0.580,    0.000,    0.580,
    0.060,    0.560,    0.000,    0.560,
    0.050,    0.540,    0.000,    0.560,
    0.030,    0.530,    0.000,    0.560,
    0.030,    0.490,    0.000,    0.550,
    0.040,    0.480,    0.000,    0.550,
    0.030,    0.470,    0.000,    0.550,
    0.050,    0.470,    0.000,    0.550,
    0.040,    0.480,    0.000,    0.550,
    0.060,    0.470,    0.000,    0.550,
    0.030,    0.450,    0.000,    0.550,
    0.040,    0.470,    0.000,    0.550,
    0.020,    0.480,    0.000,    0.550,
    0.030,    0.470,    0.000,    0.550,
    0.010,    0.460,    0.000,    0.550,
    0.030,    0.480,    0.000,    0.550,
    0.030,    0.500,    0.000,    0.540,
    0.000,    0.480,    0.000,    0.550,
   -0.020,    0.440,    0.000,    0.550,
   -0.050,    0.450,    0.000,    0.550,
   -0.040,    0.460,    0.000,    0.550,
   -0.030,    0.480,    0.000,    0.550,
   -0.070,    0.480,    0.000,    0.540,
   -0.080,    0.440,    0.000,    0.540,
   -0.080,    0.440,    0.000,    0.530,
   -0.060,    0.450,    0.000,    0.510,
   -0.060,    0.430,    0.000,    0.480,
   -0.070,    0.410,    0.000,    0.460,
   -0.060,    0.400,    0.000,    0.260,
   -0.100,    0.320,    0.000,    0.000,
   -0.120,    0.200,    0.000,    0.000,
   -0.100,    0.110,    0.000,    0.000,
   -0.040,    0.040,    0.000,    0.000,
    0.000,    0.000,    0.000,    0.000,
    0.010,    0.000,    0.000,    0.000,
    0.000,    0.000,    0.000,    0.000,
