    0.000,    0.000,    0.000,    0.000,
    0.000,    0.000,    0.000,    0.000,
    0.000,    0.000,    0.000,    0.000,
    0.000,    0.000,    0.000,   -0.150,
    0.000,   -0.030,    0.000,   -0.150,
    0.000,   -0.070,    0.000,   -0.170,
    0.010,   -0.090,    0.000,   -0.180,
    0.000,   -0.100,    0.000,   -0.180,
    0.010,   -0.110,    0.000,   -0.180,
   -0.010,   -0.120,    0.000,   -0.170,
    0.020,   -0.120,    0.000,   -0.160,
    0.030,   -0.090,    0.000,   -0.150,
    0.030,   -0.100,    0.000,   -0.150,
    0.000,   -0.100,    0.000,   -0.150,
    0.010,   -0.080,    0.000,    0.000,
    0.040,   -0.020,    0.000,    0.000,
    0.000,    0.000,    0.000,   -0.180,
   -0.030,   -0.080,    0.000,   -0.200,
   -0.030,   -0.110,    0.000,   -0.250,
    0.000,   -0.160,    0.000,   -0.340,
   -0.040,   -0.250,    0.000,   -0.390,
   -0.030,   -0.330,    0.000,   -0.400,
   -0.010,   -0.360,    0.000,   -0.400,
    0.000,   -0.340,    0.000,   -0.400,
    0.010,   -0.330,    0.000,   -0.440,
    0.010,   -0.370,    0.000,   -0.790,
    0.020,   -0.530,    0.000,   -0.940,
    0.030,   -1.000,    0.000,   -1.090,
    0.030,   -1.080,    0.000,   -1.170,
    0.120,   -1.090,    0.000,   -1.330,
   -0.150,   -1.260,    0.000,   -1.350,
   -0.110,   -1.370,    0.000,   -1.350,
    0.030,   -1.300,    0.000,   -1.350,
   -0.010,   -1.350,    0.000,   -1.340,
    0.000,   -1.360,    0.000,   -1.250,
    0.030,   -1.270,    0.000,   -1.250,
    0.000,   -1.310,    0.000,   -1.250,
    0.020,   -1.280,    0.000,   -1.250,
    0.020,   -1.260,    0.000,   -1.250,
    0.020,   -1.280,    0.000,   -1.250,
    0.010,   -1.300,    0.000,   -1.250,
    0.000,   -1.290,    0.000,   -1.250,
    0.020,   -1.270,    0.000,   -1.250,
    0.030,   -1.280,    0.000,   -1.250,
    0.000,   -1.300,    0.000,   -1.260,
    0.000,   -1.300,    0.000,   -1.270,
    0.020,   -1.300,    0.000,   -1.270,
    0.050,   -1.320,    0.000,   -1.270,
   -0.010,   -1.300,    0.000,   -1.310,
   -0.040,   -1.350,    0.000,   -1.320,
    0.050,   -1.330,    0.000,   -1.320,
    0.010,   -1.350,    0.000,   -1.330,
   -0.030,   -1.380,    0.000,   -1.370,
    0.010,   -1.390,    0.000,   -1.370,
    0.010,   -1.410,    0.000,   -1.370,
    0.010,   -1.410,    0.000,   -1.380,
   -0.010,   -1.430,    0.000,   -1.370,
    0.000,   -1.410,    0.000,   -1.370,
    0.000,   -1.420,    0.000,   -1.370,
    0.000,   -1.410,    0.000,   -1.370,
    0.000,   -1.420,    0.000,   -1.370,
    0.010,   -1.410,    0.000,   -1.370,
    0.000,   -1.420,    0.000,   -1.370,
   -0.010,   -1.420,    0.000,   -1.370,
    0.000,   -1.400,    0.000,   -1.370,
    0.010,   -1.420,    0.000,   -1.370,
   -0.020,   -1.430,    0.000,   -1.240,
    0.000,   -1.330,    0.000,   -1.140,
    0.070,   -1.200,    0.000,   -0.400,
    0.020,   -0.010,    0.000,   -0.270,
   -0.040,   -0.280,    0.000,   -0.230,
    0.040,   -0.610,    0.000,   -0.210,
    0.010,   -0.290,    0.000,   -0.200,
    0.050,   -0.280,    0.000,   -0.180,
    0.010,   -0.180,    0.000,   -0.170,
    0.020,   -0.150,    0.000,    0.000,
    0.000,   -0.040,    0.000,    0.000,
    0.010,    0.000,    0.000,    0.000,
    0.000,    0.010,    0.000,    0.000,
    0.000,    0.000,    0.000,    0.000,
    0.000,    0.000,    0.000,    0.000,
    0.000,    0.000,    0.000,    0.000,
    0.000,    0.000,    0.000,    0.000,
    0.000,    0.000,    0.000,    0.000,
    0.000,    0.000,    0.000,    0.000,
    0.000,    0.000,    0.000,    0.000,
    0.000,    0.000,    0.000,    0.000,
    0.000,    0.000,    0.000,    0.000,
    0.000,    0.000,    0.000,    0.000,
    0.000,    0.000,    0.000,    0.000,
    0.000,    0.000,    0.000,    0.000,
    0.000,    0.000,    0.000,    0.000,
    0.000,    0.000,    0.000,    0.000,
    0.000,    0.000,    0.000,    0.000,
    0.000,    0.000,    0.000,    0.150,
    0.000,    0.050,    0.000,    0.170,
    0.010,    0.090,    0.000,    0.330,
    0.000,    0.200,    0.000,    0.400,
    0.030,    0.330,    0.000,    0.380,
    0.000,    0.320,    0.000,    0.300,
    0.000,    0.270,    0.000,    0.000,
    0.000,    0.030,    0.000,    0.000,
    0.010,    0.000,    0.000,    0.000,
    0.000,    0.000,    0.000,    0.000,
    0.000,    0.000,    0.000,    0.000,
    0.000,    0.000,    0.000,    0.000,
    0.000,    0.000,    0.000,    0.170,
   -0.010,    0.070,    0.000,    0.440,
    0.000,    0.230,    0.000,    0.640,
    0.000,    0.600,    0.000,    0.710,
   -0.070,    0.620,    0.000,    0.720,
    0.050,    0.570,    0.000,    0.710,
    0.020,    0.650,    0.000,    0.710,
    0.090,    0.650,    0.000,    0.710,
    0.030,    0.670,    0.000,    0.710,
    0.020,    0.670,    0.000,    0.710,
    0.010,    0.680,    0.000,    0.710,
    0.000,    0.680,    0.000,    0.710,
    0.000,    0.690,    0.000,    0.710,
    0.020,    0.670,    0.000,    0.710,
    0.000,    0.690,    0.000,    0.710,
    0.000,    0.680,    0.000,    0.710,
    0.000,    0.680,    0.000,    0.710,
   -0.020,    0.680,    0.000,    0.720,
    0.000,    0.670,    0.000,    0.720,
    0.010,    0.690,    0.000,    0.740,
    0.020,    0.730,    0.000,    0.780,
    0.010,    0.760,    0.000,    0.940,
    0.000,    0.910,    0.000,    1.020,
    0.000,    1.010,    0.000,    1.040,
    0.030,    0.970,    0.000,    1.040,
    0.060,    1.010,    0.000,    1.040,
    0.050,    1.030,    0.000,    1.040,
    0.050,    1.020,    0.000,    1.040,
    0.030,    1.030,    0.000,    1.040,
    0.030,    1.030,    0.000,    1.040,
    0.040,    1.040,    0.000,    1.040,
    0.000,    1.050,    0.000,    1.040,
    0.010,    1.040,    0.000,    1.050,
    0.000,    1.040,    0.000,    1.060,
    0.020,    1.070,    0.000,    1.060,
    0.020,    1.070,    0.000,    1.060,
    0.020,    1.090,    0.000,    1.060,
   -0.020,    1.070,    0.000,    1.060,
    0.000,    1.050,    0.000,    1.060,
    0.040,    1.080,    0.000,    1.060,
    0.020,    1.080,    0.000,    1.060,
    0.000,    1.070,    0.000,    1.060,
    0.000,    1.070,    0.000,    1.070,
    0.040,    1.090,    0.000,    1.070,
    0.020,    1.080,    0.000,    1.070,
    0.010,    1.070,    0.000,    1.070,
    0.000,    1.080,    0.000,    1.060,
    0.000,    1.070,    0.000,    1.060,
    0.010,    1.080,    0.000,    1.050,
    0.000,    1.060,    0.000,    1.040,
    0.020,    1.050,    0.000,    0.980,
    0.020,    1.000,    0.000,    0.930,
    0.010,    0.940,    0.000,    0.670,
   -0.010,    0.810,    0.000,    0.000,
   -0.050,   -0.060,    0.000,    0.000,
   -0.100,   -0.090,    0.000,    0.000,
    0.040,    0.170,    0.000,    0.000,
    0.000,    0.080,    0.000,    0.000,
    0.000,   -0.010,    0.000,    0.000,
    0.000,   -0.010,    0.000,    0.000,
    0.000,    0.000,    0.000,   -0.150,
   -0.010,   -0.050,    0.000,   -0.170,
   -0.010,   -0.060,    0.000,   -0.180,
   -0.020,   -0.080,    0.000,   -0.190,
   -0.020,   -0.110,    0.000,   -0.190,
    0.000,   -0.120,    0.000,   -0.200,
    0.000,   -0.120,    0.000,   -0.200,
    0.010,   -0.140,    0.000,   -0.210,
    0.040,   -0.130,    0.000,   -0.220,
    0.020,   -0.160,    0.000,   -0.220,
    0.040,   -0.160,    0.000,   -0.220,
    0.030,   -0.140,    0.000,   -0.220,
    0.010,   -0.170,    0.000,   -0.230,
    0.010,   -0.150,    0.000,   -0.250,
   -0.010,   -0.190,    0.000,   -0.270,
   -0.010,   -0.180,    0.000,   -0.410,
   -0.020,   -0.280,    0.000,   -0.450,
   -0.030,   -0.360,    0.000,   -0.470,
    0.010,   -0.370,    0.000,   -0.470,
    0.000,   -0.400,    0.000,   -0.470,
    0.020,   -0.400,    0.000,   -0.470,
    0.020,   -0.420,    0.000,   -0.470,
    0.010,   -0.430,    0.000,   -0.470,
    0.000,   -0.430,    0.000,   -0.470,
   -0.010,   -0.420,    0.000,   -0.500,
    0.000,   -0.450,    0.000,   -0.600,
   -0.020,   -0.540,    0.000,   -0.650,
    0.000,   -0.610,    0.000,   -0.700,
   -0.010,   -0.650,    0.000,   -0.850,
   -0.010,   -0.780,    0.000,   -1.020,
    0.000,   -0.980,    0.000,   -1.170,
    0.000,   -1.180,    0.000,   -1.210,
   -0.040,   -1.160,    0.000,   -1.210,
    0.000,   -1.180,    0.000,   -1.210,
    0.010,   -1.210,    0.000,   -1.210,
    0.010,   -1.230,    0.000,   -1.210,
    0.000,   -1.230,    0.000,   -1.210,
   -0.020,   -1.250,    0.000,   -1.210,
    0.040,   -1.220,    0.000,   -1.210,
    0.000,   -1.240,    0.000,   -1.210,
   -0.030,   -1.260,    0.000,   -1.210,
    0.000,   -1.240,    0.000,   -1.220,
    0.000,   -1.230,   -0.190,   -1.350,
   -0.130,   -1.320,   -0.220,   -1.380,
   -0.230,   -1.440,   -0.220,   -1.390,
   -0.150,   -1.400,   -0.210,   -1.380,
   -0.190,   -1.410,   -0.210,   -1.380,
   -0.210,   -1.420,   -0.210,   -1.380,
   -0.180,   -1.410,   -0.200,   -1.380,
   -0.190,   -1.430,   -0.200,   -1.390,
   -0.200,   -1.430,   -0.200,   -1.390,
   -0.210,   -1.440,   -0.200,   -1.400,
   -0.170,   -1.440,   -0.200,   -1.400,
   -0.200,   -1.460,   -0.200,   -1.410,
   -0.220,   -1.460,   -0.200,   -1.450,
   -0.210,   -1.480,   -0.220,   -1.580,
   -0.240,   -1.640,   -0.220,   -1.590,
   -0.260,   -1.640,   -0.220,   -1.590,
   -0.240,   -1.620,   -0.220,   -1.590,
   -0.240,   -1.650,   -0.220,   -1.590,
   -0.230,   -1.640,   -0.220,   -1.590,
   -0.260,   -1.620,   -0.210,   -1.590,
   -0.240,   -1.650,    0.000,   -1.580,
   -0.060,   -1.660,    0.000,   -1.560,
   -0.020,   -1.630,    0.000,   -1.530,
   -0.070,   -1.610,    0.000,   -1.470,
   -0.010,   -1.550,    0.000,   -1.410,
    0.010,   -1.490,    0.000,   -1.350,
    0.010,   -1.460,    0.000,   -1.150,
    0.030,   -1.330,    0.000,   -1.090,
    0.060,   -1.190,    0.000,   -1.070,
    0.010,   -1.170,    0.000,   -1.060,
    0.020,   -1.140,    0.000,   -0.990,
    0.030,   -1.070,    0.000,   -0.940,
    0.040,   -1.010,    0.000,   -0.820,
    0.050,   -0.880,    0.000,   -0.750,
    0.050,   -0.830,    0.000,   -0.600,
    0.020,   -0.710,    0.000,   -0.360,
    0.080,   -0.300,    0.000,   -0.300,
    0.000,   -0.390,    0.000,   -0.280,
    0.030,   -0.290,    0.000,   -0.280,
    0.010,   -0.270,    0.000,   -0.250,
   -0.010,   -0.220,    0.000,   -0.230,
   -0.020,   -0.170,    0.000,   -0.190,
   -0.070,   -0.120,    0.000,    0.000,
   -0.030,   -0.030,    0.000,    0.000,
    0.000,    0.000,    0.000,    0.000,
    0.000,    0.000,    0.000,    0.000,
    0.000,    0.000,    0.000,    0.000,
    0.000,    0.000,    0.000,    0.000,
    0.000,    0.000,    0.000,    0.000,
    0.000,    0.000,    0.000,    0.000,
    0.000,    0.000,    0.000,    0.000,
    0.000,    0.000,    0.000,    0.000,
    0.000,    0.000,    0.000,    0.000,
    0.000,   -0.020,    0.000,    0.000,
    0.020,    0.000,    0.000,    0.000,
    0.020,    0.000,    0.000,    0.000,
    0.000,    0.000,    0.000,    0.000,
   -0.010,   -0.020,    0.000,    0.000,
    0.000,   -0.020,    0.000,    0.000,
    0.000,   -0.020,    0.000,    0.000,
    0.000,    0.000,    0.000,    0.000,
   -0.010,    0.000,    0.000,    0.000,
   -0.010,    0.000,    0.000,    0.000,
    0.000,   -0.020,    0.000,    0.000,
    0.000,   -0.020,    0.000,    0.000,
    0.000,    0.000,    0.000,    0.000,
   -0.010,   -0.010,    0.000,    0.000,
   -0.010,   -0.010,    0.000,    0.000,
    0.000,   -0.030,    0.000,    0.000,
    0.000,   -0.010,    0.000,    0.000,
    0.000,    0.000,    0.000,    0.000,
   -0.010,    0.000,    0.000,    0.000,
    0.000,    0.000,    0.000,    0.000,
   -0.020,    0.000,    0.000,    0.000,
    0.000,   -0.010,    0.000,    0.000,
   -0.050,    0.010,    0.000,    0.000,
    0.010,   -0.020,    0.000,    0.000,
   -0.010,    0.010,    0.000,    0.000,
    0.000,    0.000,    0.000,    0.000,
    0.000,    0.000,    0.000,    0.000,
    0.000,    0.000,    0.000,    0.000,
    0.000,    0.000,    0.000,    0.000,
    0.000,    0.000,    0.000,    0.000,
    0.000,    0.000,    0.000,    0.000,
    0.000,    0.000,    0.000,    0.000,
    0.000,    0.000,    0.000,    0.000,
    0.000,    0.000,    0.000,    0.000,
    0.000,    0.000,    0.000,    0.000,
    0.000,    0.000,    0.000,    0.000,
    0.000,    0.000,    0.000,    0.000,
    0.000,    0.000,    0.000,    0.000,
    0.000,    0.000,    0.000,    0.000,
    0.000,    0.000,    0.000,    0.000,
    0.000,    0.000,    0.000,    0.000,
    0.000,    0.000,    0.000,   -0.150,
   -0.020,   -0.050,    0.000,   -0.150,
    0.000,   -0.060,    0.000,   -0.170,
    0.020,   -0.070,   -0.150,   -0.180,
   -0.050,   -0.090,   -0.280,   -0.200,
   -0.120,   -0.140,   -0.630,   -0.210,
   -0.370,   -0.210,   -0.840,   -0.220,
   -0.830,   -0.270,   -0.930,   -0.230,
   -0.790,   -0.330,   -0.940,   -0.230,
   -0.680,   -0.250,   -0.960,   -0.230,
   -0.870,   -0.330,   -1.050,   -0.230,
   -0.930,   -0.300,   -1.250,   -0.230,
   -1.000,   -0.200,   -1.530,   -0.230,
   -1.400,   -0.170,   -1.580,   -0.230,
   -1.520,   -0.280,   -1.580,   -0.230,
   -1.440,   -0.220,   -1.580,   -0.230,
   -1.450,   -0.180,   -1.580,   -0.230,
   -1.410,   -0.240,   -1.570,   -0.230,
   -1.390,   -0.230,   -1.570,   -0.230,
   -1.360,   -0.270,   -1.570,   -0.230,
   -1.430,   -0.150,   -1.570,   -0.230,
   -1.400,   -0.270,   -1.570,   -0.230,
   -1.460,   -0.310,   -1.570,   -0.230,
   -1.400,   -0.260,   -1.570,   -0.230,
   -1.380,   -0.190,   -1.570,   -0.230,
   -1.390,   -0.270,   -1.570,   -0.230,
   -1.420,   -0.280,   -1.570,   -0.230,
   -1.380,   -0.250,   -1.570,   -0.230,
   -1.410,   -0.230,   -1.570,   -0.230,
   -1.390,   -0.250,   -1.570,   -0.230,
   -1.410,   -0.300,   -1.570,   -0.230,
   -1.420,   -0.280,   -1.580,   -0.230,
   -1.430,   -0.230,   -1.600,   -0.230,
   -1.470,   -0.290,   -1.610,   -0.230,
   -1.450,   -0.230,   -1.630,   -0.230,
   -1.510,   -0.260,   -1.670,   -0.230,
   -1.530,   -0.280,   -1.670,   -0.230,
   -1.510,   -0.250,   -1.670,   -0.230,
   -1.520,   -0.270,   -1.670,   -0.230,
   -1.560,   -0.310,   -1.670,   -0.230,
   -1.590,   -0.250,   -1.670,   -0.230,
   -1.550,   -0.240,   -1.680,   -0.230,
   -1.570,   -0.260,   -1.690,   -0.230,
   -1.560,   -0.280,   -1.690,   -0.230,
   -1.600,   -0.270,   -1.690,   -0.230,
   -1.630,   -0.300,   -1.690,   -0.230,
   -1.630,   -0.280,   -1.690,   -0.230,
   -1.630,   -0.270,   -1.690,   -0.230,
   -1.610,   -0.250,   -1.690,   -0.230,
   -1.590,   -0.250,   -1.690,   -0.230,
   -1.570,   -0.190,   -1.680,   -0.230,
   -1.550,   -0.200,   -1.680,   -0.230,
   -1.600,   -0.270,   -1.690,   -0.230,
   -1.560,   -0.200,   -1.680,   -0.230,
   -1.560,   -0.250,   -1.680,   -0.230,
   -1.560,   -0.240,   -1.680,   -0.230,
   -1.560,   -0.290,   -1.680,   -0.230,
   -1.590,   -0.310,   -1.680,   -0.230,
   -1.570,   -0.240,   -1.680,   -0.230,
   -1.540,   -0.210,   -1.680,   -0.230,
   -1.580,   -0.260,   -1.680,   -0.230,
   -1.570,   -0.270,   -1.680,   -0.230,
   -1.550,   -0.240,   -1.680,   -0.230,
   -1.610,   -0.280,   -1.680,   -0.230,
   -1.510,   -0.250,   -1.680,   -0.230,
   -1.610,   -0.300,   -1.680,   -0.230,
   -1.620,   -0.300,   -1.680,   -0.230,
   -1.560,   -0.270,   -1.680,   -0.230,
   -1.590,   -0.210,   -1.680,   -0.230,
   -1.600,   -0.240,   -1.680,   -0.230,
   -1.560,   -0.300,   -1.670,   -0.230,
   -1.570,   -0.240,   -1.670,   -0.230,
   -1.540,   -0.270,   -1.670,   -0.230,
   -1.540,   -0.250,   -1.670,   -0.230,
   -1.570,   -0.260,   -1.670,   -0.230,
   -1.540,   -0.270,   -1.650,   -0.230,
   -1.520,   -0.250,   -1.550,   -0.230,
   -1.440,   -0.230,   -1.110,   -0.230,
   -1.230,   -0.230,   -0.410,   -0.230,
   -0.070,   -0.110,    0.000,   -0.200,
   -0.220,   -0.230,    0.000,   -0.180,
   -0.290,   -0.180,    0.000,   -0.150,
   -0.220,   -0.140,    0.000,    0.000,
   -0.100,   -0.060,    0.000,    0.000,
    0.000,   -0.010,    0.000,    0.000,
    0.010,    0.010,    0.000,    0.000,
    0.000,    0.010,    0.000,    0.000,
    0.000,    0.000,    0.000,    0.000,
    0.000,    0.000,    0.000,    0.000,
    0.000,    0.000,    0.000,    0.000,
    0.000,    0.000,    0.000,    0.000,
    0.000,    0.000,    0.000,    0.000,
    0.000,    0.000,    0.000,    0.000,
    0.000,    0.000,    0.000,    0.000,
    0.000,    0.000,    0.000,    0.000,
    0.000,    0.000,    0.000,    0.000,
    0.000,    0.000,    0.000,    0.000,
    0.000,    0.000,    0.000,    0.000,
    0.000,    0.000,    0.000,    0.000,
    0.000,    0.000,    0.000,    0.000,
    0.000,    0.000,    0.000,    0.220,
    0.000,    0.070,    0.000,    0.240,
    0.010,    0.120,    0.000,    0.270,
    0.030,    0.190,    0.000,    0.280,
    0.020,    0.230,    0.000,    0.290,
    0.020,    0.230,    0.000,    0.280,
    0.020,    0.200,    0.000,    0.290,
    0.010,    0.220,    0.000,    0.300,
    0.020,    0.240,    0.000,    0.430,
    0.000,    0.320,    0.000,    0.730,
    0.020,    0.570,    0.000,    0.790,
    0.020,    0.790,    0.000,    0.800,
    0.010,    0.680,    0.000,    0.800,
    0.030,    0.760,    0.000,    0.800,
    0.000,    0.770,    0.000,    0.810,
    0.010,    0.780,    0.000,    0.810,
    0.020,    0.790,    0.000,    0.810,
    0.000,    0.790,    0.000,    0.810,
    0.010,    0.780,    0.000,    0.820,
    0.000,    0.790,    0.000,    0.830,
    0.030,    0.820,    0.000,    0.850,
    0.020,    0.810,    0.000,    0.860,
    0.000,    0.830,    0.000,    0.870,
    0.000,    0.860,    0.000,    0.870,
    0.010,    0.850,    0.000,    0.880,
    0.010,    0.880,    0.000,    0.890,
    0.020,    0.890,    0.000,    0.890,
    0.020,    0.880,    0.000,    0.900,
    0.030,    0.880,    0.000,    0.930,
    0.020,    0.910,    0.000,    1.150,
    0.020,    1.110,    0.000,    1.150,
   -0.030,    1.170,    0.000,    1.150,
    0.060,    1.100,    0.000,    1.150,
    0.010,    1.140,    0.000,    1.150,
    0.010,    1.150,    0.000,    1.150,
    0.030,    1.160,    0.000,    1.150,
    0.000,    1.160,    0.000,    1.150,
    0.010,    1.160,    0.000,    1.140,
    0.020,    1.140,    0.000,    1.140,
    0.030,    1.180,    0.000,    1.140,
    0.000,    1.160,    0.000,    1.140,
    0.000,    1.160,    0.000,    1.140,
   -0.010,    1.160,    0.000,    1.140,
   -0.060,    1.170,    0.000,    1.140,
   -0.070,    1.170,    0.000,    1.140,
   -0.110,    1.160,    0.000,    1.150,
   -0.100,    1.150,    0.000,    1.150,
   -0.050,    1.200,    0.000,    1.150,
   -0.140,    1.150,    0.000,    1.150,
   -0.140,    1.140,    0.000,    1.150,
   -0.100,    1.160,    0.000,    1.150,
   -0.090,    1.170,    0.000,    1.150,
   -0.120,    1.150,    0.000,    1.150,
   -0.130,    1.150,    0.000,    1.150,
   -0.100,    1.170,    0.000,    1.150,
   -0.070,    1.190,    0.000,    1.170,
   -0.050,    1.220,    0.000,    1.180,
   -0.110,    1.180,    0.000,    1.190,
   -0.080,    1.220,    0.000,    1.190,
   -0.110,    1.200,    0.000,    1.190,
   -0.090,    1.220,    0.000,    1.190,
   -0.090,    1.200,    0.000,    1.190,
   -0.080,    1.190,    0.000,    1.200,
   -0.040,    1.220,    0.000,    1.210,
   -0.040,    1.240,    0.000,    1.210,
    0.000,    1.250,    0.000,    1.210,
   -0.020,    1.230,    0.000,    1.210,
   -0.030,    1.240,    0.000,    1.210,
   -0.020,    1.240,    0.000,    1.210,
   -0.020,    1.230,    0.000,    1.230,
   -0.010,    1.250,    0.000,    1.240,
    0.010,    1.280,    0.000,    1.280,
    0.000,    1.300,    0.000,    1.290,
    0.000,    1.310,    0.000,    1.290,
    0.010,    1.320,    0.000,    1.290,
    0.020,    1.310,    0.000,    1.280,
    0.000,    1.300,    0.000,    1.280,
    0.000,    1.310,    0.000,    1.270,
    0.020,    1.320,    0.000,    1.250,
    0.000,    1.290,    0.000,    1.210,
    0.000,    1.260,    0.000,    1.170,
   -0.030,    1.230,    0.000,    1.160,
    0.000,    1.210,    0.000,    1.150,
    0.010,    1.200,    0.000,    1.160,
    0.000,    1.200,    0.000,    1.160,
    0.000,    1.180,    0.000,    1.160,
    0.010,    1.190,    0.000,    1.150,
    0.010,    1.180,    0.000,    1.110,
    0.000,    1.140,    0.000,    0.930,
   -0.040,    1.020,    0.000,    0.630,
   -0.020,    0.850,    0.000,    0.500,
   -0.040,    0.530,    0.000,    0.340,
    0.020,    0.460,    0.000,    0.000,
   -0.150,    0.070,    0.000,    0.000,
   -0.030,    0.000,    0.000,    0.000,
    0.020,    0.010,    0.000,    0.000,
    0.000,    0.000,    0.000,    0.000,
    0.000,    0.000,    0.000,    0.000,
    0.000,    0.000,    0.000,    0.000,
    0.000,    0.000,    0.000,   -0.150,
    0.000,   -0.050,    0.000,   -0.200,
    0.000,   -0.100,    0.000,   -0.240,
   -0.030,   -0.140,    0.000,   -0.350,
    0.000,   -0.250,    0.000,   -0.430,
   -0.010,   -0.330,    0.000,   -0.550,
   -0.010,   -0.480,    0.000,   -1.130,
   -0.010,   -0.720,    0.000,   -1.260,
   -0.040,   -1.280,    0.000,   -1.690,
   -0.100,   -1.730,    0.000,   -1.870,
   -0.150,   -1.970,    0.000,   -1.870,
   -0.140,   -1.730,    0.000,   -1.870,
   -0.090,   -1.740,    0.000,   -1.870,
   -0.070,   -1.900,    0.000,   -1.870,
    0.080,   -1.860,    0.000,   -1.870,
    0.040,   -1.850,    0.000,   -1.870,
    0.040,   -1.920,    0.000,   -1.850,
    0.060,   -1.890,    0.000,   -1.820,
   -0.040,   -1.850,    0.000,   -1.820,
    0.000,   -1.890,    0.000,   -1.820,
    0.000,   -1.880,    0.000,   -1.820,
   -0.020,   -1.900,    0.000,   -1.820,
    0.000,   -1.910,    0.000,   -1.820,
   -0.010,   -1.890,    0.000,   -1.820,
   -0.010,   -1.930,    0.000,   -1.820,
    0.040,   -1.870,    0.000,   -1.810,
    0.010,   -1.910,    0.000,   -1.450,
    0.020,   -1.780,    0.000,   -1.070,
    0.080,   -1.450,    0.000,   -0.840,
    0.070,   -0.850,    0.000,   -0.470,
    0.020,   -0.530,    0.000,   -0.330,
    0.000,   -0.390,    0.000,   -0.240,
    0.030,   -0.460,    0.000,   -0.200,
    0.040,   -0.280,    0.000,   -0.170,
    0.030,   -0.230,    0.000,   -0.150,
   -0.010,   -0.180,    0.000,    0.000,
    0.000,   -0.020,    0.000,    0.000,
   -0.010,    0.000,    0.000,    0.000,
    0.000,    0.000,    0.000,    0.000,
    0.000,    0.000,    0.000,    0.000,
    0.000,    0.000,    0.000,    0.190,
    0.020,    0.080,    0.000,    0.690,
    0.100,    0.320,    0.000,    0.850,
    0.160,    0.870,    0.000,    0.880,
    0.130,    0.910,    0.000,    1.080,
    0.000,    0.890,    0.000,    1.140,
    0.160,    1.170,    0.000,    1.150,
    0.160,    1.190,    0.000,    1.230,
   -0.060,    1.140,    0.000,    1.280,
   -0.230,    1.230,    0.000,    1.320,
   -0.080,    1.370,    0.000,    1.320,
   -0.040,    1.330,    0.000,    1.410,
    0.030,    1.350,    0.000,    1.440,
    0.070,    1.470,    0.000,    1.450,
    0.000,    1.460,    0.000,    1.450,
   -0.040,    1.460,    0.000,    1.450,
    0.030,    1.490,    0.000,    1.450,
    0.050,    1.480,    0.000,    1.480,
    0.010,    1.510,    0.000,    1.690,
    0.020,    1.690,    0.000,    1.770,
    0.000,    1.880,    0.000,    1.780,
    0.020,    1.760,    0.000,    1.780,
    0.080,    1.810,    0.000,    1.780,
    0.050,    1.850,    0.000,    1.780,
    0.000,    1.820,    0.000,    1.780,
    0.040,    1.860,    0.000,    1.780,
    0.000,    1.860,    0.000,    1.790,
    0.010,    1.870,    0.000,    1.790,
    0.040,    1.860,    0.000,    1.790,
    0.000,    1.860,    0.000,    1.800,
    0.030,    1.890,    0.000,    1.810,
    0.020,    1.880,    0.000,    1.810,
   -0.010,    1.900,    0.000,    1.820,
    0.070,    1.920,    0.000,    1.820,
    0.000,    1.880,    0.000,    1.810,
    0.020,    1.890,    0.000,    1.810,
    0.030,    1.890,    0.000,    1.810,
    0.010,    1.880,    0.000,    1.800,
    0.050,    1.900,    0.000,    1.770,
    0.020,    1.860,    0.000,    1.640,
    0.000,    1.770,    0.000,    1.350,
    0.000,    1.600,    0.000,    0.280,
   -0.050,   -0.190,    0.000,    0.000,
   -0.010,   -0.080,    0.000,    0.000,
    0.050,    0.440,    0.000,    0.000,
   -0.120,    0.070,    0.000,    0.000,
    0.150,    0.120,    0.000,    0.000,
    0.000,    0.080,    0.000,    0.000,
   -0.010,   -0.010,    0.000,    0.000,
    0.000,   -0.010,    0.000,    0.000,
    0.000,    0.000,    0.000,    0.000,
    0.000,    0.000,    0.000,    0.000,
    0.000,    0.000,    0.000,    0.000,
    0.000,    0.000,    0.000,    0.000,
    0.000,    0.000,    0.000,    0.000,
    0.000,    0.000,    0.000,   -0.180,
    0.020,   -0.070,    0.000,   -0.200,
   -0.020,   -0.100,    0.000,   -0.280,
    0.000,   -0.180,    0.000,   -0.340,
    0.000,   -0.250,    0.000,   -0.430,
    0.020,   -0.360,    0.000,   -0.620,
    0.000,   -0.510,    0.000,   -0.700,
   -0.030,   -0.640,    0.000,   -0.960,
   -0.020,   -0.850,    0.000,   -1.170,
    0.090,   -1.190,    0.000,   -1.260,
    0.160,   -1.260,    0.000,   -1.330,
    0.080,   -1.300,    0.000,   -1.420,
   -0.070,   -1.420,    0.000,   -1.480,
   -0.140,   -1.470,    0.000,   -1.680,
   -0.080,   -1.630,    0.000,   -1.690,
    0.000,   -1.710,    0.000,   -1.720,
   -0.030,   -1.690,    0.000,   -1.830,
   -0.090,   -1.830,    0.000,   -1.920,
   -0.070,   -1.970,    0.000,   -1.930,
   -0.070,   -1.950,    0.000,   -1.940,
    0.000,   -1.960,    0.000,   -1.940,
    0.000,   -2.010,    0.000,   -1.940,
    0.050,   -2.010,    0.000,   -1.940,
   -0.050,   -2.020,    0.000,   -1.940,
    0.000,   -2.030,    0.000,   -1.940,
    0.000,   -2.020,    0.000,   -1.940,
   -0.020,   -2.030,    0.000,   -1.940,
    0.030,   -2.030,    0.000,   -1.940,
   -0.010,   -2.040,    0.000,   -1.940,
    0.000,   -2.030,    0.000,   -1.940,
   -0.020,   -2.030,    0.000,   -1.940,
   -0.010,   -2.050,    0.000,   -1.920,
    0.020,   -2.010,    0.000,   -1.790,
    0.020,   -1.930,    0.000,   -1.480,
    0.050,   -1.770,    0.000,   -1.100,
    0.110,   -1.390,    0.000,   -1.020,
    0.020,   -1.100,    0.000,   -0.940,
    0.040,   -1.180,    0.000,   -0.940,
    0.040,   -1.110,    0.000,   -0.900,
    0.060,   -0.990,    0.000,   -0.710,
    0.030,   -0.820,    0.000,   -0.290,
    0.010,   -0.190,    0.000,   -0.210,
    0.080,   -0.340,    0.000,   -0.180,
    0.070,   -0.300,    0.000,   -0.150,
    0.100,   -0.180,    0.000,    0.000,
    0.050,   -0.050,    0.000,    0.000,
    0.020,    0.010,    0.000,    0.000,
   -0.020,    0.010,    0.000,    0.000,
    0.000,   -0.010,    0.000,    0.000,
    0.000,   -0.010,    0.000,    0.000,
    0.010,    0.000,    0.000,    0.000,
   -0.010,    0.000,    0.000,    0.000,
    0.000,    0.000,    0.000,    0.000,
    0.000,   -0.010,    0.000,    0.000,
    0.010,    0.000,    0.000,    0.000,
   -0.010,   -0.010,    0.000,    0.000,
    0.000,   -0.010,    0.000,    0.000,
    0.000,    0.000,    0.000,    0.000,
   -0.010,   -0.010,    0.000,    0.000,
    0.000,    0.000,    0.000,    0.000,
   -0.010,   -0.020,    0.000,    0.000,
    0.000,   -0.010,    0.000,    0.000,
   -0.010,   -0.010,    0.000,    0.310,
   -0.030,    0.120,    0.150,    0.680,
   -0.130,    0.490,    0.170,    0.870,
    0.130,    0.920,    0.200,    1.000,
    0.190,    0.980,    0.200,    1.080,
    0.160,    0.930,    0.200,    1.100,
    0.400,    1.030,    0.200,    1.120,
    0.340,    1.130,    0.200,    1.130,
    0.330,    1.150,    0.210,    1.380,
    0.300,    1.280,    0.210,    1.530,
    0.240,    1.510,    0.200,    1.680,
    0.100,    1.700,    0.200,    1.880,
    0.160,    1.850,    0.200,    1.910,
    0.370,    1.930,    0.200,    1.910,
    0.340,    1.970,    0.200,    1.920,
    0.040,    1.860,    0.200,    1.910,
    0.050,    1.960,    0.200,    1.910,
    0.190,    1.980,    0.200,    1.910,
    0.360,    2.000,    0.200,    1.910,
    0.240,    1.960,    0.200,    1.910,
    0.230,    1.990,    0.200,    1.910,
    0.230,    1.980,    0.200,    1.910,
    0.230,    1.980,    0.200,    1.910,
    0.300,    1.990,    0.200,    1.910,
    0.270,    2.000,    0.200,    1.940,
    0.290,    2.050,    0.190,    1.940,
    0.210,    2.010,    0.190,    1.940,
    0.190,    2.020,    0.190,    1.940,
    0.200,    2.020,    0.190,    1.940,
    0.220,    2.040,    0.190,    1.950,
    0.220,    2.040,    0.200,    1.980,
    0.220,    2.090,    0.200,    1.990,
    0.260,    2.090,    0.200,    1.990,
    0.260,    2.080,    0.200,    2.000,
    0.210,    2.090,    0.200,    2.010,
    0.220,    2.110,    0.200,    2.020,
    0.240,    2.140,    0.200,    2.010,
    0.240,    2.110,    0.200,    2.010,
    0.260,    2.100,    0.200,    2.010,
    0.200,    2.130,    0.200,    2.010,
    0.240,    2.130,    0.200,    2.010,
    0.210,    2.100,    0.200,    2.010,
    0.170,    2.150,    0.200,    2.010,
    0.230,    2.100,    0.200,    1.970,
    0.260,    2.080,    0.200,    1.920,
    0.240,    2.050,    0.200,    1.860,
    0.210,    1.990,    0.200,    1.570,
    0.240,    1.840,    0.170,    1.390,
    0.200,    1.570,    0.000,    0.890,
   -0.450,    0.870,    0.000,    0.500,
    0.110,    0.550,    0.000,    0.200,
   -0.030,    0.240,    0.000,    0.000,
   -0.110,    0.090,    0.000,    0.000,
    0.010,    0.140,    0.000,    0.000,
    0.140,    0.120,    0.000,    0.000,
    0.070,    0.050,    0.000,    0.000,
    0.000,    0.000,    0.000,    0.000,
    0.000,    0.000,    0.000,    0.000,
    0.000,    0.000,    0.000,    0.000,
    0.000,    0.000,    0.000,   -0.170,
    0.000,   -0.050,    0.000,   -0.200,
   -0.010,   -0.090,    0.000,   -0.230,
   -0.030,   -0.120,    0.000,   -0.330,
    0.000,   -0.220,    0.000,   -0.750,
   -0.010,   -0.450,    0.000,   -1.140,
   -0.090,   -1.100,    0.000,   -1.180,
   -0.160,   -1.330,    0.000,   -1.550,
   -0.030,   -1.310,    0.000,   -1.620,
    0.000,   -1.640,    0.000,   -1.620,
    0.110,   -1.600,    0.000,   -1.670,
    0.060,   -1.550,    0.000,   -1.700,
    0.040,   -1.700,    0.000,   -1.770,
    0.040,   -1.780,    0.000,   -1.900,
    0.000,   -1.930,   -0.150,   -2.060,
   -0.190,   -2.080,   -0.150,   -2.140,
   -0.150,   -2.140,   -0.160,   -2.170,
   -0.180,   -2.150,   -0.160,   -2.170,
   -0.280,   -2.230,   -0.180,   -2.200,
   -0.180,   -2.260,   -0.180,   -2.190,
   -0.130,   -2.250,   -0.180,   -2.190,
   -0.120,   -2.280,   -0.180,   -2.190,
   -0.090,   -2.270,   -0.180,   -2.210,
   -0.160,   -2.320,   -0.180,   -2.200,
   -0.220,   -2.290,   -0.180,   -2.190,
   -0.210,   -2.340,   -0.180,   -2.200,
   -0.220,   -2.330,   -0.180,   -2.200,
   -0.210,   -2.320,   -0.180,   -2.200,
   -0.130,   -2.290,   -0.180,   -2.200,
   -0.160,   -2.320,   -0.180,   -2.200,
   -0.160,   -2.300,   -0.180,   -2.200,
   -0.170,   -2.340,   -0.180,   -2.200,
   -0.170,   -2.300,   -0.180,   -2.200,
   -0.240,   -2.350,   -0.180,   -2.200,
   -0.140,   -2.300,   -0.180,   -2.200,
   -0.150,   -2.330,   -0.180,   -2.200,
   -0.140,   -2.330,   -0.180,   -2.190,
   -0.180,   -2.330,   -0.160,   -2.200,
   -0.150,   -2.330,   -0.160,   -2.190,
   -0.210,   -2.320,   -0.160,   -2.190,
   -0.160,   -2.320,    0.000,   -2.130,
   -0.020,   -2.290,    0.000,   -1.760,
    0.020,   -2.110,    0.000,   -1.050,
   -0.630,   -0.330,    0.000,   -0.350,
    0.000,   -0.310,    0.000,   -0.310,
    0.470,   -0.770,    0.000,   -0.260,
   -0.330,   -0.330,    0.000,   -0.220,
    0.100,   -0.340,    0.000,   -0.190,
    0.060,   -0.300,    0.000,   -0.180,
   -0.100,   -0.370,    0.000,   -0.170,
   -0.090,   -0.260,    0.000,   -0.150,
   -0.060,   -0.160,    0.000,    0.000,
   -0.040,   -0.030,    0.000,    0.000,
   -0.010,    0.010,    0.000,    0.000,
    0.000,    0.000,    0.000,    0.000,
    0.000,    0.000,    0.000,    0.000,
    0.000,    0.000,    0.000,    0.000,
    0.000,    0.000,    0.000,    0.000,
    0.000,    0.000,    0.000,    0.000,
    0.000,    0.000,    0.000,    0.360,
    0.000,    0.080,    0.180,    0.570,
    0.080,    0.450,    0.200,    0.740,
    0.240,    0.790,    0.200,    0.870,
    0.160,    0.760,    0.200,    0.910,
    0.210,    0.770,    0.200,    1.120,
    0.250,    1.050,    0.200,    1.200,
    0.250,    1.250,    0.190,    1.210,
    0.230,    1.100,    0.190,    1.290,
    0.270,    1.250,    0.170,    1.360,
    0.180,    1.390,    0.170,    1.380,
    0.170,    1.340,    0.160,    1.410,
    0.270,    1.430,    0.170,    1.460,
    0.260,    1.490,    0.160,    1.660,
    0.120,    1.640,    0.170,    1.840,
    0.160,    1.900,    0.170,    1.940,
    0.220,    2.000,    0.160,    1.980,
    0.210,    1.950,    0.170,    1.980,
    0.240,    2.020,    0.160,    1.980,
    0.150,    2.000,    0.160,    1.980,
    0.180,    2.020,    0.160,    1.980,
    0.170,    2.050,    0.160,    1.980,
    0.200,    2.050,    0.160,    1.980,
    0.200,    2.070,    0.160,    1.990,
    0.220,    2.060,    0.160,    1.990,
    0.170,    2.080,    0.160,    2.020,
    0.170,    2.120,    0.160,    2.040,
    0.200,    2.130,    0.160,    2.150,
    0.210,    2.250,    0.160,    2.210,
    0.250,    2.320,    0.160,    2.210,
    0.170,    2.280,    0.160,    2.230,
    0.240,    2.350,    0.160,    2.230,
    0.160,    2.320,    0.160,    2.230,
    0.230,    2.350,    0.160,    2.230,
    0.190,    2.320,    0.160,    2.230,
    0.190,    2.360,    0.160,    2.230,
    0.210,    2.340,    0.160,    2.230,
    0.210,    2.360,    0.160,    2.220,
    0.150,    2.340,    0.160,    2.210,
    0.210,    2.340,    0.160,    2.140,
    0.160,    2.270,    0.150,    2.080,
    0.160,    2.240,    0.000,    2.010,
    0.060,    2.160,    0.000,    1.910,
    0.020,    2.070,    0.000,    1.860,
    0.040,    2.060,    0.000,    1.860,
    0.050,    2.010,    0.000,    1.840,
    0.040,    1.980,    0.000,    1.820,
    0.020,    1.960,    0.000,    1.820,
    0.070,    1.950,    0.000,    1.710,
    0.000,    1.860,    0.000,    1.580,
    0.030,    1.750,    0.000,    1.490,
    0.070,    1.640,    0.000,    1.300,
   -0.010,    1.490,    0.000,    1.190,
   -0.020,    1.360,    0.000,    1.170,
    0.040,    1.320,    0.000,    1.010,
    0.020,    1.180,    0.000,    0.610,
   -0.080,    0.450,    0.000,    0.390,
   -0.010,    0.450,    0.000,    0.000,
   -0.090,    0.150,    0.000,    0.000,
   -0.060,    0.000,    0.000,    0.000,
   -0.020,    0.090,    0.000,    0.000,
    0.070,    0.010,    0.000,    0.000,
    0.010,    0.020,    0.000,    0.000,
    0.000,    0.000,    0.000,    0.000,
    0.000,    0.000,    0.000,    0.000,
    0.000,    0.000,    0.000,    0.000,
    0.000,    0.000,    0.000,    0.000,
    0.000,    0.000,    0.000,    0.000,
    0.000,    0.000,    0.000,    0.000,
    0.000,    0.000,    0.000,    0.000,
    0.000,    0.000,   -0.240,    0.000,
   -0.060,    0.000,   -0.800,    0.000,
   -0.260,   -0.030,   -0.890,    0.000,
   -0.900,   -0.130,   -0.940,    0.000,
   -0.780,   -0.150,   -1.070,    0.000,
   -0.700,    0.020,   -1.070,    0.000,
   -0.980,    0.040,   -1.080,    0.000,
   -1.030,   -0.010,   -1.090,    0.000,
   -0.890,   -0.070,   -1.150,    0.000,
   -0.910,   -0.040,   -1.260,    0.000,
   -1.040,   -0.010,   -1.410,    0.000,
   -1.300,   -0.030,   -1.460,    0.000,
   -1.280,   -0.040,   -1.670,    0.000,
   -1.370,   -0.020,   -1.800,    0.000,
   -1.690,   -0.040,   -1.820,    0.000,
   -1.610,   -0.020,   -1.850,    0.000,
   -1.660,    0.070,   -1.910,    0.000,
   -1.920,   -0.020,   -1.970,    0.000,
   -1.970,    0.010,   -2.020,    0.000,
   -2.040,    0.080,   -2.070,    0.000,
   -2.160,    0.050,   -2.090,    0.000,
   -2.090,    0.040,   -2.380,    0.000,
   -2.190,    0.000,   -2.480,    0.000,
   -2.560,    0.000,   -2.520,    0.000,
   -2.380,    0.000,   -2.520,    0.000,
   -2.320,    0.010,   -2.510,    0.000,
   -2.480,    0.000,   -2.510,    0.000,
   -2.430,    0.000,   -2.500,    0.000,
   -2.410,    0.070,   -2.480,    0.000,
   -2.480,    0.040,   -2.230,    0.000,
   -2.080,   -0.050,   -1.660,    0.000,
   -1.520,   -0.030,    0.000,    0.000,
    0.710,    0.080,    0.000,    0.000,
   -0.170,    0.100,    0.000,    0.000,
   -0.150,    0.040,    0.000,    0.000,
    0.110,   -0.070,    0.000,    0.000,
   -0.060,    0.060,    0.000,    0.000,
    0.020,   -0.010,    0.000,    0.000,
    0.000,    0.000,    0.000,    0.000,
    0.000,    0.000,    0.000,    0.000,
    0.000,    0.000,    0.000,    0.000,
    0.000,    0.000,    0.000,    0.000,
    0.000,    0.000,    0.000,    0.000,
    0.000,    0.000,    0.000,   -0.150,
    0.000,   -0.050,   -0.150,   -0.150,
   -0.070,   -0.070,   -0.210,   -0.150,
   -0.100,   -0.100,   -0.450,   -0.160,
   -0.230,   -0.170,   -0.900,   -0.170,
   -0.590,   -0.160,   -1.160,   -0.170,
   -1.230,   -0.170,   -1.510,   -0.180,
   -1.500,   -0.200,   -1.540,   -0.180,
   -1.490,   -0.130,   -1.560,   -0.180,
   -1.350,   -0.190,   -1.550,   -0.180,
   -1.290,   -0.240,   -1.550,   -0.180,
   -1.320,   -0.230,   -1.560,   -0.180,
   -1.340,   -0.240,   -1.560,   -0.180,
   -1.310,   -0.240,   -1.550,   -0.180,
   -1.260,   -0.190,   -1.550,   -0.180,
   -1.380,   -0.180,   -1.550,   -0.180,
   -1.380,   -0.200,   -1.550,   -0.180,
   -1.400,   -0.210,   -1.560,   -0.180,
   -1.400,   -0.170,   -1.560,   -0.180,
   -1.410,   -0.170,   -1.790,   -0.180,
   -1.620,   -0.230,   -1.900,   -0.180,
   -1.870,   -0.240,   -2.020,   -0.190,
   -1.880,   -0.260,   -2.020,   -0.190,
   -1.950,   -0.170,   -2.030,   -0.190,
   -1.900,   -0.290,   -2.030,   -0.190,
   -1.890,   -0.160,   -2.030,   -0.190,
   -1.900,   -0.230,   -2.030,   -0.190,
   -1.870,   -0.210,   -2.030,   -0.190,
   -1.840,   -0.210,   -2.020,   -0.190,
   -1.870,   -0.210,   -2.020,   -0.190,
   -1.870,   -0.260,   -2.020,   -0.190,
   -1.890,   -0.220,   -2.020,   -0.190,
   -1.860,   -0.250,   -2.020,   -0.190,
   -1.880,   -0.190,   -2.020,   -0.190,
   -1.920,   -0.230,   -2.020,   -0.190,
   -1.900,   -0.230,   -2.020,   -0.190,
   -1.870,   -0.170,   -2.020,   -0.190,
   -1.920,   -0.210,   -2.020,   -0.190,
   -1.920,   -0.280,   -2.020,   -0.190,
   -1.880,   -0.190,   -2.020,   -0.190,
   -1.880,   -0.230,   -2.020,   -0.190,
   -1.950,   -0.300,   -2.020,   -0.190,
   -1.920,   -0.200,   -2.020,   -0.190,
   -1.830,   -0.170,   -2.020,   -0.190,
   -1.960,   -0.200,   -2.020,   -0.190,
   -1.950,   -0.230,   -2.020,   -0.190,
   -1.930,   -0.220,   -2.020,   -0.190,
   -1.940,   -0.190,   -2.020,   -0.190,
   -1.950,   -0.220,   -2.020,   -0.190,
   -1.930,   -0.230,   -2.020,   -0.190,
   -2.000,   -0.190,   -2.040,   -0.200,
   -1.950,   -0.260,   -2.060,   -0.200,
   -1.990,   -0.270,   -2.060,   -0.200,
   -1.940,   -0.190,   -2.070,   -0.200,
   -1.920,   -0.160,   -2.070,   -0.200,
   -2.080,   -0.200,   -2.070,   -0.200,
   -2.040,   -0.280,   -2.080,   -0.200,
   -1.960,   -0.220,   -2.080,   -0.200,
   -2.010,   -0.180,   -2.070,   -0.200,
   -1.990,   -0.220,   -2.070,   -0.200,
   -1.970,   -0.270,   -2.070,   -0.200,
   -1.980,   -0.230,   -2.070,   -0.200,
   -2.010,   -0.170,   -2.070,   -0.200,
   -2.090,   -0.200,   -2.070,   -0.200,
   -2.020,   -0.240,   -2.070,   -0.200,
   -1.930,   -0.280,   -2.060,   -0.200,
   -1.970,   -0.270,   -2.060,   -0.200,
   -1.990,   -0.240,   -2.040,   -0.200,
   -1.950,   -0.240,   -2.020,   -0.200,
   -1.920,   -0.240,   -1.870,   -0.200,
   -1.820,   -0.240,   -1.530,   -0.200,
   -1.600,   -0.260,   -1.320,   -0.200,
   -1.300,   -0.310,   -1.250,   -0.200,
   -1.240,   -0.240,   -1.230,   -0.200,
   -1.260,   -0.240,   -1.230,   -0.200,
   -1.240,   -0.250,   -1.230,   -0.200,
   -1.200,   -0.210,   -1.240,   -0.200,
   -1.220,   -0.220,   -1.230,   -0.200,
   -1.190,   -0.210,   -1.000,   -0.200,
   -0.960,   -0.170,   -0.630,   -0.200,
   -0.700,   -0.220,    0.000,   -0.180,
   -0.100,   -0.070,    0.000,   -0.170,
   -0.100,   -0.170,    0.000,   -0.170,
   -0.200,   -0.180,    0.000,   -0.150,
   -0.090,   -0.160,    0.000,   -0.150,
   -0.040,   -0.110,    0.160,    0.000,
    0.050,   -0.020,    0.190,    0.000,
    0.040,    0.020,    0.240,    0.000,
    0.040,    0.010,    0.280,    0.000,
    0.060,    0.010,    0.610,    0.000,
    0.270,    0.020,    0.900,    0.000,
    0.900,    0.050,    1.090,    0.000,
    1.090,    0.060,    1.260,    0.000,
    1.040,    0.040,    1.340,    0.000,
    1.220,    0.080,    1.370,    0.000,
    1.270,    0.090,    1.370,    0.000,
    1.230,    0.060,    1.360,    0.000,
    1.220,    0.040,    1.360,    0.000,
    1.150,   -0.020,    1.360,    0.000,
    1.020,   -0.110,    1.360,    0.000,
    1.190,   -0.080,    1.360,    0.000,
    1.220,   -0.010,    1.360,    0.000,
    1.100,   -0.020,    1.360,    0.000,
    1.090,    0.000,    1.370,    0.000,
    1.190,    0.040,    1.390,    0.000,
    1.230,    0.000,    1.410,    0.000,
    1.210,    0.020,    1.410,    0.000,
    1.220,    0.030,    1.530,    0.000,
    1.470,    0.100,    1.620,    0.000,
    1.510,   -0.020,    1.640,    0.000,
    1.400,   -0.100,    1.630,    0.000,
    1.370,   -0.030,    1.630,    0.000,
    1.460,   -0.040,    1.630,    0.000,
    1.520,    0.030,    1.630,    0.000,
    1.490,    0.180,    1.630,    0.000,
    1.500,   -0.010,    1.650,    0.000,
    1.550,    0.010,    1.660,    0.000,
    1.410,   -0.010,    1.660,    0.000,
    1.500,    0.000,    1.670,    0.000,
    1.600,    0.050,    1.670,    0.000,
    1.530,    0.010,    1.680,    0.000,
    1.530,    0.010,    1.690,    0.000,
    1.550,    0.010,    1.720,    0.000,
    1.560,    0.000,    1.770,    0.170,
    1.620,    0.160,    1.790,    0.200,
    1.730,    0.300,    1.810,    0.240,
    1.640,    0.190,    1.840,    0.260,
    1.700,    0.270,    1.870,    0.300,
    1.800,    0.340,    1.880,    0.300,
    1.780,    0.300,    1.880,    0.300,
    1.710,    0.260,    1.880,    0.300,
    1.690,    0.280,    1.880,    0.310,
    1.760,    0.360,    1.890,    0.310,
    1.830,    0.410,    1.890,    0.330,
    1.820,    0.370,    1.910,    0.370,
    1.760,    0.380,    1.910,    0.390,
    1.830,    0.460,    1.910,    0.400,
    1.800,    0.400,    1.910,    0.400,
    1.810,    0.430,    1.910,    0.390,
    1.810,    0.410,    1.910,    0.400,
    1.770,    0.380,    1.910,    0.400,
    1.800,    0.430,    1.910,    0.400,
    1.840,    0.470,    1.910,    0.410,
    1.880,    0.500,    1.930,    0.430,
    1.790,    0.430,    1.940,    0.450,
    1.840,    0.490,    1.950,    0.470,
    1.890,    0.520,    1.970,    0.520,
    1.870,    0.550,    1.980,    0.520,
    1.860,    0.510,    1.980,    0.520,
    1.890,    0.530,    1.980,    0.520,
    1.890,    0.540,    1.980,    0.520,
    1.920,    0.590,    1.980,    0.540,
    1.930,    0.570,    1.990,    0.550,
    1.890,    0.580,    2.000,    0.580,
    1.940,    0.660,    2.010,    0.580,
    2.000,    0.660,    2.020,    0.580,
    1.940,    0.590,    2.020,    0.590,
    1.920,    0.610,    2.030,    0.600,
    1.990,    0.700,    2.050,    0.610,
    1.980,    0.660,    2.050,    0.610,
    2.000,    0.670,    2.050,    0.610,
    1.960,    0.660,    2.050,    0.600,
    1.960,    0.630,    2.050,    0.600,
    1.980,    0.640,    2.050,    0.600,
    1.990,    0.640,    2.050,    0.600,
    1.950,    0.650,    2.050,    0.600,
    2.000,    0.660,    2.050,    0.600,
    1.960,    0.630,    2.050,    0.600,
    2.000,    0.680,    2.050,    0.600,
    2.000,    0.660,    2.050,    0.600,
    1.990,    0.640,    2.050,    0.600,
    1.990,    0.650,    2.050,    0.600,
    1.970,    0.640,    2.050,    0.600,
    1.990,    0.660,    2.050,    0.600,
    1.990,    0.680,    2.050,    0.600,
    1.990,    0.660,    2.050,    0.600,
    1.970,    0.610,    2.050,    0.590,
    2.020,    0.670,    2.050,    0.590,
    2.000,    0.660,    2.050,    0.590,
    1.940,    0.590,    2.050,    0.600,
    1.980,    0.690,    2.030,    0.600,
    1.960,    0.660,    1.990,    0.600,
    1.880,    0.620,    1.560,    0.570,
    1.680,    0.660,    1.140,    0.270,
    1.410,    0.510,    0.900,    0.000,
    0.490,   -0.240,    0.640,    0.000,
    0.790,    0.020,    0.230,    0.000,
    0.500,    0.130,    0.170,    0.000,
    0.180,   -0.020,    0.160,    0.000,
    0.360,    0.150,    0.000,    0.000,
    0.110,    0.060,    0.000,    0.000,
    0.000,    0.000,    0.000,    0.000,
    0.050,    0.040,    0.000,    0.000,
   -0.020,    0.000,    0.000,    0.000,
    0.000,    0.000,    0.000,   -0.150,
   -0.030,   -0.060,    0.000,   -0.160,
    0.010,   -0.060,    0.000,   -0.180,
    0.000,   -0.080,    0.000,   -0.180,
    0.000,   -0.090,   -0.420,   -0.180,
   -0.170,   -0.140,   -0.890,   -0.190,
   -0.690,   -0.200,   -1.050,   -0.200,
   -1.080,   -0.350,   -1.060,   -0.200,
   -0.770,   -0.110,   -1.070,   -0.200,
   -0.670,   -0.160,   -1.070,   -0.200,
   -0.960,   -0.300,   -1.100,   -0.210,
   -0.960,   -0.260,   -1.130,   -0.220,
   -0.880,   -0.170,   -1.170,   -0.220,
   -0.980,   -0.280,   -1.210,   -0.220,
   -1.090,   -0.270,   -1.250,   -0.220,
   -1.030,   -0.190,   -1.420,   -0.230,
   -1.250,   -0.270,   -1.450,   -0.230,
   -1.400,   -0.310,   -1.460,   -0.230,
   -1.210,   -0.240,   -1.460,   -0.230,
   -1.260,   -0.280,   -1.460,   -0.230,
   -1.250,   -0.250,   -1.460,   -0.230,
   -1.280,   -0.240,   -1.460,   -0.230,
   -1.320,   -0.220,   -1.460,   -0.230,
   -1.320,   -0.220,   -1.460,   -0.230,
   -1.240,   -0.270,   -1.460,   -0.230,
   -1.260,   -0.230,   -1.460,   -0.230,
   -1.250,   -0.260,   -1.510,   -0.230,
   -1.360,   -0.280,   -1.600,   -0.230,
   -1.480,   -0.300,   -1.670,   -0.240,
   -1.510,   -0.220,   -1.700,   -0.240,
   -1.530,   -0.240,   -1.710,   -0.240,
   -1.680,   -0.230,   -1.710,   -0.240,
   -1.510,   -0.310,   -1.720,   -0.240,
   -1.560,   -0.280,   -1.720,   -0.240,
   -1.550,   -0.280,   -1.750,   -0.240,
   -1.590,   -0.290,   -1.760,   -0.250,
   -1.640,   -0.280,   -1.770,   -0.250,
   -1.630,   -0.310,   -1.800,   -0.250,
   -1.670,   -0.300,   -1.810,   -0.250,
   -1.710,   -0.280,   -1.820,   -0.250,
   -1.700,   -0.270,   -1.820,   -0.250,
   -1.750,   -0.240,   -1.830,   -0.250,
   -1.700,   -0.300,   -1.840,   -0.250,
   -1.710,   -0.330,   -1.850,   -0.250,
   -1.740,   -0.310,   -1.880,   -0.260,
   -1.760,   -0.300,   -1.910,   -0.270,
   -1.780,   -0.310,   -1.960,   -0.270,
   -1.880,   -0.380,   -2.020,   -0.270,
   -1.930,   -0.300,   -2.080,   -0.280,
   -1.960,   -0.310,   -2.080,   -0.280,
   -2.000,   -0.390,   -2.070,   -0.280,
   -1.970,   -0.330,   -2.080,   -0.280,
   -1.910,   -0.270,   -2.070,   -0.280,
   -1.970,   -0.250,   -2.070,   -0.280,
   -1.960,   -0.330,   -2.080,   -0.270,
   -2.060,   -0.310,   -2.070,   -0.280,
   -1.950,   -0.360,   -2.070,   -0.280,
   -2.000,   -0.330,   -2.070,   -0.280,
   -2.000,   -0.330,   -2.070,   -0.280,
   -1.940,   -0.260,   -2.070,   -0.280,
   -1.990,   -0.330,   -2.070,   -0.280,
   -2.020,   -0.330,   -2.070,   -0.280,
   -1.970,   -0.270,   -2.070,   -0.280,
   -1.990,   -0.330,   -2.070,   -0.280,
   -2.020,   -0.330,   -2.070,   -0.300,
   -1.990,   -0.300,   -2.070,   -0.330,
   -1.990,   -0.380,   -2.070,   -0.370,
   -2.060,   -0.440,   -2.070,   -0.370,
   -1.990,   -0.400,   -2.070,   -0.370,
   -1.960,   -0.430,   -2.070,   -0.380,
   -2.000,   -0.430,   -2.080,   -0.370,
   -2.020,   -0.380,   -2.070,   -0.380,
   -2.000,   -0.460,   -2.070,   -0.390,
   -2.000,   -0.480,   -2.070,   -0.390,
   -1.950,   -0.390,   -2.070,   -0.410,
   -1.980,   -0.350,   -2.070,   -0.420,
   -2.030,   -0.500,   -2.070,   -0.450,
   -2.000,   -0.530,   -1.880,   -0.800,
   -1.770,   -0.840,   -1.870,   -0.850,
   -1.860,   -0.950,   -1.880,   -0.850,
   -1.750,   -0.890,   -1.880,   -0.850,
   -1.790,   -0.860,   -1.880,   -0.840,
   -1.880,   -0.880,   -1.880,   -0.840,
   -1.800,   -0.870,   -1.880,   -0.840,
   -1.740,   -0.970,   -1.880,   -0.830,
   -1.830,   -0.970,   -1.880,   -0.830,
   -1.780,   -0.890,   -1.880,   -0.830,
   -1.750,   -0.920,   -1.880,   -0.830,
   -1.880,   -0.930,   -1.880,   -0.820,
   -1.780,   -0.870,   -1.860,   -0.740,
   -1.790,   -0.830,   -1.850,   -0.670,
   -1.730,   -0.730,   -1.840,   -0.650,
   -1.740,   -0.790,   -1.840,   -0.640,
   -1.780,   -0.690,   -1.820,   -0.550,
   -1.710,   -0.560,   -1.790,   -0.430,
   -1.670,   -0.550,   -1.640,   -0.310,
   -1.650,   -0.480,   -1.410,   -0.270,
   -1.360,   -0.350,   -1.270,   -0.250,
   -1.240,   -0.320,   -1.230,   -0.240,
   -1.270,   -0.310,   -1.000,   -0.220,
   -1.080,   -0.300,   -0.880,   -0.210,
   -0.930,   -0.270,   -0.560,   -0.200,
   -0.650,   -0.260,   -0.230,   -0.180,
   -0.280,   -0.120,    0.000,   -0.150,
   -0.090,   -0.140,    0.000,    0.000,
   -0.130,   -0.060,    0.000,    0.000,
   -0.100,   -0.080,    0.000,    0.000,
   -0.010,   -0.010,    0.000,    0.000,
    0.000,    0.000,    0.000,    0.000,
    0.000,    0.000,    0.000,    0.000,
    0.000,    0.000,    0.190,    0.000,
    0.030,    0.000,    0.240,    0.150,
    0.070,    0.070,    0.520,    0.650,
    0.200,    0.300,    0.530,    0.650,
    0.570,    0.660,    0.540,    0.650,
    0.630,    0.680,    0.530,    0.630,
    0.420,    0.550,    0.540,    0.620,
    0.420,    0.560,    0.540,    0.610,
    0.460,    0.600,    0.550,    0.590,
    0.470,    0.600,    0.560,    0.580,
    0.470,    0.600,    0.630,    0.520,
    0.540,    0.560,    0.690,    0.500,
    0.580,    0.520,    0.720,    0.490,
    0.570,    0.520,    0.900,    0.460,
    0.740,    0.480,    0.940,    0.450,
    0.780,    0.480,    1.040,    0.410,
    0.920,    0.450,    1.110,    0.380,
    0.950,    0.440,    1.140,    0.350,
    0.990,    0.410,    1.150,    0.350,
    0.940,    0.410,    1.160,    0.330,
    1.000,    0.370,    1.200,    0.280,
    1.040,    0.320,    1.250,    0.240,
    1.070,    0.270,    1.250,    0.240,
    1.050,    0.210,    1.250,    0.230,
    1.060,    0.300,    1.250,    0.230,
    1.090,    0.250,    1.280,    0.210,
    1.150,    0.230,    1.290,    0.210,
    1.130,    0.320,    1.360,    0.180,
    1.200,    0.190,    1.460,    0.150,
    1.350,    0.180,    1.460,    0.150,
    1.260,    0.190,    1.460,    0.150,
    1.260,    0.160,    1.460,    0.150,
    1.280,    0.180,    1.460,    0.150,
    1.320,    0.220,    1.460,    0.150,
    1.340,    0.200,    1.460,    0.000,
    1.370,    0.040,    1.480,    0.150,
    1.400,    0.180,    1.480,    0.000,
    1.330,    0.050,    1.480,    0.000,
    1.370,   -0.010,    1.510,    0.000,
    1.370,    0.040,    1.530,    0.000,
    1.420,    0.020,    1.580,    0.000,
    1.440,    0.020,    1.580,    0.000,
    1.450,    0.000,    1.580,    0.000,
    1.420,   -0.020,    1.580,    0.000,
    1.410,   -0.050,    1.590,    0.000,
    1.420,    0.010,    1.620,    0.000,
    1.500,    0.040,    1.650,    0.000,
    1.520,    0.030,    1.730,    0.000,
    1.620,    0.010,    1.740,    0.000,
    1.660,    0.050,    1.750,    0.000,
    1.610,    0.030,    1.760,    0.000,
    1.660,    0.000,    1.770,    0.000,
    1.670,    0.030,    1.770,    0.000,
    1.610,    0.010,    1.770,    0.000,
    1.630,    0.010,    1.790,    0.000,
    1.670,    0.000,    1.780,    0.000,
    1.630,   -0.060,    1.780,    0.000,
    1.630,    0.010,    1.770,    0.000,
    1.680,    0.020,    1.770,    0.000,
    1.720,    0.060,    1.770,    0.000,
    1.650,    0.000,    1.760,   -0.150,
    1.640,   -0.170,    1.720,   -0.160,
    1.640,   -0.220,    1.720,   -0.170,
    1.600,   -0.110,    1.670,   -0.180,
    1.620,   -0.180,    1.630,   -0.190,
    1.540,   -0.200,    1.580,   -0.200,
    1.470,   -0.200,    1.560,   -0.210,
    1.480,   -0.250,    1.530,   -0.220,
    1.430,   -0.210,    1.430,   -0.230,
    1.350,   -0.230,    1.390,   -0.250,
    1.320,   -0.250,    1.320,   -0.300,
    1.220,   -0.300,    1.290,   -0.380,
    1.240,   -0.380,    1.250,   -0.410,
    1.210,   -0.400,    1.180,   -0.480,
    1.140,   -0.500,    1.090,   -0.650,
    1.010,   -0.650,    1.020,   -0.750,
    1.040,   -0.730,    0.920,   -0.990,
    0.940,   -0.910,    0.860,   -1.060,
    0.710,   -1.120,    0.800,   -1.110,
    0.740,   -1.100,    0.700,   -1.150,
    0.750,   -1.150,    0.520,   -1.330,
    0.610,   -1.300,    0.470,   -1.400,
    0.390,   -1.480,    0.390,   -1.480,
    0.460,   -1.480,    0.290,   -1.620,
    0.350,   -1.610,    0.200,   -1.740,
    0.180,   -1.810,    0.000,   -1.900,
    0.050,   -1.950,    0.000,   -1.970,
   -0.010,   -2.020,    0.000,   -1.940,
    0.100,   -1.940,    0.000,   -1.700,
    0.170,   -1.840,    0.000,   -1.000,
   -0.110,   -1.350,    0.000,   -0.200,
    0.250,    0.190,    0.000,    0.000,
   -0.090,   -0.050,    0.000,    0.000,
   -0.050,   -0.400,   -0.400,    1.370,
    0.110,    0.020,   -0.510,    2.720,
    0.180,    0.680,   -0.610,    3.000,
    0.140,    1.380,   -0.890,    3.000,
    0.130,    1.950,    0.000,    2.220,
    0.050,    2.480,    0.000,    1.390,
   -0.050,    2.050,    0.000,    0.150,
   -0.090,   -0.760,    0.000,    0.000,
   -0.070,   -0.200,    0.000,    0.000,
    0.060,    1.000,    0.000,    0.000,
   -0.040,   -0.300,    0.000,    0.000,
   -0.230,    0.060,    0.000,    0.000,
    0.180,    0.190,    0.000,    0.000,
   -0.070,   -0.130,    0.000,    0.000,
    0.040,    0.000,    0.000,    0.000,
   -0.010,    0.010,    0.000,    0.000,
    0.000,    0.010,    0.000,    0.000,
    0.000,    0.000,    0.000,    0.000,
    0.000,    0.000,    0.000,    0.000,
    0.000,    0.000,    0.000,    0.000,
    0.000,    0.000,    0.000,    0.000,
    0.000,    0.000,    0.000,    0.000,
    0.000,    0.000,    0.000,    0.320,
    0.000,    0.090,    0.000,    1.010,
    0.030,    0.440,    0.000,    1.150,
    0.010,    1.080,    0.000,    1.150,
    0.060,    1.210,    0.000,    1.140,
    0.060,    0.840,    0.000,    1.140,
    0.010,    0.940,    0.000,    1.140,
    0.080,    1.150,    0.000,    1.140,
    0.050,    1.050,    0.000,    1.150,
    0.030,    1.100,    0.000,    1.190,
    0.070,    1.200,    0.000,    1.360,
    0.110,    1.390,    0.000,    1.560,
    0.130,    1.610,    0.000,    1.840,
   -0.020,    1.800,    0.000,    1.840,
    0.010,    1.890,    0.000,    1.840,
    0.020,    1.750,    0.000,    1.840,
    0.040,    1.850,    0.000,    1.840,
    0.020,    1.880,    0.000,    1.830,
    0.000,    1.830,    0.000,    1.830,
    0.050,    1.890,    0.000,    1.820,
    0.000,    1.880,    0.000,    1.830,
    0.040,    1.890,    0.000,    1.790,
    0.000,    1.880,    0.000,    1.770,
   -0.020,    1.830,    0.000,    1.750,
    0.020,    1.850,    0.000,    1.740,
    0.020,    1.820,    0.000,    1.720,
    0.010,    1.810,    0.000,    1.720,
    0.040,    1.800,   -0.150,    1.710,
   -0.110,    1.790,   -0.150,    1.690,
   -0.080,    1.780,   -0.150,    1.680,
   -0.060,    1.780,   -0.150,    1.600,
   -0.120,    1.670,    0.000,    1.570,
   -0.010,    1.690,    0.000,    1.530,
    0.000,    1.650,    0.000,    1.510,
   -0.040,    1.600,    0.000,    1.410,
   -0.010,    1.530,    0.000,    1.340,
   -0.010,    1.460,    0.000,    1.190,
   -0.040,    1.340,    0.000,    0.910,
   -0.040,    1.120,    0.000,    0.440,
   -0.020,    0.340,    0.000,    0.000,
    0.000,    0.000,    0.000,    0.000,
    0.000,    0.100,    0.000,    0.000,
    0.000,    0.170,    0.000,    0.000,
    0.000,    0.050,    0.000,    0.000,
   -0.010,    0.010,    0.000,   -0.170,
   -0.020,   -0.070,    0.000,   -0.180,
    0.000,   -0.090,    0.000,   -0.200,
    0.000,   -0.130,    0.000,   -0.220,
   -0.010,   -0.150,    0.000,   -0.230,
    0.000,   -0.180,    0.000,   -0.380,
   -0.010,   -0.260,    0.000,   -1.130,
   -0.080,   -0.540,    0.000,   -1.220,
   -0.220,   -1.100,    0.000,   -1.280,
   -0.130,   -1.360,    0.000,   -1.330,
   -0.070,   -1.230,    0.000,   -1.450,
   -0.080,   -1.330,    0.000,   -1.480,
    0.000,   -1.480,    0.000,   -1.490,
    0.000,   -1.450,    0.000,   -1.490,
   -0.020,   -1.470,    0.000,   -1.490,
    0.000,   -1.480,    0.000,   -1.490,
    0.040,   -1.490,    0.000,   -1.490,
    0.010,   -1.530,    0.000,   -1.490,
    0.000,   -1.550,    0.000,   -1.490,
    0.030,   -1.520,    0.000,   -1.490,
    0.040,   -1.530,    0.000,   -1.540,
    0.010,   -1.590,    0.000,   -1.630,
   -0.010,   -1.690,    0.000,   -1.710,
    0.030,   -1.730,    0.000,   -1.720,
    0.020,   -1.760,    0.000,   -1.720,
    0.010,   -1.770,    0.000,   -1.720,
    0.020,   -1.770,    0.000,   -1.720,
    0.010,   -1.790,    0.000,   -1.720,
   -0.010,   -1.800,    0.000,   -1.720,
    0.030,   -1.770,    0.000,   -1.690,
    0.010,   -1.760,    0.000,   -1.540,
    0.040,   -1.680,    0.000,   -1.350,
    0.100,   -1.510,    0.000,   -1.020,
    0.060,   -1.290,    0.000,   -0.590,
    0.110,   -0.340,    0.000,   -0.240,
    0.180,   -0.420,    0.000,   -0.210,
    0.150,   -0.500,    0.000,   -0.180,
    0.090,   -0.250,    0.000,   -0.170,
    0.070,   -0.260,    0.000,   -0.150,
    0.070,   -0.180,    0.000,    0.000,
    0.040,   -0.030,    0.000,    0.000,
    0.000,    0.000,    0.000,    0.000,
    0.000,    0.000,    0.000,    0.000,
    0.000,    0.000,    0.000,    0.000,
    0.010,   -0.020,    0.000,    0.000,
    0.020,   -0.010,    0.000,    0.000,
    0.000,    0.020,    0.000,    0.000,
    0.000,    0.000,    0.000,    0.000,
    0.010,    0.000,    0.000,    0.000,
    0.010,    0.000,    0.000,    0.000,
    0.000,    0.000,    0.000,    0.000,
    0.000,   -0.010,    0.000,    0.000,
    0.010,   -0.010,    0.000,    0.000,
    0.000,    0.000,    0.000,    0.000,
   -0.020,    0.000,    0.000,   -0.150,
   -0.010,   -0.090,    0.000,   -0.170,
   -0.010,   -0.100,    0.000,   -0.190,
    0.000,   -0.140,    0.000,   -0.190,
    0.010,   -0.150,    0.000,   -0.200,
    0.000,   -0.180,    0.000,   -0.200,
   -0.010,   -0.170,    0.000,   -0.240,
   -0.020,   -0.160,    0.000,   -0.370,
    0.000,   -0.230,    0.000,   -0.720,
   -0.030,   -0.470,    0.000,   -1.090,
   -0.160,   -0.970,    0.000,   -1.100,
   -0.070,   -1.220,    0.000,   -1.100,
   -0.040,   -0.880,    0.000,   -1.100,
    0.010,   -0.990,    0.000,   -1.100,
    0.000,   -1.090,    0.000,   -1.100,
    0.000,   -1.060,    0.000,   -1.100,
   -0.020,   -1.100,    0.000,   -1.170,
   -0.010,   -1.160,    0.000,   -1.370,
    0.040,   -1.330,   -0.150,   -1.640,
   -0.010,   -1.580,   -0.180,   -1.680,
   -0.200,   -1.760,   -0.190,   -1.690,
   -0.130,   -1.650,   -0.200,   -1.690,
   -0.190,   -1.700,   -0.200,   -1.700,
   -0.270,   -1.730,   -0.200,   -1.700,
   -0.190,   -1.720,   -0.190,   -1.700,
   -0.230,   -1.770,   -0.210,   -1.730,
   -0.290,   -1.830,   -0.240,   -1.820,
   -0.220,   -1.860,   -0.250,   -1.850,
   -0.320,   -1.950,   -0.250,   -1.840,
   -0.230,   -1.860,   -0.250,   -1.850,
   -0.250,   -1.920,   -0.250,   -1.860,
   -0.290,   -1.950,   -0.250,   -1.890,
   -0.270,   -1.950,   -0.280,   -2.010,
   -0.180,   -2.070,   -0.290,   -2.040,
   -0.200,   -2.150,   -0.320,   -2.040,
   -0.450,   -2.140,   -0.320,   -2.040,
   -0.280,   -2.110,   -0.310,   -2.040,
   -0.300,   -2.100,   -0.310,   -2.040,
   -0.320,   -2.140,   -0.300,   -2.040,
   -0.300,   -2.160,   -0.300,   -2.010,
   -0.310,   -2.110,   -0.290,   -1.930,
   -0.270,   -2.070,   -0.250,   -1.870,
   -0.240,   -1.990,   -0.240,   -1.810,
   -0.190,   -1.930,   -0.240,   -1.750,
   -0.210,   -1.910,   -0.240,   -1.720,
   -0.190,   -1.840,   -0.220,   -1.620,
   -0.190,   -1.760,    0.000,   -1.120,
   -0.170,   -1.600,    0.000,   -0.610,
    0.230,   -0.210,    0.000,   -0.310,
    0.080,   -0.270,    0.000,   -0.230,
   -0.140,   -0.720,    0.000,   -0.220,
    0.070,   -0.270,    0.000,   -0.190,
   -0.050,   -0.210,    0.000,   -0.180,
   -0.110,   -0.300,    0.000,   -0.170,
   -0.110,   -0.200,    0.000,   -0.160,
   -0.040,   -0.120,    0.000,   -0.160,
   -0.030,   -0.080,    0.000,   -0.150,
    0.000,   -0.070,    0.000,   -0.150,
    0.000,   -0.070,    0.000,    0.000,
    0.010,   -0.010,    0.000,    0.000,
    0.000,    0.010,   -0.240,    0.000,
   -0.060,   -0.010,   -0.680,    0.000,
   -0.230,   -0.030,   -0.880,    0.000,
   -0.890,   -0.100,   -1.060,    0.000,
   -0.930,    0.000,   -1.180,    0.000,
   -0.870,    0.030,   -1.320,    0.000,
   -0.990,   -0.010,   -1.340,    0.000,
   -1.220,    0.000,   -1.340,    0.000,
   -1.020,   -0.020,   -1.340,    0.000,
   -1.000,   -0.020,   -1.340,    0.000,
   -1.190,   -0.040,   -1.340,    0.000,
   -1.180,    0.010,   -1.340,    0.000,
   -1.080,   -0.030,   -1.430,    0.000,
   -1.290,    0.000,   -1.490,    0.000,
   -1.450,    0.000,   -1.520,    0.000,
   -1.270,   -0.030,   -1.510,    0.000,
   -1.270,    0.050,   -1.540,    0.000,
   -1.320,    0.000,   -1.560,    0.000,
   -1.370,   -0.060,   -1.570,    0.000,
   -1.340,   -0.030,   -1.570,    0.000,
   -1.360,   -0.030,   -1.570,    0.000,
   -1.430,   -0.050,   -1.570,    0.000,
   -1.410,    0.010,   -1.570,    0.000,
   -1.360,    0.000,   -1.570,    0.000,
   -1.440,   -0.060,   -1.610,    0.000,
   -1.460,   -0.020,   -1.660,    0.000,
   -1.490,    0.000,   -1.660,    0.000,
   -1.520,   -0.020,   -1.670,    0.000,
   -1.510,   -0.010,   -1.670,    0.000,
   -1.510,    0.000,   -1.700,    0.000,
   -1.590,   -0.040,   -1.700,    0.000,
   -1.570,   -0.010,   -1.700,    0.000,
   -1.630,    0.090,   -1.710,    0.000,
   -1.590,   -0.040,   -1.710,    0.000,
   -1.590,    0.010,   -1.700,    0.000,
   -1.600,   -0.080,   -1.700,    0.000,
   -1.550,   -0.030,   -1.710,    0.000,
   -1.560,    0.000,   -1.710,    0.000,
   -1.610,   -0.020,   -1.710,    0.000,
   -1.560,    0.000,   -1.710,    0.000,
   -1.570,   -0.010,   -1.700,    0.000,
   -1.590,   -0.010,   -1.700,    0.000,
   -1.570,   -0.020,   -1.700,    0.000,
   -1.570,    0.000,   -1.710,    0.000,
   -1.600,   -0.040,   -1.710,    0.000,
   -1.560,    0.020,   -1.710,    0.000,
   -1.590,   -0.010,   -1.710,    0.000,
   -1.620,   -0.020,   -1.700,    0.000,
   -1.580,   -0.020,   -1.700,    0.000,
   -1.620,   -0.030,   -1.670,    0.000,
   -1.550,   -0.020,   -1.490,    0.000,
   -1.410,    0.000,   -0.420,    0.000,
    0.210,    0.070,    0.000,    0.000,
   -0.280,    0.060,    0.000,    0.000,
   -0.320,    0.020,    0.000,    0.000,
   -0.140,    0.030,    0.000,    0.000,
   -0.130,    0.000,    0.000,    0.000,
   -0.120,   -0.030,    0.000,    0.000,
   -0.040,    0.000,    0.000,    0.000,
    0.000,    0.000,    0.000,    0.000,
    0.000,    0.000,    0.000,   -0.150,
   -0.020,   -0.050,    0.000,   -0.180,
    0.000,   -0.070,    0.150,   -0.180,
    0.070,   -0.090,    0.170,   -0.190,
    0.080,   -0.120,    0.170,   -0.190,
    0.090,   -0.160,    0.180,   -0.180,
    0.110,   -0.150,    0.190,   -0.180,
    0.130,   -0.130,    0.230,   -0.180,
    0.130,   -0.140,    0.240,   -0.180,
    0.120,   -0.160,    0.260,   -0.180,
    0.140,   -0.150,    0.270,   -0.180,
    0.170,   -0.140,    0.270,   -0.180,
    0.160,   -0.150,    0.320,   -0.180,
    0.160,   -0.160,    0.510,   -0.180,
    0.280,   -0.160,    0.640,   -0.180,
    0.460,   -0.130,    0.870,   -0.190,
    0.690,   -0.170,    0.860,   -0.190,
    0.640,   -0.190,    0.860,   -0.190,
    0.600,   -0.170,    0.880,   -0.180,
    0.680,   -0.190,    0.970,   -0.180,
    0.800,   -0.180,    1.020,   -0.180,
    0.830,   -0.160,    1.380,   -0.170,
    1.150,   -0.100,    1.450,   -0.160,
    1.480,   -0.160,    1.460,   -0.160,
    1.220,   -0.150,    1.490,   -0.160,
    1.220,   -0.130,    1.480,   -0.150,
    1.360,   -0.100,    1.470,   -0.150,
    1.220,   -0.220,    1.480,   -0.150,
    1.280,   -0.140,    1.480,   -0.150,
    1.390,   -0.080,    1.480,   -0.150,
    1.250,   -0.160,    1.450,    0.000,
    1.220,   -0.030,    1.320,    0.000,
    1.130,    0.010,    1.320,    0.000,
    1.110,   -0.050,    1.400,    0.000,
    1.280,   -0.010,    1.420,    0.000,
    1.230,    0.020,    1.420,    0.000,
    1.230,    0.000,    1.420,    0.000,
    1.250,    0.000,    1.420,    0.000,
    1.270,    0.020,    1.420,    0.000,
    1.250,    0.000,    1.420,    0.000,
    1.250,    0.000,    1.420,    0.000,
    1.240,    0.000,    1.420,    0.000,
    1.250,    0.000,    1.420,    0.000,
    1.240,    0.010,    1.420,    0.000,
    1.310,    0.000,    1.420,    0.000,
    1.240,    0.040,    1.420,    0.000,
    1.320,    0.080,    1.420,    0.000,
    1.360,    0.040,    1.420,    0.000,
    1.370,    0.060,    1.420,    0.000,
    1.230,   -0.050,    1.420,    0.000,
    1.250,   -0.030,    1.430,    0.000,
    1.330,    0.000,    1.450,    0.000,
    1.300,    0.020,    1.470,    0.000,
    1.380,    0.040,    1.470,    0.000,
    1.360,    0.010,    1.480,    0.000,
    1.320,    0.000,    1.470,    0.000,
    1.330,   -0.010,    1.470,    0.000,
    1.300,   -0.040,    1.460,    0.000,
    1.380,   -0.040,    1.460,    0.000,
    1.340,    0.010,    1.460,    0.000,
    1.320,    0.020,    1.460,    0.000,
    1.380,    0.090,    1.460,    0.000,
    1.420,    0.080,    1.460,    0.000,
    1.360,    0.000,    1.460,    0.000,
    1.310,   -0.010,    1.460,    0.000,
    1.360,    0.000,    1.460,    0.000,
    1.350,    0.000,    1.460,    0.000,
    1.380,    0.010,    1.460,    0.000,
    1.260,   -0.080,    1.460,    0.000,
    1.300,    0.000,    1.460,    0.000,
    1.330,    0.000,    1.460,    0.000,
    1.290,   -0.050,    1.460,    0.000,
    1.340,    0.000,    1.390,    0.000,
    1.270,   -0.010,    1.370,    0.000,
    1.210,   -0.050,    1.370,    0.000,
    1.290,    0.000,    1.370,    0.000,
    1.260,   -0.010,    1.370,    0.000,
    1.210,   -0.040,    1.370,    0.000,
    1.250,   -0.030,    1.370,    0.000,
    1.200,   -0.020,    1.370,    0.000,
    1.270,    0.030,    1.370,    0.000,
    1.240,    0.020,    1.370,    0.000,
    1.230,    0.000,    1.370,    0.000,
    1.260,    0.030,    1.370,    0.000,
    1.250,   -0.010,    1.370,    0.000,
    1.250,    0.000,    1.370,    0.000,
    1.230,    0.000,    1.370,    0.000,
    1.250,    0.000,    1.370,    0.000,
    1.240,    0.000,    1.370,    0.000,
    1.230,    0.010,    1.370,    0.000,
    1.260,    0.000,    1.370,    0.000,
    1.240,    0.000,    1.370,    0.000,
    1.240,    0.000,    1.370,    0.000,
    1.230,    0.000,    1.370,    0.000,
    1.280,    0.030,    1.370,    0.000,
    1.200,    0.000,    1.370,    0.000,
    1.250,    0.010,    1.370,    0.000,
    1.250,    0.000,    1.370,    0.000,
    1.260,    0.000,    1.370,    0.000,
    1.230,   -0.010,    1.370,    0.000,
    1.270,    0.030,    1.370,    0.000,
    1.240,    0.020,    1.370,    0.000,
    1.220,    0.000,    1.380,    0.000,
    1.240,    0.000,    1.380,    0.000,
    1.250,   -0.010,    1.370,    0.000,
    1.240,    0.010,    1.370,    0.000,
    1.220,    0.030,    1.370,    0.000,
    1.230,    0.000,    1.370,    0.000,
    1.220,    0.030,    1.370,    0.000,
    1.210,    0.030,    1.350,    0.000,
    1.200,    0.020,    1.290,    0.000,
    1.150,    0.050,    1.200,    0.000,
    1.110,    0.050,    1.110,    0.000,
    1.000,    0.030,    0.860,    0.000,
    0.840,   -0.010,    0.750,    0.000,
    0.750,   -0.020,    0.540,    0.000,
    0.610,   -0.010,    0.210,    0.000,
    0.280,   -0.040,    0.190,    0.000,
    0.310,    0.020,    0.190,    0.000,
    0.200,    0.000,    0.170,    0.000,
    0.110,    0.000,    0.150,    0.000,
    0.030,    0.000,    0.000,    0.000,
   -0.010,    0.000,    0.000,    0.000,
   -0.010,    0.000,    0.000,   -0.170,
   -0.030,   -0.070,    0.000,   -0.180,
    0.000,   -0.090,    0.000,   -0.190,
   -0.020,   -0.110,    0.000,   -0.210,
   -0.060,   -0.110,    0.000,   -0.230,
   -0.050,   -0.120,    0.000,   -0.330,
   -0.020,   -0.220,    0.000,   -0.390,
   -0.030,   -0.290,    0.000,   -0.380,
   -0.020,   -0.300,    0.000,   -0.380,
   -0.010,   -0.300,    0.000,   -0.380,
    0.000,   -0.300,    0.000,   -0.380,
   -0.010,   -0.310,    0.000,   -0.370,
   -0.010,   -0.310,    0.000,   -0.350,
   -0.020,   -0.300,    0.000,   -0.350,
   -0.020,   -0.290,    0.000,   -0.330,
    0.000,   -0.270,    0.000,   -0.320,
    0.000,   -0.260,    0.000,   -0.320,
   -0.010,   -0.260,    0.000,   -0.320,
   -0.010,   -0.250,    0.000,   -0.320,
    0.000,   -0.240,    0.000,   -0.320,
    0.000,   -0.270,    0.000,   -0.320,
   -0.010,   -0.270,    0.000,   -0.320,
    0.000,   -0.240,    0.000,   -0.320,
   -0.050,   -0.210,    0.000,   -0.320,
   -0.040,   -0.240,    0.000,   -0.320,
    0.000,   -0.250,    0.000,   -0.320,
    0.000,   -0.250,    0.000,   -0.320,
    0.000,   -0.240,    0.000,   -0.310,
    0.000,   -0.220,    0.000,   -0.310,
    0.000,   -0.230,    0.000,   -0.320,
    0.000,   -0.240,    0.000,   -0.310,
    0.000,   -0.240,    0.000,   -0.310,
   -0.010,   -0.260,    0.000,   -0.320,
    0.000,   -0.250,    0.000,   -0.320,
    0.000,   -0.240,    0.000,   -0.320,
    0.000,   -0.240,    0.000,   -0.320,
    0.000,   -0.270,    0.000,   -0.320,
    0.000,   -0.260,    0.000,   -0.320,
    0.010,   -0.250,    0.000,   -0.320,
    0.000,   -0.270,    0.000,   -0.320,
   -0.010,   -0.250,    0.000,   -0.320,
    0.000,   -0.230,    0.000,   -0.320,
    0.030,   -0.260,    0.000,   -0.320,
   -0.010,   -0.270,    0.000,   -0.320,
    0.010,   -0.230,    0.000,   -0.320,
    0.020,   -0.230,    0.000,   -0.320,
    0.030,   -0.260,    0.000,   -0.320,
    0.000,   -0.250,    0.000,   -0.320,
    0.000,   -0.220,    0.000,   -0.320,
    0.030,   -0.240,    0.000,   -0.320,
    0.030,   -0.260,    0.000,   -0.320,
    0.000,   -0.240,    0.000,   -0.320,
    0.000,   -0.240,    0.000,   -0.320,
    0.030,   -0.260,    0.000,   -0.320,
    0.000,   -0.270,    0.000,   -0.320,
   -0.010,   -0.240,    0.000,   -0.320,
    0.000,   -0.220,    0.000,   -0.320,
    0.020,   -0.240,    0.000,   -0.320,
    0.000,   -0.270,    0.000,   -0.320,
    0.000,   -0.240,    0.000,   -0.310,
    0.000,   -0.240,    0.000,   -0.310,
   -0.030,   -0.240,    0.000,   -0.310,
   -0.010,   -0.250,    0.000,   -0.300,
   -0.010,   -0.240,    0.000,   -0.280,
   -0.030,   -0.210,    0.000,   -0.210,
    0.000,   -0.150,    0.000,   -0.180,
    0.000,   -0.120,    0.000,   -0.150,
    0.000,   -0.080,    0.000,    0.000,
    0.000,    0.000,    0.000,    0.000,
    0.000,    0.020,    0.000,    0.000,
    0.000,    0.010,    0.000,    0.000,
    0.000,   -0.030,    0.000,    0.000,
   -0.020,    0.010,    0.000,    0.000,
    0.000,    0.000,    0.000,    0.000,
    0.010,   -0.010,    0.000,    0.000,
    0.000,    0.000,    0.000,    0.000,
    0.000,    0.010,    0.000,    0.000,
    0.000,   -0.010,    0.000,    0.000,
    0.010,    0.000,    0.000,    0.000,
    0.000,    0.000,    0.000,    0.000,
   -0.010,    0.000,    0.000,    0.000,
   -0.010,   -0.010,    0.000,    0.000,
   -0.010,    0.010,    0.000,    0.000,
    0.000,    0.000,    0.000,    0.000,
   -0.010,    0.000,    0.000,    0.000,
    0.000,    0.000,    0.000,    0.000,
   -0.010,   -0.020,    0.000,    0.000,
    0.000,    0.000,    0.000,    0.000,
    0.000,    0.000,    0.000,    0.000,
   -0.010,    0.000,    0.000,    0.000,
    0.000,    0.000,    0.000,    0.000,
   -0.020,   -0.010,    0.000,    0.000,
    0.000,    0.000,    0.000,    0.000,
   -0.010,    0.000,    0.000,    0.000,
