    0.000,    0.020,    0.000,    0.000,
    0.000,    0.020,    0.000,    0.000,
    0.000,    0.020,   -0.180,    0.000,
   -0.020,    0.000,   -0.200,    0.000,
   -0.020,    0.040,   -0.200,    0.000,
    0.000,    0.030,   -0.200,    0.000,
    0.000,    0.020,   -0.200,    0.000,
    0.000,    0.020,   -0.210,    0.000,
    0.000,    0.000,   -0.230,    0.000,
   -0.010,   -0.010,   -0.230,    0.000,
   -0.010,   -0.020,   -0.290,    0.000,
   -0.030,   -0.090,   -0.330,    0.000,
   -0.070,   -0.330,   -0.340,    0.000,
   -0.100,   -0.440,   -0.340,    0.000,
   -0.120,   -0.410,   -0.340,    0.000,
   -0.160,   -0.150,   -0.340,    0.000,
   -0.180,   -0.250,   -0.340,    0.000,
   -0.190,   -0.150,   -0.340,    0.000,
   -0.200,   -0.270,   -0.350,    0.000,
   -0.220,   -0.160,   -0.340,    0.000,
   -0.220,   -0.090,   -0.340,    0.690,
   -0.210,    0.350,   -0.340,    0.940,
   -0.220,    0.690,   -0.330,    1.140,
   -0.240,    0.930,   -0.350,    1.140,
   -0.200,    0.980,   -0.340,    1.140,
   -0.200,    1.110,   -0.360,    1.170,
   -0.210,    0.960,   -0.350,    1.200,
   -0.200,    0.760,   -0.350,    1.170,
   -0.180,    0.880,   -0.370,    1.140,
   -0.220,    0.860,   -0.520,    0.000,
   -0.310,    0.550,   -0.540,    0.000,
   -0.360,   -0.050,   -0.550,    0.000,
   -0.400,   -0.010,   -0.560,    0.000,
   -0.410,    0.000,   -0.570,    0.000,
   -0.430,   -0.100,   -0.770,    0.000,
   -0.540,   -0.070,   -0.890,    0.000,
   -0.660,   -0.010,   -1.070,    0.000,
   -0.800,   -0.410,   -1.100,    0.000,
   -0.880,   -0.550,   -1.110,    0.000,
   -0.950,   -0.670,   -1.110,    0.000,
   -1.020,   -0.260,   -1.100,    0.000,
   -1.060,   -0.320,   -1.100,    0.000,
   -1.090,   -0.420,   -1.100,    0.000,
   -1.080,   -0.510,   -1.100,    0.000,
   -1.100,   -0.370,   -1.100,    0.000,
   -1.120,   -0.350,   -1.100,    0.650,
   -1.130,   -0.060,   -1.100,    0.690,
   -1.130,    0.140,   -1.100,    0.750,
   -1.130,    0.380,   -1.100,    0.780,
   -1.160,    0.570,   -1.100,    0.780,
   -1.160,    0.570,   -1.100,    0.780,
   -1.140,    0.540,   -1.100,    0.780,
   -1.140,    0.400,   -1.100,    0.750,
   -1.160,    0.690,   -1.100,    0.690,
   -1.170,    0.600,   -1.100,    0.000,
   -1.160,    0.280,   -1.100,    0.000,
   -1.150,   -0.150,   -1.100,    0.000,
   -1.160,   -0.180,   -1.100,    0.000,
   -1.170,   -0.170,   -1.100,    0.000,
   -1.170,   -0.230,   -1.100,    0.000,
   -1.130,   -0.390,   -1.100,    0.000,
   -1.150,   -0.310,   -1.100,    0.000,
   -1.170,   -0.300,   -1.100,    0.000,
   -1.170,   -0.110,   -1.100,    0.000,
   -1.160,   -0.290,   -1.100,    0.000,
   -1.150,   -0.320,   -1.110,    0.000,
   -1.180,   -0.210,   -1.120,    0.650,
   -1.180,    0.000,   -1.120,    0.690,
   -1.170,    0.300,   -1.120,    0.690,
   -1.170,    0.260,   -1.120,    0.720,
   -1.170,    0.400,   -1.120,    0.850,
   -1.190,    0.530,   -1.120,    0.910,
   -1.190,    0.650,   -1.120,    0.980,
   -1.170,    0.690,   -1.120,    1.170,
   -1.170,    0.900,   -1.120,    1.940,
   -1.190,    1.270,   -1.120,    2.780,
   -1.190,    1.840,   -1.120,    3.620,
   -1.180,    2.510,   -1.120,    3.940,
   -1.190,    3.340,   -1.120,    3.940,
   -1.160,    3.800,   -1.060,    3.970,
   -1.110,    3.930,   -0.870,    4.040,
   -1.010,    4.390,   -0.350,    4.070,
   -0.700,    5.910,   -0.230,    4.590,
   -0.470,    5.780,   -0.200,    4.910,
   -0.360,    5.980,   -0.170,    5.040,
   -0.240,    6.110,   -0.150,    5.040,
   -0.150,    5.880,    0.000,    5.000,
   -0.040,    5.740,    0.000,    5.000,
    0.000,    5.480,    0.000,    4.940,
    0.020,    5.280,    0.000,    2.010,
    0.020,    4.200,    0.000,    0.000,
    0.020,    1.490,    0.000,    0.000,
    0.010,    0.440,    0.000,    0.000,
    0.000,   -0.140,    0.000,    0.000,
    0.000,   -0.030,    0.000,    0.000,
    0.000,    0.040,    0.000,    0.780,
    0.000,    0.000,    0.000,    1.360,
    0.000,    0.220,    0.000,    1.590,
    0.000,    0.330,    0.000,    1.430,
   -0.010,    0.320,    0.000,    0.720,
   -0.020,    0.050,    0.000,    0.000,
    0.000,    0.060,    0.340,    0.000,
    0.060,    0.150,    0.390,    0.000,
    0.120,    0.180,    0.460,    0.000,
    0.200,    0.190,    0.530,    0.000,
    0.290,    0.440,    0.550,    0.000,
    0.350,    0.390,    0.580,    0.000,
    0.390,    0.320,    0.770,    0.000,
    0.500,    0.290,    0.850,    0.000,
    0.580,    0.670,    0.900,    0.000,
    0.690,    0.850,    1.010,    0.000,
    0.800,    0.000,    1.150,    0.000,
    0.950,   -0.270,    1.210,    0.000,
    1.030,   -0.320,    1.220,    0.000,
    1.080,   -0.140,    1.260,    0.000,
    1.150,    0.180,    1.370,    0.000,
    1.250,    0.300,    1.530,    0.000,
    1.410,    0.140,    1.620,    0.000,
    1.490,    0.010,    1.690,    0.000,
    1.620,    0.060,    1.730,    0.000,
    1.710,    0.450,    1.840,    0.000,
    1.760,    0.620,    1.990,    0.000,
    1.960,    0.450,    1.990,    0.000,
    2.010,    0.970,    1.990,    0.000,
    2.040,    0.940,    1.970,    0.000,
    2.050,    0.820,    1.960,    0.000,
    2.050,    0.670,    1.960,    0.000,
    2.120,    0.410,    1.960,    0.000,
    2.080,    0.440,    1.960,    0.000,
    2.130,    0.690,    1.950,    0.000,
    2.130,    0.670,    1.930,    0.000,
    2.140,    0.410,    1.930,    0.000,
    2.140,    0.500,    1.930,    0.000,
    2.130,    0.580,    1.920,    0.000,
    2.150,    0.240,    1.920,    0.000,
    2.160,    0.500,    1.920,    0.000,
    2.160,    0.430,    1.920,    0.000,
    2.150,    0.490,    1.920,    0.000,
    2.150,    0.470,    1.920,    0.000,
    2.150,    0.490,    1.910,    0.000,
    2.150,    0.600,    1.900,    0.000,
    2.140,    0.430,    1.880,    0.000,
    2.150,    0.430,    1.860,    0.000,
    2.130,    0.370,    1.850,    0.000,
    2.100,    0.530,    1.840,    0.000,
    2.100,    0.520,    1.830,    0.000,
    2.080,    0.450,    1.810,    0.000,
    2.080,    0.500,    1.790,    0.000,
    2.060,    0.380,    1.720,    0.000,
    2.020,    0.560,    1.660,    0.000,
    1.970,    0.450,    1.600,    0.000,
    1.910,    0.380,    1.520,    0.000,
    1.870,    0.470,    1.430,    0.000,
    1.810,    0.240,    1.260,    0.000,
    1.720,    0.560,    1.130,    0.000,
    1.590,    0.340,    0.990,    0.000,
    1.430,    0.310,    0.930,    0.000,
    1.310,    0.510,    0.880,    0.000,
    1.240,    0.200,    0.830,    0.000,
    1.170,    0.040,    0.760,    0.000,
    1.070,    0.220,    0.380,    0.000,
    0.860,    0.310,    0.000,    0.000,
    0.470,    0.100,    0.000,    0.000,
    0.310,    0.120,    0.000,    0.000,
    0.210,    0.460,    0.000,    0.000,
    0.110,    0.330,    0.000,    0.000,
    0.050,    0.300,   -0.150,    0.000,
   -0.010,    0.270,   -0.180,    0.000,
   -0.040,    0.280,   -0.200,    0.000,
   -0.040,    0.000,   -0.300,    0.000,
   -0.060,   -0.310,   -0.800,    0.000,
   -0.250,   -0.100,   -1.210,    0.000,
   -0.690,    0.760,   -1.240,    0.000,
   -0.950,    1.160,   -1.290,    0.000,
   -1.040,    1.110,   -1.500,    0.000,
   -1.160,    0.010,   -1.720,    0.000,
   -1.400,   -0.900,   -1.840,    0.000,
   -1.620,   -0.920,   -1.840,    0.000,
   -1.730,   -0.250,   -1.840,    0.000,
   -1.780,    0.170,   -1.830,    0.000,
   -1.800,   -0.260,   -1.830,    0.000,
   -1.850,   -0.700,   -1.830,    0.000,
   -1.850,   -0.740,   -1.830,    0.000,
   -1.910,   -0.410,   -1.830,    0.000,
   -1.910,   -0.370,   -1.830,    0.000,
   -1.940,   -0.330,   -1.830,    0.000,
   -1.960,   -0.510,   -1.830,    0.000,
   -1.990,   -0.270,   -1.840,    0.000,
   -2.020,   -0.420,   -1.840,    0.000,
   -1.990,   -0.480,   -1.830,    0.000,
   -2.010,   -0.230,   -1.830,    0.000,
   -2.030,   -0.160,   -1.830,    0.000,
   -2.020,   -0.270,   -1.820,    0.000,
   -2.060,   -0.170,   -1.830,    0.000,
   -2.060,   -0.430,   -1.820,    0.000,
   -2.050,   -0.330,   -1.820,    0.000,
   -2.060,   -0.310,   -1.740,    0.000,
   -2.020,   -0.320,   -1.730,    0.000,
   -2.000,   -0.380,   -1.720,    0.000,
   -1.990,   -0.460,   -1.660,    0.000,
   -1.940,   -0.300,   -1.300,    0.000,
   -1.800,   -0.340,   -0.940,    0.000,
   -1.620,   -0.320,   -0.300,    0.000,
   -1.280,   -0.280,   -0.230,    0.000,
   -0.800,   -0.240,   -0.200,    0.000,
   -0.680,   -0.800,   -0.180,    0.000,
   -0.630,   -0.810,   -0.180,    0.000,
   -0.490,   -0.900,    0.000,    0.000,
   -0.300,   -0.840,    0.000,    0.000,
   -0.240,   -0.160,    0.000,    0.000,
   -0.150,   -0.110,    0.000,    0.000,
   -0.070,   -0.050,    0.000,    0.000,
   -0.030,   -0.020,    0.000,    0.000,
    0.000,    0.000,    0.000,    0.000,
    0.000,    0.020,    0.000,    0.000,
    0.000,    0.030,    0.270,    0.000,
    0.040,    0.110,    0.720,    0.000,
    0.220,    0.320,    0.770,    0.000,
    0.450,    0.050,    0.780,    0.000,
    0.500,    0.250,    0.770,    0.000,
    0.540,    0.440,    0.800,    0.000,
    0.610,    0.430,    0.820,    0.000,
    0.660,    0.470,    0.930,    0.000,
    0.750,    0.440,    0.980,    0.000,
    0.820,    0.510,    1.020,    0.000,
    0.880,    0.520,    1.110,    0.000,
    0.960,    0.410,    1.200,    0.000,
    1.060,    0.430,    1.610,    0.000,
    1.280,    0.730,    1.710,    0.000,
    1.540,    1.120,    1.730,    0.000,
    1.630,    0.860,    1.730,    0.000,
    1.630,    0.700,    1.740,    0.000,
    1.700,    0.880,    1.750,    0.000,
    1.730,    0.910,    1.750,    0.000,
    1.790,    1.040,    1.770,    0.000,
    1.860,    1.300,    1.780,    0.000,
    1.820,    1.000,    1.830,    0.000,
    1.940,    0.680,    1.890,    0.000,
    1.930,    0.420,    1.970,    0.000,
    2.050,    0.430,    1.970,    0.000,
    2.080,    0.430,    1.960,    0.000,
    2.070,    0.300,    1.950,    0.000,
    2.090,    0.510,    1.910,    0.000,
    2.090,    0.190,    1.870,    0.000,
    2.040,    0.190,    1.860,    0.000,
    2.040,    0.630,    1.860,    0.000,
    2.050,    0.150,    1.850,    0.000,
    2.030,    0.300,    1.830,    0.000,
    2.060,    0.530,    1.810,    0.000,
    2.060,    0.410,    1.810,    0.000,
    2.060,    0.200,    1.810,    0.000,
    2.050,    0.350,    1.790,    0.000,
    2.070,    0.390,    1.730,    0.000,
    2.030,    0.510,    1.430,    0.000,
    1.830,    0.290,    1.090,    0.000,
    1.710,    0.490,    0.800,    0.000,
    1.430,    0.610,    0.600,    0.000,
    1.210,    0.600,    0.350,    0.000,
    0.970,    0.730,    0.170,    0.000,
    0.700,    1.250,    0.000,    0.000,
    0.510,    2.220,    0.000,    0.000,
    0.370,    3.030,   -0.160,    0.000,
    0.210,    2.390,   -0.180,    0.000,
    0.120,    3.210,   -0.200,    0.000,
    0.020,    3.270,   -0.220,    0.000,
   -0.060,    2.920,   -0.270,    0.000,
   -0.190,    1.920,   -0.300,    0.000,
   -0.290,    1.270,   -0.390,    0.000,
   -0.320,    1.470,   -0.580,    0.000,
   -0.440,    1.910,   -0.580,    0.000,
   -0.480,    2.300,   -0.940,    0.000,
   -0.670,    2.620,   -1.010,    0.000,
   -0.790,    3.150,   -1.020,    0.000,
   -0.890,    2.330,   -1.010,    0.000,
   -0.910,    1.880,   -1.000,    0.000,
   -0.920,    1.730,   -0.870,    0.000,
   -0.900,    1.210,   -0.570,    0.000,
   -0.770,    0.450,   -0.250,    0.000,
   -0.700,    0.210,   -0.180,    0.000,
   -0.570,    0.160,   -0.170,    0.000,
   -0.470,    0.040,   -0.150,    0.000,
   -0.390,   -0.270,    0.000,    0.000,
   -0.240,    0.020,    0.000,    0.000,
   -0.150,    0.040,    0.000,    0.000,
   -0.060,    0.000,    0.000,    0.000,
    0.000,    0.050,    0.000,    0.000,
    0.010,    0.050,    0.000,    0.000,
    0.000,    0.030,    0.000,    0.000,
    0.000,    0.000,    0.000,    0.000,
    0.000,    0.180,    0.000,    0.000,
    0.010,    0.660,    0.000,    0.000,
   -0.030,    0.910,    0.000,    0.000,
   -0.070,    1.010,    0.000,    0.000,
   -0.020,    1.270,    0.000,    0.000,
   -0.060,    0.540,    0.000,    0.000,
   -0.010,    0.600,    0.000,    0.000,
    0.000,    0.820,    0.000,    0.000,
   -0.030,    0.580,    0.000,    0.000,
   -0.030,    0.310,    0.000,    0.000,
    0.020,    1.210,    0.000,    0.000,
   -0.030,    0.820,    0.000,    0.000,
   -0.080,    0.000,    0.000,    0.000,
   -0.050,    0.680,    0.000,    0.000,
   -0.050,    0.240,    0.000,    0.000,
   -0.070,   -0.290,    0.000,    0.000,
    0.080,    2.070,    0.000,    0.000,
    0.170,    2.740,    0.000,    0.000,
    0.120,    3.700,    0.000,    0.000,
    0.080,    3.630,    0.000,    0.000,
    0.010,    2.930,    0.000,    0.000,
    0.040,    3.190,    0.000,    0.000,
   -0.060,    2.200,    0.000,    0.000,
   -0.080,    1.100,    0.000,    0.000,
   -0.060,    0.480,    0.000,    0.000,
   -0.120,   -0.520,    0.000,    0.000,
   -0.110,   -0.860,    0.000,    0.000,
   -0.020,   -0.470,    0.000,    0.000,
    0.140,   -0.030,    0.000,    0.000,
    0.200,   -1.150,    0.000,    0.000,
    0.220,   -0.730,    0.000,    0.000,
    0.140,   -0.170,    0.000,    0.000,
    0.090,   -0.200,    0.000,    0.000,
    0.050,   -0.140,    0.000,    0.000,
    0.020,    0.000,    0.000,    0.000,
    0.000,    0.080,    0.000,    0.000,
    0.000,   -0.020,    0.000,    0.000,
    0.000,    0.090,    0.000,    0.000,
    0.000,    0.040,    0.000,    0.000,
    0.000,    0.050,    0.000,    0.000,
    0.000,    0.080,    0.000,    0.000,
    0.000,    0.120,    0.000,    0.000,
    0.000,    0.210,    0.000,    0.000,
    0.000,    0.190,    0.000,    0.000,
    0.110,   -1.370,    0.000,    0.000,
    0.050,   -1.080,    0.000,    0.000,
    0.040,   -1.150,    0.000,    0.000,
    0.000,   -0.800,    0.000,    0.000,
    0.000,   -0.170,    0.000,    0.000,
    0.020,   -0.400,    0.000,    0.000,
    0.070,   -1.000,    0.000,    0.000,
    0.100,   -1.740,    0.000,    0.000,
    0.100,   -2.170,    0.000,    0.000,
    0.070,   -2.210,    0.000,    0.000,
    0.070,   -2.200,    0.000,    0.000,
    0.100,   -2.650,    0.000,    0.000,
    0.050,   -2.070,    0.000,    0.000,
   -0.010,   -1.350,    0.000,    0.000,
    0.070,   -1.710,    0.000,    0.000,
    0.030,   -1.040,    0.000,    0.000,
    0.050,   -0.800,    0.000,    0.000,
    0.090,   -0.630,    0.000,    0.000,
    0.080,   -0.550,    0.000,    0.000,
    0.090,   -0.720,    0.000,    0.000,
    0.080,   -0.480,    0.000,    0.000,
    0.060,    0.170,    0.000,    0.000,
    0.070,    0.010,    0.000,    0.000,
    0.080,   -0.160,    0.000,    0.000,
    0.160,   -0.710,    0.000,    0.000,
    0.150,   -1.300,    0.000,    0.000,
    0.070,   -0.760,    0.000,    0.000,
    0.080,   -0.380,    0.000,    0.000,
    0.040,    0.020,    0.000,    0.000,
    0.040,    0.100,    0.000,    0.000,
    0.060,   -0.050,    0.000,    0.000,
    0.040,   -0.010,    0.000,    0.000,
    0.020,    0.150,    0.000,    0.880,
    0.040,    0.670,    0.000,    1.300,
    0.040,    1.080,    0.000,    2.650,
    0.010,    1.920,    0.000,    3.720,
    0.000,    2.810,    0.000,    4.360,
   -0.050,    3.960,    0.000,    4.620,
   -0.090,    4.600,    0.000,    4.680,
   -0.130,    5.240,    0.000,    4.710,
   -0.190,    5.980,    0.000,    4.680,
   -0.160,    6.630,    0.000,    4.650,
   -0.210,    7.800,    0.000,    3.840,
   -0.230,    9.050,    0.000,    1.230,
   -0.250,    9.460,    0.000,    1.200,
   -0.220,    9.880,    0.000,    0.000,
   -0.110,    9.620,    0.000,    0.000,
   -0.020,    8.180,    0.000,    0.000,
    0.030,    6.340,    0.000,    0.000,
    0.000,    5.500,    0.000,    0.000,
   -0.010,    4.700,    0.000,    0.000,
   -0.120,    5.170,    0.000,    0.000,
   -0.110,    4.580,    0.000,    0.000,
   -0.110,    4.860,    0.000,    0.000,
   -0.050,    4.380,    0.000,    0.000,
   -0.040,    3.400,    0.000,    0.000,
   -0.020,    3.020,    0.000,    0.000,
   -0.030,    1.930,    0.000,    0.000,
   -0.050,    2.350,    0.000,    0.000,
   -0.090,    2.120,    0.000,    0.000,
   -0.070,    2.400,    0.000,    0.000,
   -0.040,    1.270,    0.000,    0.000,
   -0.040,    0.780,    0.000,    0.000,
   -0.050,    0.950,    0.000,    0.000,
   -0.050,    0.520,    0.000,    0.000,
   -0.040,    0.300,    0.000,    0.000,
   -0.010,   -0.090,    0.000,    0.000,
    0.000,   -0.020,    0.000,    0.000,
    0.000,    0.060,    0.000,    0.000,
    0.000,    0.010,    0.000,    0.000,
    0.000,    0.010,    0.000,    0.000,
    0.000,    0.020,    0.000,    0.000,
    0.000,    0.020,    0.000,    0.000,
    0.000,    0.020,    0.000,    0.000,
    0.000,    0.010,    0.000,    0.000,
    0.000,   -0.090,    0.000,    0.000,
   -0.010,    0.080,    0.000,    0.000,
    0.000,   -0.050,    0.000,    0.000,
   -0.010,   -0.330,    0.000,    0.000,
   -0.010,   -0.440,    0.000,    0.000,
    0.000,   -0.400,    0.000,    0.000,
    0.000,   -0.520,    0.000,    0.000,
    0.000,   -0.520,    0.000,    0.000,
    0.000,   -0.720,    0.000,    0.000,
    0.000,   -0.380,    0.000,    0.000,
   -0.050,   -0.460,    0.000,    0.000,
   -0.020,   -0.450,    0.000,    0.000,
   -0.020,   -0.180,    0.000,    0.000,
   -0.020,   -0.220,    0.000,    0.000,
   -0.030,   -1.020,    0.000,    0.000,
   -0.030,   -0.150,    0.000,    0.000,
   -0.020,    0.090,    0.000,    0.000,
   -0.020,    0.540,    0.000,    0.000,
   -0.030,   -0.350,    0.000,    0.000,
   -0.080,   -0.130,    0.000,    0.000,
   -0.050,   -0.140,    0.000,    0.000,
   -0.040,   -0.130,    0.000,    0.000,
   -0.020,   -0.200,    0.000,    0.000,
   -0.040,   -0.150,    0.000,    0.000,
   -0.040,   -0.020,    0.000,    0.000,
   -0.070,   -0.250,    0.000,    0.000,
   -0.070,   -0.540,    0.000,    0.000,
   -0.060,   -0.520,    0.000,    0.000,
   -0.050,   -0.680,    0.000,    0.000,
   -0.060,   -0.410,    0.000,    0.000,
   -0.040,   -0.680,    0.000,    0.000,
   -0.030,   -0.090,    0.000,    0.000,
    0.000,    0.000,    0.000,    0.000,
   -0.030,   -0.380,    0.000,    0.000,
   -0.090,   -0.610,    0.000,    0.000,
   -0.170,   -0.560,    0.000,    0.000,
   -0.110,   -0.760,    0.000,    0.000,
    0.000,   -0.360,    0.000,    0.000,
    0.030,   -0.090,    0.000,    0.000,
   -0.040,   -0.170,    0.000,    0.000,
   -0.040,    0.080,    0.000,    0.000,
   -0.100,   -0.210,    0.000,    0.000,
   -0.070,   -0.420,    0.000,    0.000,
    0.030,    0.020,    0.000,    0.000,
    0.000,    0.800,    0.000,    0.000,
   -0.140,   -0.510,    0.000,    0.000,
   -0.090,   -0.230,    0.000,    0.000,
   -0.080,   -0.380,    0.000,    0.000,
   -0.050,   -0.460,    0.000,    0.000,
   -0.030,   -0.150,    0.000,    0.000,
   -0.090,   -0.660,    0.000,    0.000,
   -0.100,   -0.460,    0.000,    0.000,
   -0.130,   -0.870,    0.000,    0.000,
   -0.110,   -0.630,    0.000,    0.000,
   -0.130,   -0.620,    0.000,    0.000,
   -0.090,   -0.630,    0.000,    0.000,
   -0.070,   -0.720,    0.000,    0.000,
   -0.040,   -0.380,    0.000,    0.000,
   -0.010,   -0.010,    0.000,    0.000,
   -0.030,   -0.140,    0.000,    0.000,
   -0.170,   -0.680,    0.000,    0.000,
   -0.180,   -1.370,    0.000,    0.000,
   -0.140,   -1.420,    0.000,    0.000,
   -0.130,   -1.320,    0.000,    0.000,
   -0.140,   -1.230,    0.000,    0.000,
   -0.140,   -1.210,    0.000,    0.000,
   -0.170,   -1.420,    0.000,    0.000,
   -0.190,   -1.660,    0.000,    0.000,
   -0.150,   -1.520,    0.000,    0.000,
   -0.130,   -1.180,    0.000,    0.000,
   -0.160,   -1.340,    0.000,    0.000,
   -0.180,   -1.570,    0.000,    0.000,
   -0.180,   -1.970,    0.000,    0.000,
   -0.220,   -2.370,    0.000,    0.000,
   -0.240,   -2.440,    0.000,    0.000,
   -0.230,   -2.700,    0.000,    0.000,
   -0.250,   -2.600,    0.000,    0.000,
   -0.240,   -3.170,    0.000,    0.000,
   -0.240,   -3.730,    0.000,    0.000,
   -0.320,   -4.770,    0.000,    0.000,
   -0.320,   -5.260,    0.000,    0.000,
   -0.270,   -6.600,    0.000,    0.000,
   -0.230,   -7.040,    0.000,    0.000,
   -0.230,   -7.620,    0.000,    0.000,
   -0.200,   -7.830,    0.000,    0.000,
   -0.240,   -7.040,    0.000,    0.000,
   -0.220,   -7.730,    0.000,    0.000,
   -0.230,   -3.620,    0.000,    0.000,
   -0.160,   -1.480,    0.000,    0.000,
   -0.090,   -0.460,    0.000,    0.000,
   -0.040,    0.000,    0.000,    0.000,
    0.000,    0.110,    0.000,    0.000,
    0.010,    0.130,    0.000,    0.000,
    0.000,    0.100,    0.000,    0.000,
    0.000,    0.000,    0.000,    0.000,
    0.000,    0.020,    0.000,    0.000,
    0.000,    0.020,    0.000,    0.000,
    0.000,    0.020,    0.000,    0.000,
    0.000,    0.080,    0.000,    0.000,
    0.000,    0.010,    0.000,    0.000,
    0.000,    0.020,    0.000,    0.000,
    0.000,    0.000,    0.000,    0.000,
    0.000,    0.030,    0.000,    0.000,
    0.040,   -0.180,    0.000,    0.000,
    0.110,   -1.720,    0.000,    0.000,
    0.030,   -1.390,    0.000,    0.000,
   -0.020,   -0.570,    0.000,    0.000,
   -0.070,    0.050,    0.000,    0.000,
   -0.070,    1.150,    0.000,    0.000,
    0.010,    1.180,    0.000,    0.000,
    0.050,    0.170,    0.000,    0.000,
   -0.010,    0.770,    0.000,    0.000,
    0.040,    0.280,    0.000,    0.000,
    0.050,    0.010,    0.000,    0.000,
    0.100,   -0.650,    0.000,    0.000,
    0.100,   -1.100,    0.000,    0.000,
    0.040,   -1.030,    0.000,    0.000,
    0.100,   -1.680,    0.000,    0.000,
    0.070,   -1.630,   -0.150,    0.000,
   -0.010,   -2.300,   -0.150,    0.000,
    0.010,   -3.050,   -0.150,    0.000,
   -0.040,   -3.090,   -0.150,    0.000,
   -0.010,   -2.890,   -0.150,    0.000,
    0.020,   -3.710,   -0.150,    0.000,
    0.030,   -3.990,   -0.150,    0.000,
    0.000,   -3.720,   -0.150,    0.000,
    0.010,   -3.840,   -0.150,    0.000,
    0.080,   -4.020,   -0.150,    0.000,
    0.120,   -4.020,    0.000,    0.000,
    0.110,   -3.380,    0.000,    0.000,
    0.120,   -1.070,    0.000,    0.000,
    0.050,   -0.520,    0.000,    0.000,
   -0.010,   -0.630,    0.000,    0.000,
    0.060,   -0.060,    0.000,    0.000,
    0.010,   -0.020,    0.000,    0.000,
    0.000,   -0.040,    0.000,    0.000,
    0.000,   -0.010,    0.000,    0.000,
    0.000,   -0.030,    0.000,    0.000,
    0.000,    0.020,    0.000,    0.000,
    0.000,    0.010,    0.000,    0.000,
    0.000,    0.010,    0.000,    0.000,
    0.000,    0.030,    0.000,    0.000,
    0.000,    0.050,    0.000,    0.000,
    0.000,    0.080,    0.000,    0.000,
    0.020,   -0.070,    0.000,    0.000,
    0.000,   -0.120,    0.000,    0.000,
    0.050,   -0.300,    0.000,    0.000,
    0.090,   -0.540,    0.000,    0.000,
    0.080,   -0.470,    0.000,    0.000,
    0.070,   -0.060,    0.000,    0.000,
    0.100,   -0.670,    0.000,    0.000,
    0.070,   -0.340,    0.000,    0.000,
    0.050,    0.050,    0.000,    0.000,
    0.040,    0.030,    0.000,    0.000,
   -0.010,    0.450,    0.000,    0.000,
    0.020,    0.030,    0.000,    0.000,
   -0.050,    0.020,    0.000,    0.000,
    0.030,   -0.350,    0.000,    0.000,
    0.040,   -0.230,    0.000,    0.000,
    0.100,   -0.690,    0.000,    0.000,
    0.120,   -1.070,    0.000,    0.000,
    0.060,   -0.990,    0.000,    0.000,
    0.030,   -0.980,    0.000,    0.000,
    0.000,   -0.770,    0.000,    0.000,
   -0.020,   -0.730,    0.000,    0.000,
    0.000,    0.010,    0.000,    0.000,
    0.030,   -0.240,    0.000,    0.000,
    0.050,   -0.300,    0.000,    0.000,
    0.000,   -0.060,    0.000,    0.000,
    0.000,   -0.300,    0.000,    0.000,
    0.050,   -0.260,    0.000,    0.000,
    0.010,   -0.600,    0.000,    0.000,
    0.030,   -0.550,    0.000,    0.000,
    0.020,   -0.570,    0.000,    0.000,
   -0.020,    0.170,    0.000,    0.000,
    0.000,    0.100,    0.000,    0.000,
    0.010,   -0.060,    0.000,    0.000,
   -0.020,    0.020,    0.000,    0.000,
    0.000,    0.050,    0.000,    0.000,
    0.000,    0.060,    0.000,    0.000,
    0.010,    0.150,    0.000,    0.000,
    0.000,    0.080,    0.000,    0.000,
    0.030,   -0.020,    0.000,    0.000,
    0.000,    0.220,    0.000,    0.000,
   -0.010,    0.210,    0.000,    0.000,
   -0.020,    0.050,    0.000,    0.000,
    0.010,    0.310,    0.000,    0.000,
    0.070,    0.030,    0.000,    0.000,
    0.040,   -0.030,    0.000,    0.000,
    0.040,   -0.100,    0.000,    0.000,
    0.000,    0.090,    0.000,    0.000,
    0.000,    0.040,    0.000,    0.000,
   -0.010,    0.420,    0.000,    0.000,
   -0.050,    0.690,    0.000,    0.000,
   -0.010,    0.270,    0.000,    0.000,
    0.020,    0.680,    0.000,    0.000,
    0.040,    0.520,    0.000,    0.000,
    0.050,   -0.290,    0.000,    0.000,
    0.090,   -0.460,    0.000,    0.000,
    0.090,   -0.870,    0.000,    0.000,
    0.070,   -0.770,    0.000,    0.000,
    0.000,   -0.400,    0.000,    0.000,
   -0.010,   -0.200,    0.000,    0.000,
    0.040,   -0.040,    0.000,    0.000,
    0.010,   -0.110,    0.000,    0.000,
    0.000,   -0.050,    0.000,    0.000,
   -0.040,    0.350,    0.000,    0.000,
   -0.040,    0.350,    0.000,    0.000,
    0.000,    0.240,    0.000,    0.000,
    0.040,   -0.140,    0.000,    0.000,
    0.030,   -0.400,    0.000,    0.000,
    0.010,   -0.090,    0.000,    0.000,
   -0.040,    0.060,    0.000,    0.000,
   -0.020,    0.060,    0.000,    0.000,
   -0.010,    0.360,    0.000,    0.000,
    0.020,    0.160,    0.000,    0.000,
    0.010,   -0.140,    0.000,    0.000,
   -0.030,   -0.030,    0.000,    0.000,
   -0.070,    0.100,    0.000,    0.000,
   -0.090,    0.160,    0.000,    0.000,
   -0.100,    0.210,    0.000,    0.000,
   -0.120,    0.300,    0.000,    0.000,
   -0.120,    0.300,    0.000,    0.000,
   -0.110,    0.230,    0.000,    0.000,
   -0.100,    0.080,    0.000,    0.000,
   -0.090,    0.130,    0.000,    0.000,
   -0.080,    0.070,    0.000,    0.000,
   -0.070,    0.000,    0.000,    0.000,
   -0.050,    0.010,   -0.150,    0.000,
   -0.050,   -0.070,   -0.150,    0.000,
   -0.020,   -0.140,    0.000,    0.000,
    0.000,   -0.130,    0.000,    0.000,
    0.000,    0.060,    0.000,    0.000,
    0.000,    0.030,    0.000,    0.000,
    0.000,    0.010,    0.000,    0.000,
    0.000,    0.090,    0.000,    0.000,
   -0.010,    0.300,    0.000,    0.000,
   -0.080,   -0.110,    0.000,    0.000,
   -0.050,   -0.090,    0.000,    0.000,
   -0.040,    0.040,    0.000,    0.000,
   -0.060,   -0.010,    0.000,    0.000,
   -0.020,    0.340,    0.000,    0.000,
   -0.050,    0.030,    0.000,    0.000,
   -0.010,   -0.100,    0.000,    0.000,
    0.000,    0.050,    0.000,    0.000,
   -0.010,   -0.180,    0.000,    0.000,
   -0.050,   -0.150,    0.000,    0.000,
   -0.030,   -0.130,    0.000,    0.000,
   -0.040,   -0.370,    0.000,    0.000,
   -0.040,   -0.260,    0.000,    0.000,
   -0.030,   -0.180,    0.000,    0.000,
   -0.020,   -0.110,    0.000,    0.000,
   -0.030,   -0.060,    0.000,    0.000,
   -0.010,   -0.030,    0.000,    0.000,
   -0.010,   -0.230,    0.000,    0.000,
   -0.010,   -0.150,    0.000,    0.000,
   -0.020,   -0.210,    0.000,    0.000,
   -0.040,   -0.390,    0.000,    0.000,
   -0.020,   -0.120,    0.000,    0.000,
   -0.030,   -0.240,    0.000,    0.000,
   -0.050,   -0.170,    0.000,    0.000,
   -0.020,   -0.100,    0.000,    0.000,
   -0.030,   -0.080,    0.000,    0.000,
   -0.010,   -0.030,    0.000,    0.000,
    0.000,   -0.100,    0.000,    0.000,
    0.000,   -0.280,    0.000,    0.000,
   -0.010,   -0.140,    0.000,    0.000,
    0.010,    0.330,    0.000,    0.000,
   -0.020,    0.130,    0.000,    0.000,
   -0.060,   -0.240,    0.000,    0.000,
   -0.080,   -0.320,    0.000,    0.000,
   -0.070,   -0.050,    0.000,    0.000,
   -0.060,   -0.390,    0.000,    0.000,
   -0.070,   -0.520,    0.000,    0.000,
   -0.090,   -0.480,    0.000,    0.000,
   -0.090,   -0.390,    0.000,    0.000,
   -0.070,   -0.230,    0.000,    0.000,
   -0.090,   -0.300,    0.000,    0.000,
   -0.040,   -0.170,    0.000,    0.000,
    0.000,   -0.440,    0.000,    0.000,
   -0.020,   -0.440,    0.000,    0.000,
   -0.040,   -0.050,    0.000,    0.000,
   -0.060,   -0.060,    0.000,    0.000,
   -0.080,   -0.370,    0.000,    0.000,
   -0.100,   -0.570,    0.000,    0.000,
   -0.080,   -0.710,    0.000,    0.000,
   -0.100,   -0.880,    0.000,    0.000,
   -0.100,   -0.680,    0.000,    0.000,
    0.010,   -0.250,    0.000,    0.000,
    0.040,    0.060,    0.000,    0.000,
    0.040,    0.590,    0.000,    0.000,
   -0.060,   -0.260,    0.000,    0.000,
   -0.140,   -0.420,    0.000,    0.000,
   -0.170,   -0.920,    0.000,    0.000,
   -0.140,   -0.570,    0.000,    0.000,
   -0.110,   -0.320,    0.000,    0.000,
   -0.090,   -0.560,    0.000,    0.000,
    0.050,   -0.140,    0.000,    0.000,
    0.060,    0.220,    0.000,    0.000,
    0.000,    0.130,    0.000,    0.000,
   -0.050,   -0.250,    0.000,    0.000,
   -0.110,   -0.290,    0.000,    0.000,
   -0.030,   -0.030,    0.000,    0.000,
   -0.030,   -0.090,    0.000,    0.000,
   -0.010,   -0.190,    0.000,    0.000,
   -0.040,   -0.220,    0.000,    0.000,
   -0.040,   -0.150,    0.000,    0.000,
   -0.050,   -0.100,    0.000,    0.000,
   -0.010,   -0.030,    0.000,    0.000,
   -0.010,   -0.240,    0.000,    0.000,
   -0.040,   -0.280,    0.000,    0.000,
   -0.130,   -0.180,    0.000,    0.000,
   -0.110,   -0.330,    0.000,    0.000,
   -0.060,   -0.320,    0.000,    0.000,
    0.010,   -0.140,    0.000,    0.000,
    0.000,   -0.360,    0.000,    0.000,
    0.000,   -0.340,    0.000,    0.000,
   -0.020,   -0.190,    0.000,    0.000,
   -0.040,    0.000,    0.000,    0.000,
   -0.070,   -0.140,    0.000,    0.000,
   -0.020,   -0.060,    0.000,    0.000,
   -0.040,   -0.060,    0.000,    0.000,
   -0.030,   -0.150,    0.000,    0.000,
    0.000,   -0.260,    0.000,    0.820,
    0.000,   -0.080,    0.000,    1.170,
    0.020,    0.290,    0.000,    3.520,
    0.080,    1.390,    0.000,    4.200,
    0.100,    2.760,    0.000,    4.360,
    0.130,    3.520,    0.000,    4.360,
    0.130,    4.220,    0.000,    4.360,
    0.140,    4.360,    0.000,    4.330,
    0.140,    4.150,    0.000,    4.330,
    0.130,    4.160,    0.000,    4.260,
    0.080,    4.170,    0.000,    4.260,
    0.060,    3.950,    0.000,    4.260,
    0.020,    3.920,    0.000,    4.260,
    0.020,    3.860,    0.000,    4.260,
    0.010,    3.730,    0.000,    4.260,
    0.000,    3.690,    0.000,    4.260,
    0.010,    3.610,    0.000,    4.260,
    0.010,    3.530,    0.000,    4.260,
    0.020,    3.420,    0.000,    4.260,
    0.010,    3.490,    0.000,    4.260,
    0.000,    3.640,    0.000,    4.260,
    0.000,    3.760,    0.000,    4.260,
    0.000,    3.780,    0.000,    4.260,
    0.000,    3.750,    0.000,    4.230,
    0.000,    3.760,    0.280,    4.230,
    0.070,    4.090,    0.450,    3.940,
    0.170,    4.310,    0.470,    3.360,
    0.220,    4.040,    0.500,    1.650,
    0.290,    3.080,    0.880,    0.000,
    0.450,    2.200,    0.890,    0.000,
    0.600,    1.580,    0.900,    0.000,
    0.680,    1.090,    0.900,    0.000,
    0.720,    0.790,    0.900,    0.000,
    0.750,    0.740,    0.900,    0.000,
    0.780,    0.740,    0.880,    0.000,
    0.780,    0.580,    0.880,    0.000,
    0.810,    0.450,    0.880,   -0.720,
    0.820,   -0.100,    0.880,   -3.050,
    0.850,   -1.160,    0.880,   -3.720,
    0.840,   -2.410,    0.880,   -3.800,
    0.830,   -3.160,    0.880,   -3.800,
    0.840,   -3.710,    0.880,   -3.800,
    0.830,   -3.770,    0.880,   -3.640,
    0.810,   -3.770,    0.870,   -1.200,
    0.820,   -2.880,    0.880,    0.000,
    0.850,   -1.840,    0.880,    0.000,
    0.900,   -0.810,    0.880,    0.000,
    0.850,   -0.380,    0.880,    0.000,
    0.830,   -0.130,    0.870,    0.000,
    0.840,    0.190,    0.880,    0.000,
    0.830,    0.360,    0.890,    0.000,
    0.840,    0.320,    0.900,    0.000,
    0.870,    0.290,    0.920,    0.000,
    0.880,    0.280,    0.950,    0.000,
    0.900,    0.280,    0.960,    0.000,
    0.910,    0.370,    0.970,    0.000,
    0.950,    0.460,    0.980,    0.000,
    0.940,    0.310,    0.980,    0.000,
    0.960,    0.510,    0.990,    0.000,
    0.970,    0.700,    1.140,    0.000,
    1.030,    0.480,    1.150,    0.000,
    1.100,    0.550,    1.160,    0.000,
    1.100,    0.320,    1.160,    0.000,
    1.120,    0.310,    1.150,    0.000,
    1.150,    0.170,    1.150,    0.000,
    1.140,    0.450,    1.140,    0.000,
    1.160,    0.370,    1.120,    0.000,
    1.170,    0.300,    1.120,    0.000,
    1.150,    0.280,    1.110,    0.000,
    1.130,    0.440,    1.110,    0.000,
    1.160,    0.500,    1.110,    0.000,
    1.160,    0.490,    1.110,    0.000,
    1.150,    0.350,    1.100,    0.000,
    1.150,    0.330,    1.110,    0.000,
    1.150,    0.340,    1.110,    0.000,
    1.140,    0.500,    1.110,    0.000,
    1.150,    0.400,    1.110,   -0.800,
    1.150,   -0.040,    1.110,   -1.150,
    1.140,   -0.280,    1.120,   -2.090,
    1.170,   -0.980,    1.120,   -2.270,
    1.160,   -1.570,    1.120,   -2.250,
    1.170,   -1.840,    1.120,   -2.190,
    1.170,   -1.880,    1.120,    0.000,
    1.180,   -1.420,    1.120,    0.000,
    1.180,   -0.820,    1.120,    0.000,
    1.180,   -0.330,    1.120,    0.000,
    1.170,    0.030,    1.120,    0.000,
    1.180,    0.230,    1.120,    0.000,
    1.190,    0.240,    1.120,    0.000,
    1.190,    0.170,    1.120,    0.000,
    1.160,    0.350,    1.120,    0.000,
    1.180,    0.440,    1.120,    0.000,
    1.180,    0.390,    1.120,   -1.580,
    1.180,   -0.250,    1.110,   -2.060,
    1.170,   -0.830,    1.080,   -2.680,
    1.170,   -1.430,    1.060,   -2.700,
    1.140,   -2.150,    0.950,   -3.050,
    1.070,   -2.590,    0.800,   -3.610,
    1.010,   -2.860,    0.640,   -3.930,
    0.900,   -3.420,    0.200,   -4.420,
    0.640,   -4.740,    0.000,   -4.660,
    0.420,   -5.390,    0.000,   -5.220,
    0.280,   -5.690,    0.000,   -5.380,
    0.150,   -5.780,    0.000,   -5.860,
    0.060,   -5.990,    0.000,   -5.970,
    0.010,   -5.910,    0.000,   -6.130,
   -0.020,   -6.040,    0.000,   -6.400,
   -0.020,   -6.190,    0.000,   -6.450,
   -0.020,   -6.320,    0.000,   -6.910,
   -0.020,   -6.630,    0.000,   -7.360,
    0.000,   -7.120,    0.000,   -7.630,
   -0.010,   -7.440,    0.000,   -7.680,
   -0.020,   -7.440,    0.000,   -8.430,
   -0.020,   -7.900,    0.000,   -8.780,
   -0.030,   -8.510,    0.000,   -8.860,
   -0.010,   -8.880,    0.000,   -8.940,
   -0.010,   -9.020,    0.000,   -9.240,
   -0.010,   -9.440,    0.000,   -9.560,
   -0.020,   -9.690,    0.000,  -10.760,
   -0.040,  -10.420,    0.000,  -12.560,
   -0.040,  -11.620,    0.000,  -12.560,
   -0.030,  -12.630,    0.000,  -12.560,
   -0.020,  -13.200,    0.000,  -12.560,
   -0.030,  -13.280,    0.000,  -12.560,
   -0.020,  -13.420,    0.000,  -12.560,
    0.000,  -13.750,    0.000,  -12.560,
   -0.020,  -13.820,    0.000,  -12.560,
   -0.030,  -13.830,    0.000,  -12.560,
   -0.010,  -13.880,    0.000,  -12.560,
   -0.010,  -13.910,    0.000,  -12.560,
   -0.030,  -13.860,    0.000,  -12.560,
   -0.040,  -13.880,    0.000,  -12.560,
   -0.020,  -13.910,    0.000,  -12.560,
   -0.010,  -13.920,    0.000,  -12.560,
   -0.050,  -13.760,    0.000,   -7.740,
   -0.010,  -13.100,    0.000,   -7.470,
    0.000,  -11.210,    0.000,   -7.170,
   -0.010,  -10.130,    0.000,   -6.750,
   -0.020,   -9.120,    0.000,   -6.670,
   -0.030,   -8.130,    0.000,   -6.510,
   -0.020,   -7.560,    0.000,   -6.420,
   -0.010,   -7.070,    0.000,   -5.540,
   -0.010,   -6.690,    0.000,   -4.840,
   -0.020,   -6.040,    0.000,   -4.040,
    0.000,   -5.160,    0.000,   -3.720,
    0.000,   -4.600,    0.000,   -3.720,
   -0.020,   -3.860,    0.000,   -3.750,
   -0.010,   -3.400,    0.000,   -3.750,
   -0.030,   -3.070,    0.000,   -3.770,
   -0.010,   -2.960,    0.000,   -3.800,
   -0.020,   -3.010,    0.000,   -3.800,
   -0.020,   -3.070,    0.000,   -3.800,
   -0.010,   -3.090,    0.000,   -3.800,
   -0.010,   -3.140,    0.000,   -3.800,
   -0.010,   -3.230,    0.000,   -3.800,
    0.000,   -3.210,    0.000,   -3.750,
    0.000,   -3.180,    0.000,   -1.470,
    0.000,   -2.700,    0.000,    0.000,
    0.000,   -1.030,    0.000,    0.000,
    0.000,   -0.430,    0.000,    0.000,
    0.000,   -0.140,    0.330,    0.000,
    0.040,    0.030,    0.360,    0.000,
    0.090,    0.340,    0.450,    0.000,
    0.170,    0.470,    0.540,    0.000,
    0.250,    0.420,    0.600,    0.000,
    0.320,    0.400,    0.610,    0.000,
    0.390,    0.310,    0.610,    0.000,
    0.450,    0.410,    0.620,    0.000,
    0.450,    0.510,    0.620,    0.000,
    0.480,    0.450,    0.610,    0.000,
    0.490,    0.260,    0.610,    0.000,
    0.500,    0.380,    0.610,    0.000,
    0.490,    0.220,    0.610,    0.000,
    0.510,    0.190,    0.610,    0.000,
    0.520,    0.540,    0.610,    0.000,
    0.520,    0.380,    0.610,    0.000,
    0.520,    0.280,    0.610,    0.000,
    0.520,    0.350,    0.610,    0.650,
    0.530,    0.900,    0.610,    0.850,
    0.520,    1.160,    0.610,    1.230,
    0.500,    1.530,    0.610,    2.360,
    0.510,    2.060,    0.610,    2.680,
    0.490,    2.900,    0.610,    2.650,
    0.510,    3.160,    0.610,    2.140,
    0.500,    2.940,    0.600,    0.000,
    0.520,    2.060,    0.610,    0.000,
    0.510,    1.070,    0.600,    0.000,
    0.530,    0.700,    0.600,    0.000,
    0.500,    0.390,    0.600,    0.000,
    0.490,    0.520,    0.600,    0.000,
    0.490,    0.690,    0.600,    0.000,
    0.480,    0.550,    0.600,    0.000,
    0.480,    0.500,    0.600,    0.000,
    0.490,    0.410,    0.600,    0.000,
    0.500,    0.220,    0.600,   -1.550,
    0.510,   -0.460,    0.600,   -1.980,
    0.510,   -1.190,    0.600,   -1.980,
    0.510,   -1.600,    0.600,   -1.980,
    0.500,   -1.620,    0.600,   -1.980,
    0.480,   -1.760,    0.600,   -1.980,
    0.480,   -1.840,    0.600,   -1.980,
    0.480,   -1.800,    0.600,   -1.980,
    0.490,   -2.120,    0.600,   -1.980,
    0.490,   -2.010,    0.600,   -1.980,
    0.490,   -2.050,    0.600,   -1.980,
    0.490,   -1.950,    0.600,   -1.980,
    0.490,   -1.720,    0.600,   -1.980,
    0.500,   -1.900,    0.580,   -1.950,
    0.480,   -2.080,    0.580,   -1.930,
    0.490,   -1.930,    0.550,   -0.640,
    0.480,   -1.350,    0.540,    0.000,
    0.470,   -0.600,    0.530,    0.000,
    0.460,   -0.170,    0.510,    0.000,
    0.460,    0.020,    0.510,    0.000,
    0.450,    0.200,    0.500,    0.000,
    0.410,    0.220,    0.500,    0.000,
    0.400,    0.350,    0.500,    0.000,
    0.390,    0.420,    0.500,    0.000,
    0.400,    0.300,    0.500,    0.000,
    0.390,    0.210,    0.500,    0.000,
    0.380,    0.210,    0.500,    0.000,
    0.390,    0.300,    0.500,    0.000,
    0.400,    0.360,    0.500,    0.000,
    0.400,    0.280,    0.500,    0.000,
    0.400,    0.270,    0.500,    0.000,
    0.390,    0.220,    0.500,    0.000,
    0.410,    0.040,    0.500,    0.000,
    0.400,    0.150,    0.500,    0.000,
    0.400,    0.220,    0.500,    0.000,
    0.400,    0.240,    0.500,    0.000,
    0.390,    0.230,    0.500,   -1.610,
    0.390,   -0.660,    0.500,   -2.460,
    0.400,   -1.530,    0.500,   -2.650,
    0.400,   -2.200,    0.500,   -2.600,
    0.410,   -2.250,    0.500,   -1.630,
    0.390,   -2.110,    0.500,    0.000,
    0.420,   -1.180,    0.500,    0.000,
    0.400,   -0.350,    0.500,    0.000,
    0.400,    0.090,    0.500,    0.000,
    0.380,    0.360,    0.500,    0.000,
    0.380,    0.340,    0.490,    0.000,
    0.380,    0.320,    0.480,    0.000,
    0.370,    0.260,    0.470,    0.000,
    0.370,    0.280,    0.200,    0.000,
    0.310,    0.290,    0.000,    0.000,
    0.180,    0.000,    0.000,    0.000,
    0.070,    0.030,    0.000,    0.000,
    0.000,    0.020,    0.000,    0.000,
   -0.020,    0.010,    0.000,    0.000,
   -0.010,    0.040,    0.000,    0.650,
    0.000,    0.060,    0.000,    0.750,
    0.000,    0.010,    0.000,    0.780,
    0.000,    0.030,    0.000,    0.780,
    0.000,    0.010,    0.000,    0.750,
    0.000,    0.020,    0.000,    0.750,
    0.000,    0.020,    0.000,    0.750,
    0.000,    0.020,    0.000,    0.750,
    0.000,    0.020,    0.000,    0.750,
    0.000,    0.020,    0.000,    0.780,
    0.000,    0.020,    0.000,    0.780,
    0.000,    0.020,    0.000,    0.820,
    0.000,    0.020,    0.000,    1.300,
    0.000,    0.200,    0.000,    1.620,
    0.000,    0.230,    0.000,    1.620,
    0.000,    0.180,    0.000,    1.590,
    0.000,    0.220,    0.000,    1.590,
    0.000,    0.280,    0.000,    1.560,
    0.000,    0.390,    0.000,    1.460,
    0.000,    0.500,    0.000,    1.460,
    0.000,    0.680,    0.000,    1.460,
    0.000,    0.600,    0.000,    1.460,
   -0.010,    0.310,    0.000,    1.460,
   -0.010,    0.160,    0.000,    1.460,
    0.000,    0.080,    0.000,    1.430,
    0.000,    0.100,    0.000,    0.910,
    0.000,   -0.130,    0.000,    0.000,
    0.000,   -0.180,    0.000,    0.000,
    0.000,    0.000,    0.000,    0.000,
    0.000,    0.020,    0.000,    0.000,
    0.000,    0.020,    0.000,    0.000,
    0.000,    0.020,    0.000,    0.000,
    0.000,    0.020,    0.000,    0.000,
