    0.000,    0.000,    0.000,    0.000,
    0.000,    0.010,    0.000,    0.000,
    0.010,    0.000,    0.000,    0.000,
    0.000,    0.000,    0.000,    0.000,
   -0.020,    0.000,    0.000,    0.000,
   -0.010,    0.010,    0.000,    0.000,
   -0.010,    0.010,    0.000,    0.000,
    0.000,    0.010,    0.000,    0.000,
    0.000,    0.000,    0.000,    0.000,
    0.010,    0.000,    0.000,    0.000,
    0.000,    0.000,    0.000,    0.000,
   -0.010,    0.000,    0.000,    0.000,
   -0.010,    0.010,    0.000,    0.000,
   -0.020,    0.020,    0.000,    0.000,
    0.000,    0.020,    0.000,    0.000,
    0.000,    0.020,    0.000,    0.000,
    0.010,    0.010,    0.000,    0.000,
    0.000,    0.010,    0.000,    0.000,
    0.000,    0.000,    0.000,    0.000,
    0.000,    0.000,    0.000,    0.000,
    0.010,    0.000,    0.000,    0.000,
    0.000,    0.000,    0.000,    0.000,
    0.000,    0.000,    0.000,    0.000,
   -0.010,    0.000,    0.000,    0.000,
    0.000,    0.020,    0.000,    0.000,
   -0.010,    0.020,    0.000,    0.000,
    0.000,    0.010,    0.000,    0.000,
    0.000,    0.000,    0.000,    0.000,
    0.000,    0.000,    0.000,    0.000,
    0.000,    0.000,    0.000,    0.000,
    0.000,    0.000,    0.000,    0.000,
    0.000,    0.000,    0.000,    0.000,
    0.000,    0.000,    0.000,    0.000,
    0.000,    0.000,    0.000,    0.000,
    0.000,    0.000,    0.000,    0.000,
    0.000,    0.000,    0.000,    0.000,
    0.000,    0.000,    0.000,    0.000,
    0.000,    0.000,    0.000,    0.000,
    0.000,    0.000,    0.000,    0.000,
    0.000,    0.000,    0.000,    0.000,
    0.000,    0.000,    0.000,    0.210,
    0.000,    0.020,    0.000,    0.410,
    0.010,    0.110,    0.000,    0.520,
    0.010,    0.220,    0.000,    0.530,
    0.070,    0.310,    0.000,    0.520,
    0.050,    0.360,    0.000,    0.520,
    0.040,    0.380,    0.000,    0.520,
    0.000,    0.390,    0.000,    0.520,
    0.040,    0.430,    0.000,    0.520,
    0.010,    0.450,    0.000,    0.520,
    0.000,    0.420,    0.000,    0.520,
   -0.010,    0.430,    0.000,    0.520,
    0.000,    0.430,    0.000,    0.510,
    0.010,    0.410,    0.000,    0.520,
    0.030,    0.410,    0.000,    0.510,
    0.050,    0.420,    0.000,    0.510,
    0.070,    0.410,    0.000,    0.500,
    0.060,    0.410,    0.000,    0.500,
    0.030,    0.410,    0.000,    0.520,
    0.020,    0.430,    0.000,    0.540,
    0.020,    0.440,    0.000,    0.570,
    0.030,    0.470,    0.000,    0.790,
    0.040,    0.590,    0.000,    1.060,
    0.070,    0.790,    0.000,    1.060,
    0.060,    0.860,    0.000,    1.000,
    0.040,    0.890,    0.000,    0.950,
    0.050,    0.880,    0.000,    0.910,
    0.050,    0.900,    0.000,    0.910,
    0.030,    0.910,    0.000,    0.850,
    0.010,    0.890,    0.000,    0.800,
    0.000,    0.860,    0.000,    0.840,
    0.000,    0.880,    0.000,    0.870,
    0.010,    0.880,    0.000,    0.910,
    0.000,    0.900,    0.000,    0.910,
    0.000,    0.910,    0.000,    0.910,
    0.010,    0.920,    0.000,    0.910,
    0.050,    0.920,    0.000,    0.910,
    0.040,    0.920,    0.000,    0.910,
    0.040,    0.930,    0.000,    0.920,
    0.030,    0.940,    0.000,    0.930,
    0.020,    0.950,    0.000,    0.930,
    0.030,    0.950,    0.000,    0.950,
    0.050,    0.960,    0.000,    1.020,
    0.070,    1.000,    0.000,    1.040,
    0.050,    1.040,    0.000,    1.040,
    0.040,    1.040,    0.000,    1.030,
    0.060,    1.050,    0.000,    1.010,
    0.100,    1.060,    0.000,    0.990,
    0.060,    1.040,    0.000,    0.990,
    0.030,    1.050,    0.000,    1.000,
    0.010,    1.050,    0.000,    1.000,
    0.050,    1.040,    0.000,    1.000,
    0.080,    1.040,    0.000,    1.010,
    0.100,    1.040,    0.000,    1.080,
    0.100,    1.070,    0.000,    1.290,
    0.110,    1.190,    0.000,    1.390,
    0.160,    1.320,    0.000,    1.420,
    0.240,    1.420,    0.000,    1.420,
    0.220,    1.450,    0.000,    1.420,
    0.230,    1.480,    0.000,    1.420,
    0.090,    1.450,    0.000,    1.420,
    0.020,    1.470,    0.000,    1.420,
    0.090,    1.500,    0.000,    1.420,
    0.070,    1.490,    0.000,    1.420,
    0.010,    1.510,    0.000,    1.420,
   -0.020,    1.540,    0.000,    1.420,
   -0.070,    1.550,    0.000,    1.420,
   -0.130,    1.540,    0.000,    1.400,
   -0.170,    1.550,    0.000,    1.390,
   -0.220,    1.530,    0.000,    1.390,
   -0.290,    1.500,    0.000,    1.390,
   -0.300,    1.490,    0.000,    1.390,
   -0.340,    1.470,    0.000,    1.390,
   -0.350,    1.460,    0.000,    1.380,
   -0.290,    1.470,    0.000,    1.390,
   -0.300,    1.480,    0.000,    1.400,
   -0.360,    1.440,    0.000,    1.420,
   -0.330,    1.450,    0.000,    1.430,
   -0.340,    1.450,    0.000,    1.430,
   -0.340,    1.450,    0.000,    1.430,
   -0.340,    1.440,    0.000,    1.430,
   -0.280,    1.460,    0.000,    1.430,
   -0.270,    1.480,    0.000,    1.440,
   -0.310,    1.470,    0.000,    1.440,
   -0.370,    1.450,    0.000,    1.440,
   -0.370,    1.410,    0.000,    1.440,
   -0.340,    1.440,    0.000,    1.440,
   -0.310,    1.460,    0.000,    1.440,
   -0.330,    1.440,    0.000,    1.440,
   -0.360,    1.430,    0.000,    1.440,
   -0.320,    1.420,    0.000,    1.440,
   -0.340,    1.430,    0.000,    1.430,
   -0.360,    1.390,    0.000,    1.440,
   -0.410,    1.410,    0.000,    1.430,
   -0.350,    1.440,    0.000,    1.420,
   -0.480,    1.360,    0.000,    1.400,
   -0.320,    1.440,    0.000,    1.400,
   -0.270,    1.370,    0.000,    1.400,
   -0.370,    1.300,    0.000,    1.400,
   -0.370,    1.360,    0.000,    1.400,
   -0.310,    1.400,    0.000,    1.400,
   -0.300,    1.290,    0.000,    1.390,
   -0.330,    1.300,    0.000,    1.400,
   -0.210,    1.370,    0.000,    1.390,
   -0.390,    1.200,    0.000,    1.390,
   -0.140,    1.280,    0.000,    1.390,
   -0.140,    1.320,    0.000,    1.380,
   -0.300,    1.230,    0.000,    1.360,
   -0.230,    1.200,    0.000,    1.340,
   -0.270,    1.200,    0.000,    1.320,
    0.020,    1.160,    0.000,    1.300,
    0.230,    1.220,    0.000,    1.290,
    0.040,    1.220,    0.000,    1.060,
   -0.160,    1.000,    0.000,    0.740,
   -0.340,    0.720,    0.000,    0.000,
   -0.260,    0.370,    0.000,    0.000,
   -0.260,    0.230,    0.000,    0.000,
   -0.200,    0.110,    0.000,    0.000,
   -0.160,    0.060,    0.000,    0.000,
   -0.110,    0.020,    0.000,    0.000,
   -0.070,    0.000,    0.000,    0.000,
   -0.020,   -0.010,    0.000,    0.000,
   -0.020,   -0.020,    0.000,    0.000,
    0.000,   -0.020,    0.000,    0.000,
    0.000,   -0.020,    0.000,    0.000,
    0.010,   -0.020,    0.000,    0.000,
    0.010,   -0.010,    0.000,    0.000,
    0.020,    0.000,    0.000,    0.000,
    0.000,   -0.010,    0.000,    0.000,
   -0.020,   -0.020,    0.000,    0.000,
    0.000,   -0.020,    0.000,    0.000,
    0.000,   -0.020,    0.000,    0.000,
    0.010,   -0.030,    0.000,    0.000,
    0.000,   -0.030,    0.000,    0.000,
    0.000,   -0.030,    0.000,    0.000,
    0.030,   -0.040,    0.000,    0.000,
    0.040,   -0.030,    0.000,    0.000,
    0.010,   -0.020,    0.000,    0.000,
    0.030,   -0.010,    0.000,    0.000,
    0.020,    0.000,    0.000,    0.000,
   -0.010,    0.000,    0.000,    0.000,
   -0.020,   -0.030,    0.000,    0.000,
   -0.010,   -0.020,    0.000,    0.000,
    0.000,   -0.020,    0.000,    0.000,
   -0.020,   -0.030,    0.000,    0.000,
    0.000,   -0.040,    0.000,    0.000,
    0.030,   -0.040,    0.000,    0.000,
    0.040,   -0.020,    0.000,    0.000,
    0.000,   -0.020,    0.000,    0.000,
    0.020,   -0.030,    0.000,    0.000,
    0.020,   -0.010,    0.000,    0.000,
    0.000,    0.000,    0.000,    0.000,
   -0.010,   -0.030,    0.000,    0.000,
    0.000,   -0.010,    0.000,    0.000,
    0.000,   -0.020,    0.000,    0.000,
    0.000,   -0.040,    0.000,    0.000,
    0.010,   -0.030,    0.000,    0.000,
    0.030,   -0.030,    0.000,    0.000,
    0.030,   -0.030,    0.000,    0.000,
    0.020,   -0.030,    0.000,    0.000,
    0.010,   -0.010,    0.000,    0.000,
    0.020,    0.000,    0.000,    0.000,
    0.000,   -0.010,    0.000,    0.000,
    0.000,   -0.040,    0.000,    0.000,
    0.000,   -0.010,    0.000,    0.000,
    0.000,   -0.020,    0.000,    0.000,
   -0.010,   -0.050,    0.000,    0.000,
    0.010,   -0.040,    0.000,    0.000,
    0.020,   -0.020,    0.000,    0.000,
    0.020,   -0.020,    0.000,    0.000,
    0.010,   -0.020,    0.000,    0.000,
    0.020,    0.000,    0.000,    0.000,
    0.010,    0.000,    0.000,    0.000,
   -0.010,   -0.020,    0.000,    0.000,
    0.000,   -0.030,    0.000,    0.000,
    0.000,   -0.020,    0.000,    0.000,
    0.000,   -0.020,    0.000,    0.000,
    0.000,   -0.040,    0.000,    0.000,
    0.020,   -0.030,    0.000,    0.000,
    0.020,   -0.010,    0.000,    0.000,
    0.020,   -0.030,    0.000,    0.000,
    0.000,   -0.030,    0.000,    0.000,
    0.000,    0.000,    0.000,    0.000,
    0.000,    0.000,    0.000,    0.000,
   -0.010,   -0.030,    0.000,    0.000,
    0.000,   -0.020,    0.000,    0.000,
    0.000,   -0.020,    0.000,    0.000,
    0.000,   -0.030,    0.000,    0.000,
    0.000,   -0.050,    0.000,    0.000,
    0.020,   -0.040,    0.000,    0.000,
    0.010,   -0.010,    0.000,    0.000,
    0.020,   -0.020,    0.000,    0.000,
    0.020,   -0.030,    0.000,    0.000,
    0.010,    0.000,    0.000,    0.000,
    0.000,    0.000,    0.000,    0.000,
   -0.020,   -0.020,    0.000,    0.000,
   -0.010,   -0.020,    0.000,    0.000,
   -0.010,   -0.030,    0.000,    0.000,
    0.000,   -0.020,    0.000,    0.000,
    0.000,   -0.050,    0.000,    0.000,
    0.000,   -0.030,    0.000,    0.000,
    0.010,   -0.020,    0.000,    0.000,
    0.030,   -0.020,    0.000,    0.000,
    0.000,   -0.020,    0.000,    0.000,
    0.000,   -0.010,    0.000,    0.000,
    0.000,    0.000,    0.000,    0.000,
    0.010,    0.000,    0.000,    0.000,
   -0.020,    0.000,    0.000,    0.000,
   -0.030,   -0.010,    0.000,    0.000,
    0.000,   -0.020,    0.000,    0.000,
    0.010,   -0.020,    0.000,    0.000,
   -0.010,   -0.020,    0.000,    0.000,
   -0.010,   -0.040,    0.000,    0.000,
    0.010,   -0.030,    0.000,    0.000,
    0.030,    0.000,    0.000,    0.000,
    0.010,   -0.010,    0.000,    0.000,
    0.000,   -0.020,    0.000,    0.000,
    0.010,   -0.010,    0.000,    0.000,
    0.000,    0.000,    0.000,    0.000,
    0.000,   -0.020,    0.000,    0.000,
   -0.020,   -0.020,    0.000,    0.000,
   -0.030,   -0.020,    0.000,    0.000,
   -0.010,   -0.030,    0.000,    0.000,
   -0.010,   -0.030,    0.000,    0.000,
    0.000,   -0.040,    0.000,    0.000,
    0.000,   -0.050,    0.000,    0.000,
   -0.010,   -0.050,    0.000,    0.000,
    0.010,   -0.030,    0.000,    0.000,
    0.040,   -0.030,    0.000,    0.000,
    0.020,   -0.010,    0.000,    0.000,
    0.010,   -0.020,    0.000,    0.000,
    0.000,   -0.010,    0.000,    0.000,
    0.010,   -0.030,    0.000,    0.000,
    0.000,   -0.010,    0.000,    0.000,
    0.000,    0.010,    0.000,    0.000,
    0.000,    0.000,    0.000,    0.000,
   -0.030,   -0.010,    0.000,    0.000,
   -0.030,   -0.030,    0.000,    0.000,
   -0.010,   -0.030,    0.000,    0.000,
    0.000,   -0.030,    0.000,    0.000,
   -0.010,   -0.030,    0.000,    0.000,
    0.000,   -0.040,    0.000,    0.000,
   -0.010,   -0.040,    0.000,    0.000,
   -0.010,   -0.060,    0.000,    0.000,
    0.010,   -0.040,    0.000,    0.000,
    0.020,   -0.040,    0.000,    0.000,
    0.010,   -0.020,    0.000,    0.000,
    0.020,   -0.020,    0.000,    0.000,
    0.000,   -0.010,    0.000,    0.000,
    0.000,   -0.010,    0.000,    0.000,
   -0.010,   -0.020,    0.000,    0.000,
    0.000,   -0.020,    0.000,    0.000,
    0.000,   -0.010,    0.000,    0.000,
    0.000,    0.000,    0.000,    0.000,
    0.000,    0.000,    0.000,    0.000,
   -0.010,    0.000,    0.000,    0.000,
   -0.010,   -0.010,    0.000,    0.000,
   -0.030,   -0.020,    0.000,    0.000,
   -0.020,   -0.030,    0.000,    0.000,
   -0.010,   -0.030,    0.000,    0.000,
    0.000,   -0.020,    0.000,    0.000,
    0.000,    0.000,    0.000,    0.000,
    0.000,    0.000,    0.000,    0.000,
    0.000,    0.000,    0.000,    0.000,
    0.000,    0.000,    0.000,    0.000,
    0.000,    0.000,    0.000,    0.000,
    0.000,    0.000,    0.000,    0.000,
    0.000,    0.000,    0.000,    0.000,
    0.000,    0.000,    0.000,    0.000,
    0.000,    0.000,    0.000,    0.000,
    0.000,    0.000,    0.000,    0.000,
    0.000,    0.010,    0.000,    0.000,
    0.000,    0.010,    0.000,    0.000,
    0.010,    0.030,    0.000,    0.000,
    0.000,    0.030,    0.000,    0.000,
    0.000,    0.030,    0.000,    0.000,
    0.000,    0.020,    0.000,    0.000,
   -0.010,    0.030,    0.000,    0.000,
    0.000,    0.020,    0.000,    0.000,
    0.000,    0.030,    0.000,    0.000,
    0.020,    0.030,    0.000,    0.000,
    0.010,    0.030,    0.000,    0.000,
    0.010,    0.010,    0.000,    0.000,
    0.000,    0.000,    0.000,    0.000,
    0.000,    0.020,    0.000,    0.000,
    0.010,    0.010,    0.000,    0.000,
    0.000,   -0.010,    0.000,    0.000,
    0.000,    0.000,    0.000,    0.000,
    0.000,    0.010,    0.000,    0.000,
    0.010,    0.020,    0.000,    0.000,
    0.000,    0.010,    0.000,    0.000,
    0.000,    0.010,    0.000,    0.000,
    0.020,    0.030,    0.000,    0.000,
    0.040,    0.010,    0.000,    0.000,
    0.020,    0.000,    0.000,    0.000,
    0.010,    0.000,    0.000,    0.000,
    0.030,    0.000,    0.000,    0.000,
    0.010,   -0.010,    0.000,    0.000,
   -0.010,   -0.010,    0.000,    0.000,
    0.000,    0.020,    0.000,    0.000,
    0.020,    0.020,    0.000,    0.000,
    0.000,    0.000,    0.000,    0.000,
    0.000,    0.000,    0.000,    0.000,
    0.030,    0.020,    0.000,    0.000,
    0.040,    0.010,    0.000,    0.000,
    0.010,   -0.010,    0.000,    0.000,
    0.010,    0.000,    0.000,    0.000,
    0.030,    0.000,    0.000,    0.000,
    0.000,   -0.010,    0.000,    0.000,
    0.000,   -0.010,    0.000,    0.000,
    0.000,    0.020,    0.000,    0.000,
    0.020,    0.010,    0.000,    0.000,
    0.000,    0.000,    0.000,    0.000,
    0.000,    0.000,    0.000,    0.000,
    0.030,    0.020,    0.000,    0.000,
    0.020,    0.010,    0.000,    0.000,
    0.020,   -0.010,    0.000,    0.000,
    0.020,   -0.010,    0.000,    0.000,
    0.030,    0.000,    0.000,    0.000,
    0.000,    0.000,    0.000,    0.000,
    0.000,   -0.010,    0.000,    0.000,
    0.010,    0.020,    0.000,    0.000,
    0.020,    0.010,    0.000,    0.000,
    0.000,    0.000,    0.000,    0.000,
    0.010,    0.010,    0.000,    0.000,
    0.040,    0.010,    0.000,    0.000,
    0.010,    0.000,    0.000,    0.000,
    0.020,    0.000,    0.000,    0.000,
    0.040,   -0.010,    0.000,    0.000,
    0.010,   -0.010,    0.000,    0.000,
    0.000,   -0.010,    0.000,    0.000,
   -0.010,    0.000,    0.000,    0.000,
    0.020,    0.010,    0.000,    0.000,
    0.000,    0.010,    0.000,    0.000,
    0.000,    0.000,    0.000,    0.000,
    0.020,    0.010,    0.000,    0.000,
    0.030,    0.010,    0.000,    0.000,
    0.010,    0.000,    0.000,    0.000,
    0.000,    0.000,    0.000,    0.000,
    0.040,    0.000,    0.000,    0.000,
    0.000,   -0.010,    0.000,    0.000,
   -0.010,   -0.010,    0.000,    0.000,
    0.000,    0.000,    0.000,    0.000,
    0.030,    0.010,    0.000,    0.000,
    0.000,    0.000,    0.000,    0.000,
    0.010,    0.000,    0.000,    0.000,
    0.040,    0.010,    0.000,    0.000,
    0.040,    0.000,    0.000,    0.000,
    0.000,   -0.010,    0.000,    0.000,
    0.010,    0.000,    0.000,    0.000,
    0.020,    0.000,    0.000,    0.000,
    0.000,   -0.020,    0.000,    0.000,
   -0.010,   -0.010,    0.000,    0.000,
    0.000,    0.000,    0.000,    0.000,
    0.020,    0.000,    0.000,    0.000,
    0.010,    0.000,    0.000,    0.000,
    0.010,    0.000,    0.000,    0.000,
    0.010,    0.010,    0.000,    0.000,
    0.040,    0.010,    0.000,    0.000,
    0.050,    0.010,    0.000,    0.000,
    0.010,    0.000,    0.000,    0.000,
    0.020,   -0.010,    0.000,    0.000,
    0.020,    0.000,    0.000,    0.000,
    0.010,    0.000,    0.000,    0.000,
    0.010,    0.000,    0.000,    0.000,
    0.010,    0.000,    0.000,    0.000,
    0.010,    0.000,    0.000,    0.000,
    0.000,    0.000,    0.000,    0.000,
    0.000,    0.000,    0.000,    0.000,
    0.020,    0.000,    0.000,    0.000,
    0.020,    0.010,    0.000,    0.000,
    0.020,    0.020,    0.000,    0.000,
    0.020,    0.010,    0.000,    0.000,
    0.010,    0.010,    0.000,    0.000,
    0.000,    0.010,    0.000,    0.000,
    0.000,    0.010,    0.000,    0.000,
    0.000,    0.000,    0.000,    0.000,
   -0.010,   -0.010,    0.000,    0.000,
    0.000,    0.000,    0.000,    0.000,
    0.000,    0.000,    0.000,    0.000,
    0.000,    0.000,    0.000,    0.000,
    0.000,    0.000,    0.000,    0.000,
    0.000,    0.000,    0.000,    0.000,
    0.000,    0.000,    0.000,    0.000,
    0.000,    0.000,    0.000,    0.000,
    0.000,    0.000,    0.000,    0.000,
    0.000,    0.000,    0.000,    0.000,
    0.000,    0.000,    0.000,    0.000,
    0.000,    0.000,    0.000,    0.000,
    0.000,    0.000,    0.000,    0.370,
   -0.020,    0.080,    0.000,    0.480,
   -0.030,    0.180,    0.000,    0.680,
   -0.070,    0.380,    0.000,    0.700,
   -0.040,    0.460,    0.000,    0.720,
   -0.050,    0.550,    0.000,    0.750,
    0.010,    0.600,    0.000,    0.760,
    0.050,    0.620,    0.000,    0.750,
    0.080,    0.640,    0.000,    0.770,
    0.100,    0.690,    0.000,    0.770,
    0.100,    0.700,    0.000,    0.790,
    0.120,    0.710,    0.000,    1.020,
    0.120,    0.850,    0.000,    1.210,
    0.070,    0.990,    0.000,    1.280,
    0.100,    1.120,    0.000,    1.380,
    0.050,    1.250,    0.000,    1.400,
    0.080,    1.310,    0.000,    1.450,
    0.090,    1.380,    0.000,    1.520,
    0.070,    1.490,    0.000,    1.570,
    0.070,    1.550,    0.000,    1.590,
    0.110,    1.620,    0.000,    1.590,
    0.120,    1.650,    0.000,    1.590,
    0.140,    1.680,    0.000,    1.590,
    0.110,    1.680,    0.000,    1.590,
    0.110,    1.720,    0.000,    1.590,
    0.110,    1.710,    0.000,    1.590,
    0.090,    1.730,    0.000,    1.590,
    0.090,    1.770,    0.000,    1.580,
    0.100,    1.760,    0.000,    1.580,
    0.100,    1.770,    0.000,    1.580,
    0.100,    1.790,    0.000,    1.510,
    0.110,    1.740,    0.000,    1.450,
    0.130,    1.720,    0.000,    1.070,
    0.140,    1.540,    0.000,    0.930,
    0.100,    1.420,    0.000,    0.670,
    0.120,    1.240,    0.000,    0.670,
    0.090,    1.130,    0.000,    0.670,
    0.130,    1.060,    0.000,    0.630,
    0.120,    0.960,    0.000,    0.630,
    0.130,    0.890,    0.000,    0.490,
    0.140,    0.770,    0.000,    0.320,
    0.130,    0.640,    0.000,    0.000,
    0.040,    0.350,    0.000,    0.000,
    0.070,    0.250,    0.000,    0.000,
    0.050,    0.130,    0.000,    0.000,
    0.030,    0.050,    0.000,    0.000,
    0.000,    0.000,    0.000,    0.000,
    0.000,    0.000,    0.000,   -0.190,
    0.000,   -0.030,    0.000,   -0.220,
    0.000,   -0.040,    0.000,   -0.280,
    0.000,   -0.060,    0.000,   -0.680,
   -0.040,   -0.230,    0.000,   -1.180,
   -0.100,   -0.600,    0.000,   -1.250,
   -0.170,   -0.980,    0.000,   -1.250,
   -0.050,   -1.010,    0.000,   -1.250,
    0.030,   -1.030,    0.000,   -1.270,
    0.000,   -1.110,    0.000,   -1.270,
   -0.030,   -1.170,    0.000,   -1.300,
   -0.040,   -1.250,    0.000,   -1.360,
   -0.030,   -1.320,    0.000,   -1.590,
    0.050,   -1.480,    0.000,   -1.650,
    0.100,   -1.630,    0.000,   -1.650,
   -0.130,   -1.680,    0.000,   -1.670,
   -0.040,   -1.760,    0.000,   -1.680,
    0.020,   -1.750,    0.000,   -1.680,
    0.000,   -1.780,    0.000,   -1.680,
    0.070,   -1.810,    0.000,   -1.700,
    0.160,   -1.820,    0.000,   -1.690,
    0.220,   -1.840,    0.000,   -1.700,
    0.240,   -1.860,    0.000,   -1.710,
    0.290,   -1.900,    0.000,   -1.730,
    0.320,   -1.860,    0.000,   -1.780,
    0.340,   -1.900,    0.000,   -1.810,
    0.230,   -1.950,    0.000,   -1.810,
    0.270,   -1.940,    0.000,   -1.810,
    0.300,   -1.890,    0.000,   -1.830,
    0.300,   -1.870,    0.000,   -1.830,
    0.250,   -1.870,    0.000,   -1.830,
    0.250,   -1.870,    0.000,   -1.830,
    0.180,   -1.860,    0.000,   -1.830,
    0.220,   -1.830,    0.000,   -1.830,
    0.220,   -1.870,    0.000,   -1.830,
    0.240,   -1.860,    0.000,   -1.830,
    0.280,   -1.860,    0.000,   -1.820,
    0.160,   -1.910,    0.000,   -1.820,
    0.170,   -1.910,    0.000,   -1.820,
    0.240,   -1.900,    0.000,   -1.790,
    0.260,   -1.880,    0.000,   -1.740,
    0.280,   -1.880,    0.000,   -1.740,
    0.250,   -1.890,    0.000,   -1.730,
    0.210,   -1.910,    0.000,   -1.710,
    0.240,   -1.910,    0.000,   -1.450,
    0.260,   -1.790,    0.000,   -1.050,
    0.300,   -1.620,    0.000,   -0.290,
    0.310,   -1.350,    0.000,   -0.220,
    0.260,   -0.880,    0.000,   -0.180,
    0.280,   -0.660,    0.000,   -0.180,
    0.240,   -0.590,    0.000,   -0.170,
    0.190,   -0.520,    0.000,    0.000,
    0.210,   -0.310,    0.000,    0.000,
    0.190,   -0.250,    0.000,    0.000,
    0.150,   -0.180,    0.000,    0.000,
    0.080,   -0.090,    0.000,    0.000,
    0.030,   -0.030,    0.000,    0.000,
    0.000,    0.000,    0.000,    0.300,
    0.000,    0.060,    0.000,    0.420,
    0.020,    0.100,    0.000,    0.580,
   -0.010,    0.260,    0.000,    0.850,
   -0.030,    0.500,    0.000,    0.930,
   -0.010,    0.640,    0.000,    0.950,
    0.050,    0.710,    0.000,    0.950,
    0.070,    0.740,    0.000,    0.950,
    0.040,    0.810,    0.000,    0.950,
    0.110,    0.860,    0.000,    0.990,
    0.090,    0.920,    0.000,    1.050,
    0.070,    0.970,    0.000,    1.400,
    0.110,    1.170,    0.000,    1.540,
    0.150,    1.370,    0.000,    1.570,
    0.180,    1.480,    0.000,    1.570,
    0.190,    1.540,    0.000,    1.570,
    0.160,    1.550,    0.000,    1.570,
    0.110,    1.570,    0.000,    1.560,
    0.130,    1.610,    0.000,    1.560,
    0.120,    1.610,    0.000,    1.560,
    0.110,    1.650,    0.000,    1.560,
    0.090,    1.660,    0.000,    1.580,
    0.090,    1.680,    0.000,    1.680,
    0.100,    1.770,    0.000,    1.820,
    0.110,    1.880,    0.000,    1.820,
    0.110,    1.910,    0.000,    1.760,
    0.130,    1.890,    0.000,    1.600,
    0.130,    1.840,    0.000,    1.150,
    0.130,    1.710,    0.000,    0.410,
    0.040,    1.430,    0.000,    0.410,
   -0.030,    1.070,    0.000,    0.410,
    0.050,    0.940,    0.000,    0.410,
    0.190,    0.850,    0.000,    0.390,
    0.220,    0.760,    0.000,    0.360,
    0.180,    0.630,    0.000,    0.000,
    0.160,    0.380,    0.000,    0.000,
    0.090,    0.230,    0.000,    0.000,
    0.080,    0.150,    0.000,    0.000,
    0.030,    0.050,    0.000,   -0.180,
    0.000,   -0.030,    0.000,   -0.230,
   -0.020,   -0.060,    0.000,   -0.350,
    0.000,   -0.090,    0.000,   -0.980,
    0.000,   -0.310,    0.000,   -1.150,
    0.100,   -0.750,    0.000,   -1.300,
    0.150,   -0.980,    0.000,   -1.350,
    0.150,   -1.150,    0.000,   -1.380,
    0.160,   -1.270,    0.000,   -1.490,
    0.180,   -1.390,   -0.150,   -1.540,
    0.050,   -1.460,   -0.170,   -1.560,
   -0.140,   -1.490,   -0.170,   -1.570,
   -0.190,   -1.580,   -0.300,   -1.620,
   -0.180,   -1.620,   -0.400,   -1.630,
   -0.240,   -1.660,   -0.420,   -1.630,
   -0.330,   -1.780,   -0.420,   -1.640,
   -0.260,   -1.740,   -0.430,   -1.640,
   -0.320,   -1.760,   -0.470,   -1.650,
   -0.340,   -1.790,   -0.490,   -1.660,
   -0.350,   -1.830,   -0.550,   -1.680,
   -0.440,   -1.870,   -0.570,   -1.680,
   -0.430,   -1.870,   -0.580,   -1.700,
   -0.430,   -1.890,   -0.610,   -1.710,
   -0.470,   -1.920,   -0.620,   -1.710,
   -0.490,   -1.940,   -0.620,   -1.710,
   -0.510,   -1.970,   -0.620,   -1.710,
   -0.530,   -1.960,   -0.620,   -1.710,
   -0.530,   -1.980,   -0.610,   -1.710,
   -0.480,   -1.950,   -0.180,   -1.480,
   -0.480,   -1.930,    0.000,   -1.080,
   -0.270,   -1.720,    0.000,   -0.530,
   -0.110,   -1.400,    0.000,   -0.210,
    0.030,   -0.910,    0.000,   -0.200,
   -0.030,   -0.700,    0.000,   -0.190,
   -0.110,   -0.690,    0.000,   -0.180,
   -0.180,   -0.590,    0.000,   -0.180,
   -0.190,   -0.470,    0.000,   -0.170,
   -0.180,   -0.380,    0.000,   -0.150,
   -0.190,   -0.290,    0.000,    0.000,
   -0.100,   -0.180,    0.000,    0.000,
   -0.050,   -0.100,    0.000,    0.000,
   -0.020,   -0.020,    0.000,    0.000,
    0.000,    0.000,    0.000,    0.000,
    0.000,    0.000,    0.000,    0.000,
    0.000,    0.000,   -0.790,    0.000,
   -0.100,   -0.010,   -1.020,    0.000,
   -0.310,   -0.040,   -1.180,    0.000,
   -0.600,   -0.110,   -1.530,    0.000,
   -0.910,   -0.110,   -1.730,    0.000,
   -1.200,   -0.160,   -1.770,    0.000,
   -1.350,   -0.150,   -1.760,    0.000,
   -1.420,   -0.100,   -1.760,    0.000,
   -1.400,   -0.050,   -1.760,    0.000,
   -1.390,    0.010,   -1.760,    0.000,
   -1.490,    0.040,   -1.760,    0.000,
   -1.370,    0.030,   -1.760,    0.000,
   -1.330,   -0.010,   -1.760,    0.000,
   -1.380,   -0.010,   -1.770,    0.000,
   -1.350,   -0.060,   -1.780,    0.000,
   -1.430,   -0.070,   -1.810,    0.000,
   -1.520,   -0.090,   -1.850,    0.000,
   -1.540,   -0.050,   -1.940,    0.000,
   -1.610,   -0.020,   -2.210,    0.000,
   -1.810,   -0.040,   -2.300,    0.000,
   -2.010,    0.010,   -2.300,    0.000,
   -2.060,   -0.100,   -2.300,    0.000,
   -2.060,   -0.010,   -2.300,    0.000,
   -2.080,   -0.050,   -2.300,    0.000,
   -2.070,   -0.010,   -2.300,    0.000,
   -2.090,   -0.050,   -2.300,    0.000,
   -2.100,    0.000,   -2.300,    0.000,
   -2.190,    0.100,   -2.300,    0.000,
   -2.260,    0.130,   -2.300,    0.000,
   -2.150,    0.010,   -2.300,    0.000,
   -2.190,   -0.090,   -2.300,    0.000,
   -2.180,   -0.060,   -2.300,    0.000,
   -2.160,    0.020,   -2.300,    0.000,
   -2.140,   -0.020,   -2.300,    0.000,
   -2.150,   -0.030,   -2.300,    0.000,
   -2.120,   -0.010,   -2.300,    0.000,
   -2.160,   -0.010,   -2.300,    0.000,
   -2.220,   -0.040,   -2.300,    0.000,
   -2.210,   -0.010,   -2.300,    0.000,
   -2.160,    0.030,   -2.300,    0.000,
   -2.180,    0.060,   -2.310,    0.000,
   -2.240,    0.000,   -2.300,    0.000,
   -2.220,    0.000,   -2.300,    0.000,
   -2.220,    0.030,   -2.300,    0.000,
   -2.260,    0.030,   -2.300,    0.000,
   -2.260,    0.000,   -2.300,    0.000,
   -2.260,   -0.020,   -2.290,    0.000,
   -2.220,   -0.020,   -2.270,    0.000,
   -2.210,   -0.040,   -2.070,    0.000,
   -2.120,   -0.050,   -2.000,    0.000,
   -2.020,   -0.040,   -1.380,    0.000,
   -1.770,    0.000,   -1.000,    0.000,
   -1.510,   -0.030,   -0.750,    0.000,
   -1.350,   -0.050,   -0.330,    0.000,
   -1.020,   -0.030,    0.000,   -0.150,
   -0.640,   -0.090,    0.000,   -0.150,
   -0.630,   -0.120,    0.000,   -0.150,
   -0.490,   -0.070,    0.000,   -0.150,
   -0.420,   -0.140,    0.000,   -0.150,
   -0.300,   -0.110,    0.000,   -0.180,
   -0.190,   -0.120,    0.000,   -0.180,
   -0.100,   -0.120,    0.000,   -0.180,
   -0.030,   -0.090,    0.150,   -0.180,
    0.020,   -0.070,    0.210,   -0.180,
    0.050,   -0.050,    0.630,   -0.210,
    0.150,   -0.080,    0.660,   -0.200,
    0.180,   -0.110,    0.680,   -0.200,
    0.250,   -0.140,    0.680,   -0.200,
    0.290,   -0.160,    0.720,   -0.190,
    0.340,   -0.160,    0.780,   -0.180,
    0.370,   -0.160,    0.880,   -0.180,
    0.460,   -0.200,    0.920,   -0.180,
    0.450,   -0.150,    0.990,   -0.180,
    0.520,   -0.180,    1.140,   -0.180,
    0.590,   -0.170,    1.300,   -0.180,
    0.800,   -0.260,    1.470,   -0.180,
    0.910,   -0.170,    1.680,   -0.180,
    1.210,   -0.100,    1.720,   -0.180,
    1.280,   -0.070,    1.720,   -0.180,
    1.380,   -0.030,    1.710,   -0.180,
    1.430,   -0.040,    1.710,   -0.180,
    1.410,   -0.080,    1.700,   -0.180,
    1.510,   -0.070,    1.690,   -0.180,
    1.350,   -0.210,    1.690,   -0.180,
    1.350,   -0.250,    1.690,   -0.180,
    1.350,   -0.160,    1.700,   -0.180,
    1.410,   -0.150,    1.700,   -0.180,
    1.410,   -0.170,    1.700,   -0.180,
    1.360,   -0.230,    1.700,   -0.180,
    1.410,   -0.220,    1.700,   -0.180,
    1.420,   -0.150,    1.700,   -0.180,
    1.440,   -0.140,    1.700,   -0.180,
    1.490,   -0.140,    1.720,   -0.180,
    1.460,   -0.230,    1.720,   -0.180,
    1.440,   -0.250,    1.720,   -0.180,
    1.470,   -0.210,    1.720,   -0.180,
    1.500,   -0.120,    1.720,   -0.180,
    1.600,   -0.070,    1.730,   -0.180,
    1.570,   -0.100,    1.740,   -0.180,
    1.530,   -0.190,    1.740,   -0.180,
    1.540,   -0.210,    1.730,   -0.180,
    1.560,   -0.160,    1.740,   -0.180,
    1.580,   -0.140,    1.750,   -0.180,
    1.600,   -0.160,    1.750,   -0.180,
    1.590,   -0.200,    1.800,   -0.190,
    1.590,   -0.220,    1.910,   -0.200,
    1.660,   -0.200,    1.940,   -0.200,
    1.740,   -0.180,    1.930,   -0.200,
    1.780,   -0.180,    1.930,   -0.200,
    1.750,   -0.220,    1.860,   -0.200,
    1.690,   -0.260,    1.860,   -0.200,
    1.690,   -0.280,    1.860,   -0.200,
    1.710,   -0.260,    1.860,   -0.190,
    1.700,   -0.260,    1.870,   -0.190,
    1.690,   -0.310,    1.870,   -0.190,
    1.720,   -0.280,    1.870,   -0.190,
    1.680,   -0.320,    1.870,   -0.190,
    1.660,   -0.370,    1.870,   -0.190,
    1.630,   -0.390,    1.870,   -0.190,
    1.590,   -0.400,    1.870,   -0.190,
    1.680,   -0.390,    1.870,   -0.190,
    1.510,   -0.400,    1.870,   -0.190,
    1.600,   -0.320,    1.870,   -0.190,
    1.590,   -0.370,    1.870,   -0.190,
    1.750,   -0.330,    1.870,   -0.190,
    1.510,   -0.350,    1.870,   -0.190,
    1.550,   -0.420,    1.870,   -0.190,
    1.640,   -0.340,    1.870,   -0.190,
    1.570,   -0.250,    1.870,   -0.190,
    1.440,   -0.150,    1.870,   -0.190,
    1.430,   -0.040,    1.870,   -0.190,
    1.500,   -0.020,    1.870,   -0.190,
    1.500,   -0.120,    1.870,   -0.190,
    1.520,   -0.230,    1.870,   -0.190,
    1.530,   -0.170,    1.870,   -0.190,
    1.530,   -0.190,    1.870,   -0.190,
    1.490,   -0.160,    1.870,   -0.190,
    1.490,   -0.170,    1.870,   -0.190,
    1.540,   -0.240,    1.870,   -0.190,
    1.490,   -0.270,    1.870,   -0.190,
    1.440,   -0.300,    1.870,   -0.190,
    1.530,   -0.290,    1.870,   -0.190,
    1.540,   -0.270,    1.860,   -0.190,
    1.510,   -0.230,    1.480,   -0.180,
    1.240,   -0.260,    0.500,    0.000,
    0.900,   -0.290,    0.180,    0.000,
    0.560,   -0.290,    0.170,    0.000,
    0.400,   -0.260,    0.000,    0.000,
    0.280,   -0.210,    0.150,    0.000,
    0.210,   -0.150,    0.150,    0.000,
    0.140,   -0.130,    0.000,    0.000,
    0.090,   -0.100,    0.000,    0.000,
    0.020,   -0.040,    0.000,    0.000,
    0.000,    0.000,    0.000,    0.000,
   -0.020,    0.010,    0.000,    0.000,
    0.000,    0.000,    0.000,    0.000,
    0.000,    0.000,    0.000,    0.000,
    0.000,    0.000,    0.000,    0.000,
    0.000,    0.000,    0.000,    0.000,
    0.000,    0.000,    0.000,    0.000,
    0.000,    0.000,    0.000,    0.000,
    0.000,    0.000,    0.000,    0.000,
    0.000,    0.000,    0.000,    0.000,
    0.000,    0.000,   -0.980,    0.000,
   -0.120,   -0.010,   -1.630,    0.000,
   -0.570,   -0.080,   -1.630,    0.000,
   -1.070,   -0.140,   -1.710,    0.000,
   -1.270,   -0.090,   -1.760,    0.000,
   -1.340,   -0.070,   -1.850,    0.000,
   -1.510,   -0.070,   -2.260,    0.000,
   -1.850,   -0.010,   -2.250,    0.000,
   -1.940,    0.000,   -2.240,    0.000,
   -1.910,    0.020,   -2.240,    0.000,
   -1.940,    0.050,   -2.210,    0.000,
   -1.900,   -0.040,   -2.210,    0.000,
   -1.860,   -0.030,   -2.210,    0.000,
   -1.900,   -0.050,   -2.210,    0.000,
   -1.890,    0.000,   -2.210,    0.000,
   -1.860,   -0.110,   -2.210,    0.000,
   -1.850,   -0.080,   -2.210,    0.000,
   -1.890,   -0.030,   -2.210,    0.000,
   -1.890,   -0.020,   -2.220,    0.000,
   -1.890,   -0.030,   -2.240,    0.000,
   -1.940,   -0.070,   -2.270,    0.000,
   -1.980,   -0.080,   -2.480,    0.000,
   -2.130,   -0.030,   -2.620,    0.000,
   -2.260,    0.000,   -2.630,    0.000,
   -2.380,   -0.050,   -2.620,    0.000,
   -2.430,   -0.020,   -2.620,    0.000,
   -2.400,   -0.010,   -2.620,    0.000,
   -2.370,   -0.050,   -2.620,    0.000,
   -2.440,   -0.070,   -2.620,    0.000,
   -2.420,   -0.060,   -2.620,    0.000,
   -2.470,    0.000,   -2.620,    0.000,
   -2.440,   -0.040,   -2.620,    0.000,
   -2.470,   -0.040,   -2.620,    0.000,
   -2.490,   -0.030,   -2.620,    0.000,
   -2.560,   -0.100,   -2.620,    0.000,
   -2.480,   -0.030,   -2.620,    0.000,
   -2.610,    0.090,   -2.620,    0.000,
   -2.460,    0.040,   -2.620,    0.000,
   -2.490,   -0.020,   -2.620,    0.000,
   -2.520,    0.010,   -2.620,    0.000,
   -2.540,    0.070,   -2.610,    0.000,
   -2.580,    0.040,   -2.600,    0.000,
   -2.610,    0.070,   -2.330,    0.000,
   -2.440,    0.080,   -2.240,    0.000,
   -2.250,    0.050,   -1.940,    0.000,
   -2.110,    0.080,   -1.630,    0.000,
   -1.890,    0.140,   -1.590,    0.000,
   -1.780,    0.120,   -1.590,    0.000,
   -1.730,    0.060,   -1.550,    0.000,
   -1.670,    0.060,   -1.210,    0.000,
   -1.530,    0.050,   -0.650,    0.000,
   -1.280,    0.050,    0.000,    0.000,
   -0.760,    0.060,    0.000,    0.000,
   -0.480,    0.060,    0.000,    0.000,
   -0.380,    0.020,    0.000,    0.000,
   -0.300,    0.040,    0.000,    0.000,
   -0.260,   -0.010,    0.150,    0.000,
   -0.200,    0.000,    0.150,    0.000,
   -0.120,   -0.030,    0.150,    0.000,
   -0.010,   -0.010,    0.160,    0.000,
    0.030,    0.000,    0.180,    0.000,
    0.020,    0.000,    0.200,    0.000,
    0.000,    0.000,    0.240,    0.000,
    0.000,    0.000,    0.460,    0.000,
    0.030,    0.000,    0.970,    0.000,
    0.210,    0.040,    1.090,    0.000,
    0.480,    0.080,    1.090,    0.000,
    0.510,    0.070,    1.090,    0.000,
    0.600,    0.080,    1.090,    0.000,
    0.650,    0.050,    1.090,    0.000,
    0.670,    0.020,    1.100,    0.000,
    0.710,    0.030,    1.110,    0.000,
    0.700,    0.030,    1.100,    0.000,
    0.670,    0.000,    1.100,    0.000,
    0.640,    0.020,    1.110,    0.000,
    0.700,    0.020,    1.120,    0.000,
    0.730,    0.000,    1.130,    0.000,
    0.750,   -0.010,    1.200,    0.000,
    0.800,    0.000,    1.350,    0.000,
    0.920,   -0.010,    1.360,    0.000,
    0.950,    0.050,    1.360,    0.000,
    1.000,    0.040,    1.360,    0.000,
    1.000,    0.010,    1.360,    0.000,
    1.030,    0.030,    1.360,    0.000,
    1.040,    0.010,    1.360,    0.000,
    1.030,    0.000,    1.360,    0.000,
    1.050,    0.020,    1.390,    0.000,
    1.080,    0.020,    1.400,    0.000,
    1.120,    0.020,    1.420,    0.000,
    1.150,    0.040,    1.420,    0.000,
    1.140,    0.040,    1.420,    0.000,
    1.150,    0.000,    1.480,    0.000,
    1.210,    0.020,    1.560,    0.000,
    1.240,   -0.010,    1.560,    0.000,
    1.260,   -0.010,    1.820,    0.000,
    1.430,    0.010,    1.820,    0.000,
    1.480,    0.000,    1.820,    0.000,
    1.490,   -0.010,    1.810,    0.000,
    1.510,    0.020,    1.810,    0.000,
    1.530,    0.030,    1.810,    0.000,
    1.530,    0.000,    1.810,    0.000,
    1.540,    0.000,    1.810,    0.000,
    1.550,    0.010,    1.810,    0.000,
    1.600,    0.040,    1.810,    0.000,
    1.590,    0.020,    1.820,    0.000,
    1.630,   -0.020,    1.830,    0.000,
    1.660,   -0.040,    1.820,    0.000,
    1.710,   -0.030,    1.840,    0.000,
    1.700,    0.080,    1.840,    0.000,
    1.720,    0.090,    1.860,    0.000,
    1.800,    0.020,    1.860,    0.000,
    1.710,    0.010,    1.870,    0.000,
    1.700,    0.030,    1.880,    0.000,
    1.690,    0.040,    1.870,    0.000,
    1.710,    0.070,    1.870,    0.000,
    1.710,    0.030,    1.870,    0.000,
    1.730,    0.050,    1.870,    0.000,
    1.720,    0.060,    1.870,    0.000,
    1.760,    0.040,    1.870,    0.000,
    1.710,    0.010,    1.870,    0.000,
    1.730,    0.000,    1.870,    0.000,
    1.690,    0.000,    1.870,    0.000,
    1.720,   -0.030,    1.870,    0.000,
    1.740,   -0.010,    1.870,    0.000,
    1.720,    0.020,    1.870,    0.000,
    1.740,    0.020,    1.870,    0.000,
    1.730,    0.000,    1.870,    0.000,
    1.720,    0.010,    1.860,    0.000,
    1.740,    0.000,    1.320,    0.000,
    1.520,    0.000,    1.010,    0.000,
    1.310,   -0.030,    0.650,    0.000,
    1.110,   -0.070,    0.360,    0.000,
    0.890,   -0.100,    0.220,    0.000,
    0.740,   -0.090,    0.190,    0.000,
    0.630,   -0.090,    0.000,    0.000,
    0.380,   -0.080,    0.000,    0.000,
    0.280,   -0.050,    0.000,    0.000,
    0.180,   -0.030,    0.000,    0.000,
    0.120,   -0.050,    0.000,    0.000,
    0.050,   -0.020,    0.000,    0.000,
    0.000,    0.000,    0.000,    0.000,
    0.000,    0.000,    0.000,    0.000,
    0.000,    0.000,    0.000,    0.000,
    0.000,    0.000,    0.000,    0.000,
    0.000,    0.000,   -0.470,    0.000,
   -0.050,    0.000,   -0.470,    0.000,
   -0.040,   -0.010,   -0.570,    0.000,
   -0.070,    0.000,   -0.860,    0.000,
   -0.210,    0.000,   -0.940,    0.000,
   -0.300,   -0.010,   -1.010,    0.000,
   -0.380,   -0.030,   -1.510,    0.000,
   -0.700,   -0.020,   -1.640,    0.000,
   -1.110,    0.000,   -1.630,    0.000,
   -1.180,   -0.030,   -1.630,    0.000,
   -1.240,    0.020,   -1.650,    0.000,
   -1.300,    0.000,   -1.650,    0.000,
   -1.330,   -0.050,   -1.650,    0.000,
   -1.250,   -0.090,   -1.710,    0.000,
   -1.250,   -0.090,   -1.710,    0.000,
   -1.330,   -0.120,   -1.750,    0.000,
   -1.440,   -0.130,   -1.800,    0.000,
   -1.450,   -0.030,   -1.840,    0.000,
   -1.420,    0.000,   -2.060,    0.000,
   -1.690,    0.040,   -2.240,    0.000,
   -1.860,    0.020,   -2.320,    0.000,
   -2.000,   -0.010,   -2.310,    0.000,
   -2.030,   -0.040,   -2.300,    0.000,
   -2.080,    0.010,   -2.300,    0.000,
   -2.050,    0.030,   -2.300,    0.000,
   -2.070,   -0.030,   -2.300,    0.000,
   -2.100,    0.020,   -2.280,    0.000,
   -2.110,    0.070,   -2.270,    0.000,
   -2.090,    0.080,   -2.270,    0.000,
   -2.110,    0.100,   -2.250,    0.000,
   -2.130,    0.100,   -2.180,    0.000,
   -2.090,    0.130,   -2.170,    0.000,
   -2.070,    0.070,   -2.170,    0.000,
   -2.030,    0.100,   -2.160,    0.000,
   -1.960,    0.130,   -2.150,    0.000,
   -1.980,    0.090,   -1.990,    0.000,
   -1.930,    0.160,   -1.950,    0.000,
   -1.840,    0.070,   -1.850,    0.000,
   -1.740,    0.080,   -1.060,    0.000,
   -1.330,    0.020,    0.000,    0.000,
   -0.510,    0.120,    0.000,    0.000,
   -0.290,    0.240,    0.000,    0.000,
   -0.210,    0.160,    0.000,    0.000,
   -0.120,    0.080,    0.000,    0.000,
   -0.070,    0.050,    0.000,    0.000,
   -0.010,    0.010,    0.000,    0.000,
    0.010,    0.000,    0.150,    0.000,
    0.010,    0.000,    0.170,    0.000,
    0.000,    0.000,    0.200,    0.000,
    0.000,    0.000,    0.220,    0.000,
    0.000,    0.000,    0.310,    0.000,
    0.010,    0.000,    0.550,    0.000,
    0.050,    0.020,    1.130,    0.000,
    0.290,    0.070,    1.460,   -0.150,
    0.840,    0.010,    1.870,   -0.150,
    1.310,   -0.050,    1.980,   -0.150,
    1.640,   -0.090,    2.190,   -0.160,
    1.810,   -0.070,    2.280,   -0.160,
    1.930,   -0.040,    2.300,   -0.160,
    1.940,   -0.040,    2.310,   -0.150,
    2.010,   -0.030,    2.500,   -0.160,
    2.200,   -0.010,    2.700,   -0.160,
    2.460,   -0.020,    2.940,   -0.160,
    2.720,    0.030,    2.990,   -0.180,
    2.940,    0.070,    2.990,   -0.180,
    3.010,    0.130,    2.990,   -0.180,
    3.060,    0.140,    2.990,   -0.180,
    3.060,    0.080,    2.990,   -0.180,
    3.040,    0.120,    2.740,   -0.160,
    2.850,    0.110,    1.310,    0.000,
    2.540,    0.070,    1.150,    0.000,
    1.700,    0.090,    1.150,    0.000,
    1.060,    0.130,    0.680,    0.000,
    0.650,    0.070,    0.200,    0.000,
    0.120,    0.000,    0.000,    0.000,
    0.070,    0.000,    0.000,    0.000,
    0.020,    0.000,    0.000,    0.000,
    0.000,    0.000,    0.000,    0.000,
    0.000,    0.000,    0.000,    0.000,
    0.000,    0.000,    0.000,    0.000,
    0.000,    0.000,    0.000,    0.000,
    0.000,    0.000,    0.000,    0.000,
    0.000,    0.000,    0.000,    0.000,
    0.000,    0.000,    0.000,    0.000,
    0.000,    0.000,    0.150,    0.000,
    0.000,    0.000,    0.150,    0.000,
    0.000,    0.000,    0.190,    0.000,
    0.000,    0.000,    0.280,    0.000,
    0.010,    0.000,    0.660,    0.000,
    0.080,    0.000,    2.090,    0.000,
    0.370,    0.030,    2.890,    0.000,
    1.360,   -0.050,    2.890,    0.000,
    2.300,   -0.030,    2.880,    0.000,
    2.560,   -0.030,    2.760,   -0.150,
    2.460,   -0.040,    2.710,   -0.150,
    2.390,   -0.040,    2.720,   -0.150,
    2.420,    0.000,    2.720,   -0.150,
    2.460,   -0.030,    2.720,   -0.150,
    2.490,    0.060,    2.720,   -0.150,
    2.540,    0.050,    2.720,   -0.150,
    2.660,    0.110,    2.730,   -0.150,
    2.740,    0.160,    2.730,   -0.150,
    2.790,    0.170,    2.750,   -0.150,
    2.780,    0.170,    2.760,   -0.150,
    2.760,    0.140,    2.760,   -0.150,
    2.820,    0.090,    2.760,   -0.150,
    2.730,    0.070,    2.760,   -0.150,
    2.650,    0.010,    1.900,   -0.150,
    2.360,    0.060,    0.200,    0.000,
    1.660,    0.060,    0.190,    0.000,
    0.720,    0.000,    0.000,    0.000,
    0.000,    0.030,    0.000,    0.000,
    0.020,    0.010,    0.000,    0.000,
    0.000,    0.000,    0.000,    0.000,
    0.000,    0.000,    0.000,    0.000,
    0.000,    0.000,    0.000,    0.000,
    0.000,    0.000,    0.000,    0.000,
    0.000,    0.000,    0.000,    0.000,
    0.000,    0.000,    0.170,    0.000,
    0.010,    0.000,    0.200,    0.000,
    0.000,    0.000,    0.240,    0.000,
    0.000,    0.000,    0.260,    0.000,
    0.000,    0.000,    0.270,    0.000,
    0.000,    0.000,    0.260,    0.000,
    0.000,    0.000,    0.410,    0.000,
    0.010,    0.000,    0.910,    0.000,
    0.170,    0.020,    2.320,   -0.150,
    0.680,    0.120,    2.850,   -0.160,
    1.640,    0.150,    2.860,   -0.160,
    2.360,    0.080,    2.860,   -0.150,
    2.510,    0.000,    2.850,   -0.150,
    2.570,   -0.080,    2.850,   -0.150,
    2.730,    0.020,    2.860,   -0.150,
    2.800,    0.090,    2.850,   -0.150,
    2.860,    0.100,    2.860,   -0.150,
    2.870,    0.170,    2.850,   -0.150,
    2.880,    0.150,    2.810,   -0.160,
    2.870,    0.120,    2.640,   -0.160,
    2.770,    0.170,    1.960,   -0.150,
    2.470,    0.140,    1.140,    0.000,
    1.720,    0.040,    0.200,    0.000,
    0.820,    0.070,    0.000,    0.000,
    0.000,    0.070,    0.000,    0.000,
    0.020,    0.040,    0.000,    0.000,
    0.000,    0.010,    0.000,    0.000,
    0.000,    0.000,    0.000,    0.000,
    0.000,    0.000,    0.000,    0.000,
    0.000,    0.000,    0.000,    0.000,
    0.000,    0.000,    0.000,    0.000,
    0.000,    0.000,    0.000,    0.000,
    0.000,    0.000,    0.000,    0.000,
    0.000,    0.000,    0.000,    0.000,
    0.000,    0.000,    0.000,    0.000,
    0.000,    0.000,    0.000,    0.000,
    0.000,    0.000,    0.000,    0.000,
    0.000,    0.000,    0.000,    0.000,
    0.000,    0.000,    0.000,    0.000,
    0.000,    0.000,    0.000,    0.000,
    0.000,    0.000,    0.000,    0.000,
    0.000,    0.000,    0.000,    0.000,
    0.000,    0.000,    0.000,    0.000,
    0.000,    0.000,   -0.610,    0.000,
   -0.090,    0.000,   -1.240,    0.000,
   -0.330,   -0.030,   -1.320,    0.000,
   -0.830,    0.000,   -1.750,    0.000,
   -1.150,   -0.040,   -2.470,    0.000,
   -1.620,   -0.020,   -2.700,    0.000,
   -2.220,   -0.140,   -3.000,    0.000,
   -2.630,   -0.210,   -3.000,    0.000,
   -2.740,   -0.110,   -3.000,    0.000,
   -2.780,   -0.020,   -2.970,    0.000,
   -2.820,   -0.010,   -2.920,    0.000,
   -2.750,    0.040,   -2.920,    0.000,
   -2.710,    0.050,   -2.560,    0.000,
   -2.510,    0.070,    0.000,   -0.150,
   -0.580,   -1.010,    0.000,    0.000,
   -0.370,   -0.240,    0.000,    0.000,
   -0.430,    0.020,    0.000,    0.000,
   -0.150,    0.030,    0.000,    0.000,
   -0.090,    0.000,    0.000,    0.000,
   -0.010,    0.000,    0.000,    0.000,
    0.010,    0.000,    0.000,    0.000,
    0.000,    0.000,    0.000,    0.000,
    0.000,    0.000,    0.000,    0.000,
    0.000,    0.000,    0.000,    0.000,
    0.000,    0.000,    0.000,    0.000,
    0.000,    0.000,    0.000,    0.000,
    0.000,    0.000,    0.000,    0.000,
    0.000,    0.000,    0.000,    0.000,
    0.000,    0.000,    0.000,    0.000,
    0.000,    0.000,    0.000,    0.000,
    0.000,    0.000,    0.000,    0.000,
    0.000,    0.000,    0.000,    0.000,
    0.000,    0.000,    0.000,    0.000,
    0.000,    0.000,   -0.680,    0.000,
   -0.100,   -0.010,   -1.620,    0.000,
   -0.430,   -0.010,   -1.870,    0.000,
   -1.260,   -0.110,   -1.870,    0.000,
   -1.420,   -0.150,   -1.870,    0.000,
   -1.480,   -0.200,   -1.870,    0.000,
   -1.510,   -0.140,   -1.870,    0.000,
   -1.460,   -0.090,   -1.870,    0.000,
   -1.440,   -0.030,   -1.870,    0.000,
   -1.500,    0.040,   -1.690,    0.000,
   -1.390,    0.050,   -0.170,   -0.150,
   -0.360,   -0.540,    0.000,    0.000,
   -0.400,   -0.020,    0.000,    0.000,
   -0.200,    0.000,    0.000,    0.000,
   -0.120,    0.000,    0.000,    0.000,
   -0.030,    0.000,    0.000,    0.000,
    0.010,    0.000,    0.000,    0.000,
    0.010,    0.010,    0.000,    0.000,
    0.000,    0.000,    0.000,    0.000,
   -0.010,    0.000,    0.000,    0.000,
    0.000,    0.000,    0.000,    0.000,
   -0.010,    0.000,    0.000,    0.000,
   -0.010,    0.010,    0.000,    0.000,
    0.000,    0.000,    0.000,    0.000,
    0.020,    0.000,    0.000,    0.000,
    0.000,    0.010,    0.000,    0.000,
    0.010,    0.010,    0.000,    0.000,
    0.020,    0.010,    0.000,    0.000,
    0.010,    0.020,    0.000,    0.000,
    0.000,    0.010,    0.000,    0.000,
    0.010,    0.000,    0.000,    0.000,
    0.000,    0.000,    0.000,    0.000,
    0.020,    0.000,    0.000,    0.000,
    0.000,    0.000,    0.000,    0.000,
    0.000,    0.000,    0.000,    0.000,
    0.000,    0.000,   -0.670,    0.000,
   -0.100,   -0.020,   -1.080,    0.000,
   -0.290,   -0.040,   -1.440,    0.000,
   -0.830,   -0.060,   -1.490,    0.000,
   -1.020,   -0.100,   -1.870,    0.000,
   -1.310,   -0.130,   -2.040,    0.000,
   -1.570,   -0.070,   -2.200,    0.000,
   -1.740,    0.090,   -2.200,    0.000,
   -1.880,    0.150,   -2.200,    0.000,
   -1.910,    0.090,   -2.200,    0.000,
   -1.910,   -0.010,   -2.200,    0.000,
   -1.840,   -0.080,   -2.200,    0.000,
   -1.800,   -0.050,   -2.230,    0.000,
   -1.970,   -0.150,   -2.570,    0.000,
   -2.220,   -0.100,   -2.800,    0.000,
   -2.500,   -0.120,   -3.000,    0.000,
   -2.690,   -0.030,   -3.000,    0.000,
   -2.780,    0.010,   -3.000,    0.000,
   -2.810,    0.000,   -3.000,    0.000,
   -2.830,   -0.070,   -3.000,    0.000,
   -2.780,   -0.110,   -3.000,    0.000,
   -2.840,    0.000,   -3.000,    0.000,
   -2.830,   -0.010,   -3.000,    0.000,
   -2.860,   -0.050,   -3.000,    0.000,
   -2.830,   -0.080,   -3.000,    0.000,
   -2.850,   -0.180,   -3.000,    0.000,
   -2.910,   -0.150,   -3.000,    0.000,
   -2.860,   -0.060,   -0.920,   -0.200,
   -2.560,   -0.010,    0.000,   -0.170,
   -0.620,   -0.680,    0.000,    0.000,
   -0.600,   -0.130,    0.000,    0.000,
   -0.480,    0.220,    0.000,    0.000,
   -0.300,    0.150,    0.000,    0.000,
   -0.270,    0.100,    0.000,    0.000,
   -0.180,    0.070,    0.000,    0.000,
   -0.090,    0.050,    0.000,    0.000,
   -0.010,    0.010,    0.000,    0.000,
    0.000,    0.000,    0.000,    0.000,
    0.000,    0.000,    0.000,    0.000,
    0.000,    0.000,    0.000,    0.000,
    0.000,    0.000,    0.000,    0.000,
    0.000,    0.000,    0.000,    0.000,
    0.000,    0.000,   -0.530,    0.000,
   -0.080,    0.000,   -2.030,    0.000,
   -0.280,   -0.020,   -2.800,    0.000,
   -1.290,    0.030,   -3.000,    0.000,
   -2.210,    0.060,   -3.000,    0.000,
   -2.640,    0.080,   -3.000,    0.000,
   -2.710,   -0.010,   -3.000,    0.000,
   -2.820,    0.010,   -3.000,    0.000,
   -2.800,    0.060,   -3.000,    0.000,
   -2.760,    0.070,   -3.000,    0.000,
   -2.890,    0.150,   -3.000,    0.000,
   -2.840,    0.080,   -3.000,    0.000,
   -2.880,    0.100,   -3.000,    0.000,
