    0.000,    0.000,    0.000,    0.000,
    0.000,    0.000,    0.000,    0.000,
    0.000,    0.000,    0.000,   -0.150,
    0.000,   -0.060,    0.000,   -0.160,
    0.000,   -0.090,    0.000,   -0.160,
   -0.010,   -0.110,    0.000,   -0.160,
   -0.010,   -0.120,    0.000,   -0.170,
    0.000,   -0.100,    0.000,   -0.180,
   -0.020,   -0.120,    0.000,   -0.180,
    0.020,   -0.110,    0.000,   -0.180,
    0.020,   -0.130,    0.000,   -0.190,
   -0.030,   -0.170,    0.000,   -0.200,
    0.040,   -0.110,    0.000,   -0.200,
   -0.010,   -0.150,    0.000,   -0.200,
    0.030,   -0.130,    0.000,   -0.200,
    0.000,   -0.150,    0.000,   -0.200,
    0.020,   -0.160,    0.000,   -0.200,
    0.000,   -0.150,    0.000,   -0.200,
    0.030,   -0.130,    0.000,   -0.200,
    0.010,   -0.140,    0.000,   -0.200,
    0.000,   -0.150,    0.000,   -0.210,
    0.010,   -0.150,    0.000,   -0.210,
   -0.010,   -0.170,    0.000,   -0.210,
    0.000,   -0.150,    0.000,   -0.210,
   -0.030,   -0.130,    0.000,   -0.230,
    0.030,   -0.140,    0.000,   -0.260,
   -0.020,   -0.220,    0.000,   -0.300,
    0.030,   -0.220,    0.000,   -0.290,
    0.020,   -0.260,    0.000,   -0.290,
    0.000,   -0.240,    0.000,   -0.280,
    0.000,   -0.210,    0.000,   -0.280,
    0.000,   -0.230,    0.000,   -0.270,
    0.000,   -0.210,    0.000,   -0.260,
   -0.010,   -0.190,    0.000,   -0.260,
    0.000,   -0.220,    0.000,   -0.260,
    0.010,   -0.220,    0.000,   -0.260,
    0.000,   -0.200,    0.000,   -0.260,
    0.020,   -0.210,    0.000,   -0.250,
    0.010,   -0.200,    0.000,   -0.250,
    0.010,   -0.200,    0.000,   -0.260,
    0.000,   -0.210,    0.000,   -0.260,
   -0.010,   -0.210,    0.000,   -0.260,
    0.000,   -0.210,    0.000,   -0.260,
    0.010,   -0.190,    0.000,   -0.260,
    0.000,   -0.190,    0.000,   -0.270,
    0.010,   -0.220,    0.000,   -0.310,
   -0.030,   -0.250,    0.000,   -0.410,
    0.000,   -0.320,    0.000,   -0.590,
    0.020,   -0.530,    0.000,   -0.670,
   -0.050,   -0.640,    0.000,   -0.730,
    0.000,   -0.640,    0.000,   -0.780,
   -0.080,   -0.770,    0.000,   -0.770,
    0.000,   -0.740,    0.000,   -0.770,
    0.030,   -0.740,    0.000,   -0.760,
    0.020,   -0.750,    0.000,   -0.760,
    0.050,   -0.720,    0.000,   -0.760,
    0.030,   -0.740,    0.000,   -0.760,
    0.030,   -0.750,    0.000,   -0.820,
    0.000,   -0.820,    0.000,   -0.830,
    0.000,   -0.810,    0.000,   -0.850,
    0.010,   -0.850,    0.000,   -0.850,
    0.030,   -0.830,    0.000,   -0.850,
    0.040,   -0.840,    0.000,   -0.900,
    0.000,   -0.900,    0.000,   -0.900,
    0.010,   -0.890,    0.000,   -0.930,
    0.000,   -0.920,    0.000,   -0.940,
    0.000,   -0.940,    0.000,   -0.940,
    0.010,   -0.930,    0.000,   -0.930,
    0.010,   -0.940,    0.000,   -0.920,
    0.000,   -0.920,    0.000,   -0.930,
    0.000,   -0.920,    0.000,   -0.930,
    0.000,   -0.940,    0.000,   -0.940,
    0.000,   -0.910,    0.000,   -0.940,
    0.000,   -0.940,    0.000,   -0.940,
    0.020,   -0.910,    0.000,   -0.940,
    0.000,   -0.920,    0.000,   -0.940,
    0.010,   -0.940,    0.000,   -0.940,
    0.000,   -0.930,    0.000,   -0.940,
    0.020,   -0.930,    0.000,   -0.940,
    0.010,   -0.940,    0.000,   -0.940,
    0.000,   -0.930,    0.000,   -0.930,
    0.000,   -0.940,    0.000,   -0.930,
    0.010,   -0.930,    0.000,   -0.920,
    0.010,   -0.910,    0.000,   -0.920,
    0.010,   -0.910,    0.000,   -0.900,
    0.000,   -0.900,    0.000,   -0.890,
    0.000,   -0.880,    0.000,   -0.890,
    0.000,   -0.880,    0.000,   -0.870,
   -0.010,   -0.860,    0.000,   -0.820,
    0.010,   -0.820,    0.000,   -0.670,
    0.040,   -0.710,    0.000,   -0.230,
    0.040,    0.040,    0.000,   -0.190,
    0.050,   -0.270,    0.000,   -0.170,
    0.030,   -0.240,    0.000,   -0.160,
    0.040,   -0.170,    0.000,    0.000,
    0.040,   -0.020,    0.000,    0.000,
   -0.010,    0.000,    0.000,    0.000,
    0.000,    0.010,    0.000,    0.000,
    0.000,    0.000,    0.000,    0.000,
    0.000,   -0.010,    0.000,    0.000,
    0.010,    0.000,    0.000,    0.000,
    0.000,    0.000,    0.000,    0.000,
    0.000,   -0.010,    0.000,    0.000,
   -0.010,    0.000,    0.000,    0.000,
    0.000,   -0.020,    0.000,    0.000,
    0.000,   -0.010,    0.000,    0.000,
    0.010,    0.000,    0.000,    0.000,
    0.000,   -0.010,    0.000,    0.000,
    0.000,    0.000,    0.000,    0.000,
    0.000,    0.000,    0.000,    0.000,
   -0.010,    0.000,    0.000,    0.000,
    0.000,   -0.010,    0.000,    0.000,
    0.000,    0.000,    0.000,    0.000,
    0.000,    0.000,    0.000,    0.000,
    0.000,    0.000,    0.000,    0.000,
    0.000,    0.000,    0.000,    0.000,
    0.000,    0.000,    0.000,    0.000,
    0.000,    0.000,    0.000,    0.000,
   -0.010,    0.000,    0.000,    0.000,
   -0.020,    0.000,    0.000,    0.000,
    0.000,   -0.010,    0.000,    0.000,
    0.000,    0.000,    0.000,    0.000,
   -0.010,    0.000,    0.000,    0.000,
    0.000,    0.000,    0.000,    0.000,
    0.000,    0.000,    0.000,    0.000,
    0.000,    0.000,    0.000,    0.000,
    0.000,    0.000,    0.000,    0.000,
    0.000,    0.000,    0.000,    0.000,
    0.000,    0.000,    0.000,    0.000,
    0.000,    0.000,    0.000,    0.000,
    0.000,    0.000,    0.000,    0.000,
    0.000,   -0.010,    0.000,    0.000,
    0.000,    0.000,    0.000,    0.000,
   -0.010,    0.010,    0.000,    0.000,
   -0.020,    0.000,    0.000,    0.000,
    0.000,    0.000,    0.000,    0.000,
    0.000,    0.000,    0.000,    0.000,
    0.000,    0.010,    0.000,    0.000,
    0.000,    0.000,    0.000,    0.000,
    0.000,    0.000,    0.000,    0.000,
    0.000,    0.000,    0.000,    0.000,
    0.000,    0.000,    0.000,    0.000,
    0.000,    0.000,    0.000,    0.000,
    0.000,    0.000,    0.000,    0.000,
    0.000,    0.000,    0.000,    0.000,
    0.000,    0.000,    0.000,    0.000,
    0.000,    0.010,    0.000,    0.000,
    0.000,    0.000,    0.000,    0.000,
    0.000,    0.000,    0.000,    0.000,
    0.000,    0.000,    0.000,    0.000,
    0.000,    0.000,    0.000,    0.000,
    0.000,    0.000,    0.000,    0.000,
    0.000,    0.000,    0.000,    0.000,
    0.000,    0.000,    0.000,    0.000,
    0.000,    0.000,    0.000,    0.000,
    0.000,    0.000,    0.000,    0.000,
    0.000,    0.000,    0.000,    0.000,
    0.000,    0.000,    0.000,    0.000,
    0.000,    0.000,    0.000,    0.000,
    0.000,    0.000,    0.000,    0.000,
    0.000,    0.000,    0.000,    0.000,
    0.000,    0.000,    0.000,    0.000,
    0.000,    0.000,    0.000,    0.000,
    0.000,    0.000,    0.000,    0.000,
    0.000,    0.000,    0.000,    0.000,
    0.000,    0.000,    0.000,    0.000,
    0.000,    0.000,    0.000,    0.000,
    0.000,    0.000,    0.000,    0.000,
    0.000,    0.000,    0.000,    0.000,
    0.000,    0.000,    0.000,    0.000,
    0.000,    0.000,    0.000,    0.000,
    0.000,    0.000,    0.000,    0.000,
    0.000,    0.000,    0.000,    0.000,
    0.000,    0.000,    0.000,    0.000,
    0.000,    0.000,    0.000,    0.000,
    0.000,    0.000,    0.000,    0.000,
    0.000,    0.000,    0.000,    0.000,
    0.000,    0.000,    0.000,    0.000,
    0.000,    0.000,    0.000,    0.000,
    0.000,    0.000,    0.000,    0.000,
    0.000,    0.000,    0.000,    0.000,
    0.000,    0.000,    0.000,    0.000,
    0.000,    0.000,    0.000,    0.000,
    0.000,    0.000,    0.000,   -0.150,
   -0.020,   -0.070,    0.000,   -0.150,
    0.000,   -0.070,    0.000,   -0.150,
    0.010,   -0.090,    0.000,    0.000,
    0.020,   -0.030,    0.000,   -0.150,
   -0.040,   -0.070,    0.000,    0.000,
    0.010,    0.000,    0.000,    0.000,
    0.000,    0.010,    0.000,    0.000,
    0.000,    0.000,    0.000,    0.000,
    0.000,    0.000,    0.000,    0.000,
    0.000,    0.000,    0.000,    0.000,
    0.000,    0.000,    0.000,    0.000,
    0.000,    0.000,   -0.220,    0.000,
   -0.050,    0.000,   -0.220,    0.000,
   -0.010,    0.000,   -0.220,    0.000,
    0.000,    0.000,   -0.220,    0.000,
    0.000,    0.000,   -0.220,    0.000,
    0.000,    0.000,   -0.220,    0.000,
    0.000,    0.000,   -0.230,    0.000,
    0.000,    0.000,   -0.250,    0.000,
    0.000,    0.000,   -0.610,    0.000,
   -0.220,   -0.030,   -0.720,    0.000,
   -0.690,   -0.140,   -0.830,    0.000,
   -0.480,    0.100,   -0.840,    0.000,
   -0.510,    0.060,   -0.840,    0.000,
   -0.700,   -0.040,   -0.840,    0.000,
   -0.580,    0.020,   -0.840,    0.000,
   -0.520,    0.020,   -0.840,    0.000,
   -0.650,   -0.020,   -0.830,    0.000,
   -0.600,    0.000,   -0.830,    0.000,
   -0.590,   -0.010,   -0.830,    0.000,
   -0.600,    0.000,   -0.830,    0.000,
   -0.640,   -0.010,   -0.860,    0.000,
   -0.680,    0.020,   -0.880,    0.000,
   -0.680,   -0.030,   -0.940,    0.000,
   -0.730,   -0.040,   -1.110,    0.000,
   -0.940,    0.000,   -1.140,    0.000,
   -0.950,   -0.030,   -1.140,    0.000,
   -0.830,    0.010,   -1.140,    0.000,
   -0.950,   -0.040,   -1.140,    0.000,
   -0.960,   -0.030,   -1.140,    0.000,
   -0.950,   -0.020,   -1.130,    0.000,
   -0.940,    0.010,   -1.130,    0.000,
   -0.920,    0.010,   -1.140,    0.000,
   -0.960,   -0.010,   -1.140,    0.000,
   -0.940,    0.040,   -1.140,    0.000,
   -0.970,    0.030,   -1.160,    0.000,
   -1.040,    0.020,   -1.170,    0.000,
   -1.010,   -0.040,   -1.170,    0.000,
   -0.930,   -0.040,   -1.170,    0.000,
   -1.030,   -0.030,   -1.180,    0.000,
   -1.030,   -0.050,   -1.200,    0.000,
   -1.090,   -0.040,   -1.210,    0.000,
   -1.050,    0.040,   -1.280,    0.000,
   -1.100,    0.010,   -1.590,    0.000,
   -1.430,   -0.020,   -1.750,    0.000,
   -1.740,    0.010,   -1.790,    0.000,
   -1.710,    0.110,   -1.800,    0.000,
   -1.590,   -0.140,   -1.770,    0.000,
   -1.580,   -0.060,   -1.770,    0.000,
   -1.500,    0.130,   -1.770,    0.000,
   -1.580,   -0.040,   -1.760,    0.000,
   -1.690,   -0.010,   -1.760,    0.000,
   -1.570,    0.060,   -1.760,    0.000,
   -1.560,   -0.050,   -1.760,    0.000,
   -1.640,    0.010,   -1.760,    0.000,
   -1.520,   -0.040,   -1.760,    0.000,
   -1.590,   -0.010,   -1.760,    0.000,
   -1.630,   -0.030,   -1.760,    0.000,
   -1.610,    0.000,   -1.760,    0.000,
   -1.650,   -0.030,   -1.750,    0.000,
   -1.630,   -0.020,   -1.740,    0.000,
   -1.600,    0.010,   -1.730,    0.000,
   -1.610,   -0.010,   -1.720,    0.000,
   -1.610,    0.000,   -1.710,    0.000,
   -1.580,   -0.020,   -1.710,    0.000,
   -1.590,    0.000,   -1.680,    0.000,
   -1.520,    0.010,   -1.650,    0.000,
   -1.550,   -0.020,   -1.630,    0.000,
   -1.570,    0.060,   -1.630,    0.000,
   -1.580,    0.020,   -1.630,    0.000,
   -1.600,   -0.020,   -1.630,    0.000,
   -1.450,   -0.060,   -1.630,    0.000,
   -1.460,   -0.010,   -1.630,    0.000,
   -1.550,   -0.030,   -1.630,    0.000,
   -1.540,   -0.020,   -1.580,    0.000,
   -1.460,    0.000,   -1.350,    0.000,
   -1.260,    0.050,   -1.320,    0.000,
   -1.200,    0.010,   -1.300,    0.000,
   -1.220,    0.000,   -1.320,    0.000,
   -1.220,   -0.010,   -1.320,    0.000,
   -1.250,   -0.040,   -1.400,    0.000,
   -1.300,    0.010,   -1.490,    0.000,
   -1.410,   -0.010,   -1.490,    0.000,
   -1.340,    0.000,   -1.460,    0.000,
   -1.260,    0.000,   -1.310,    0.000,
   -1.190,    0.000,   -1.140,    0.000,
   -1.050,   -0.020,   -0.980,    0.000,
   -0.940,    0.000,   -0.860,    0.000,
   -0.850,    0.000,   -0.730,    0.000,
   -0.750,    0.000,   -0.300,    0.000,
   -0.310,    0.050,    0.000,   -0.150,
   -0.230,   -0.140,    0.000,   -0.150,
   -0.100,   -0.130,    0.000,   -0.150,
   -0.080,   -0.120,    0.000,    0.000,
   -0.030,   -0.020,    0.000,    0.000,
    0.000,    0.000,    0.000,    0.000,
    0.000,    0.000,    0.000,   -0.150,
    0.000,   -0.080,    0.000,   -0.150,
    0.000,   -0.060,    0.000,   -0.150,
    0.000,   -0.080,    0.160,   -0.150,
    0.080,   -0.100,    0.160,   -0.150,
    0.070,   -0.090,    0.160,   -0.150,
    0.070,   -0.120,    0.160,   -0.150,
    0.090,   -0.110,    0.250,    0.000,
    0.120,   -0.010,    0.480,    0.000,
    0.220,    0.000,    0.510,    0.000,
    0.260,    0.020,    0.540,    0.000,
    0.250,    0.020,    0.530,    0.000,
    0.290,    0.020,    0.540,    0.000,
    0.280,    0.030,    0.550,    0.000,
    0.400,    0.010,    0.550,    0.000,
    0.350,    0.000,    0.550,    0.000,
    0.360,    0.020,    0.540,    0.000,
    0.330,   -0.010,    0.570,    0.000,
    0.390,    0.030,    0.580,    0.000,
    0.370,    0.000,    0.650,    0.000,
    0.420,    0.010,    0.680,    0.000,
    0.430,    0.010,    0.920,    0.000,
    0.660,    0.000,    0.950,    0.000,
    0.790,    0.040,    1.030,    0.000,
    0.700,    0.000,    1.040,    0.000,
    0.840,    0.010,    1.030,    0.000,
    0.820,    0.000,    1.030,    0.000,
    0.720,   -0.020,    1.030,    0.000,
    0.820,    0.030,    1.030,    0.000,
    0.770,   -0.010,    1.030,    0.000,
    0.820,    0.000,    1.030,    0.000,
    0.850,    0.010,    1.030,    0.000,
    0.820,    0.000,    1.030,    0.000,
    0.850,    0.000,    1.030,    0.000,
    0.840,    0.020,    1.030,    0.000,
    0.850,    0.000,    1.030,    0.000,
    0.840,    0.000,    1.040,    0.000,
    0.850,    0.010,    1.040,    0.000,
    0.860,   -0.010,    1.030,    0.000,
    0.850,   -0.010,    1.030,    0.000,
    0.860,    0.040,    1.030,    0.000,
    0.860,    0.020,    1.030,    0.000,
    0.880,    0.000,    1.030,    0.000,
    0.870,    0.020,    1.030,    0.000,
    0.850,    0.010,    1.030,    0.000,
    0.870,    0.010,    1.030,    0.000,
    0.870,   -0.010,    1.030,    0.000,
    0.870,    0.000,    1.040,    0.000,
    0.880,    0.010,    1.030,    0.000,
    0.860,    0.000,    1.040,    0.000,
    0.910,    0.030,    1.040,    0.000,
    0.900,    0.020,    1.050,    0.000,
    0.870,    0.000,    1.040,    0.000,
    0.850,   -0.040,    1.050,    0.000,
    0.930,   -0.060,    1.050,    0.000,
    0.920,    0.000,    1.050,    0.000,
    0.830,    0.050,    1.050,    0.000,
    0.870,    0.000,    1.040,    0.000,
    0.870,    0.020,    1.030,    0.000,
    0.880,    0.030,    1.030,    0.000,
    0.870,    0.010,    1.030,    0.000,
    0.850,    0.030,    1.030,    0.000,
    0.860,   -0.010,    1.030,    0.000,
    0.880,    0.030,    1.040,    0.000,
    0.870,    0.010,    1.040,    0.000,
    0.880,    0.010,    1.040,    0.000,
    0.870,    0.010,    1.040,    0.000,
    0.940,    0.040,    1.040,    0.000,
    0.870,   -0.020,    1.040,    0.000,
    0.850,   -0.030,    1.030,    0.000,
    0.870,    0.000,    1.030,    0.000,
    0.890,    0.010,    1.030,    0.000,
    0.830,   -0.010,    1.030,    0.000,
    0.860,    0.000,    1.040,    0.000,
    0.870,    0.000,    1.040,    0.000,
    0.860,    0.000,    1.040,    0.000,
    0.860,    0.020,    1.040,    0.000,
    0.850,   -0.010,    1.040,    0.000,
    0.840,    0.000,    1.040,    0.000,
    0.870,    0.000,    1.040,    0.000,
    0.880,    0.000,    1.040,    0.000,
    0.870,    0.020,    1.030,    0.000,
    0.870,    0.010,    1.030,    0.000,
    0.850,    0.010,    1.030,    0.000,
    0.880,    0.010,    1.030,    0.000,
    0.910,    0.010,    1.030,    0.000,
    0.900,    0.010,    1.030,    0.000,
    0.880,    0.000,    1.030,    0.000,
    0.860,    0.000,    1.030,    0.000,
    0.870,    0.000,    1.030,    0.000,
    0.870,   -0.010,    1.030,    0.000,
    0.870,    0.010,    1.040,    0.000,
    0.860,    0.020,    1.030,    0.000,
    0.850,    0.000,    1.030,    0.000,
    0.900,    0.020,    1.030,    0.000,
    0.870,    0.010,    1.030,    0.000,
    0.870,   -0.010,    1.030,    0.000,
    0.870,    0.020,    1.030,    0.000,
    0.890,    0.000,    1.030,    0.000,
    0.850,   -0.010,    1.030,    0.000,
    0.840,    0.000,    1.030,    0.000,
    0.900,    0.030,    1.040,    0.000,
    0.940,    0.030,    1.050,    0.000,
    0.860,   -0.010,    1.050,    0.000,
    0.980,    0.050,    1.050,    0.000,
    0.950,    0.010,    1.060,    0.000,
    0.850,   -0.040,    1.060,    0.000,
    0.950,    0.040,    1.060,    0.000,
    0.840,   -0.020,    1.070,    0.000,
    0.880,   -0.010,    1.070,    0.000,
    0.900,    0.000,    1.080,    0.000,
    0.900,   -0.030,    1.070,    0.000,
    0.890,    0.010,    1.080,    0.000,
    0.870,    0.000,    1.090,    0.000,
    0.910,    0.000,    1.080,    0.000,
    0.930,    0.000,    1.080,    0.000,
    0.930,    0.070,    1.070,    0.000,
    0.900,   -0.020,    1.070,    0.000,
    0.900,    0.020,    1.070,    0.000,
    0.870,    0.000,    1.070,    0.000,
    0.910,    0.000,    1.070,    0.000,
    0.910,    0.000,    1.070,    0.000,
    0.930,    0.030,    1.070,    0.000,
    0.910,    0.020,    1.070,    0.000,
    0.910,    0.000,    1.050,    0.000,
    0.890,    0.000,    0.840,    0.000,
    0.700,   -0.020,    0.260,    0.000,
    0.180,   -0.020,    0.180,    0.000,
    0.340,    0.000,    0.180,    0.000,
    0.210,    0.000,    0.180,    0.000,
    0.150,   -0.020,    0.170,    0.000,
    0.070,    0.000,    0.000,    0.000,
    0.010,    0.000,    0.000,    0.000,
    0.000,    0.000,    0.000,    0.000,
    0.000,    0.000,    0.000,    0.000,
    0.000,    0.000,    0.000,    0.000,
    0.000,    0.000,    0.000,    0.000,
    0.000,    0.000,    0.000,    0.000,
    0.000,    0.000,    0.000,    0.000,
    0.000,    0.000,    0.000,    0.000,
    0.000,    0.000,    0.000,    0.000,
    0.000,    0.000,   -0.220,    0.000,
   -0.060,   -0.010,   -0.230,    0.000,
   -0.030,    0.000,   -0.230,    0.000,
   -0.010,    0.000,   -0.290,    0.000,
   -0.020,    0.000,   -0.330,    0.000,
   -0.050,    0.000,   -0.640,    0.000,
   -0.290,   -0.030,   -0.870,    0.000,
   -0.830,   -0.070,   -0.860,    0.000,
   -0.640,    0.120,   -0.860,    0.000,
   -0.400,   -0.070,   -0.860,    0.000,
   -0.900,   -0.030,   -0.860,    0.000,
   -0.740,    0.010,   -0.860,    0.000,
   -0.570,   -0.020,   -0.860,    0.000,
   -0.640,   -0.040,   -0.860,    0.000,
   -0.600,   -0.010,   -0.860,    0.000,
   -0.570,    0.000,   -0.860,    0.000,
   -0.610,    0.000,   -0.860,    0.000,
   -0.640,    0.000,   -0.860,    0.000,
   -0.660,    0.000,   -0.860,    0.000,
   -0.660,   -0.010,   -0.860,    0.000,
   -0.670,   -0.010,   -0.860,    0.000,
   -0.660,    0.000,   -0.860,    0.000,
   -0.670,   -0.030,   -0.860,    0.000,
   -0.670,   -0.010,   -0.860,    0.000,
   -0.660,    0.000,   -0.860,    0.000,
   -0.680,   -0.010,   -0.860,    0.000,
   -0.680,   -0.030,   -0.860,    0.000,
   -0.640,    0.020,   -0.870,    0.000,
   -0.670,   -0.010,   -0.890,    0.000,
   -0.720,    0.000,   -0.900,    0.000,
   -0.760,    0.040,   -0.890,    0.000,
   -0.680,   -0.050,   -0.890,    0.000,
   -0.700,   -0.020,   -0.930,    0.000,
   -0.750,    0.000,   -0.930,    0.000,
   -0.730,   -0.020,   -0.930,    0.000,
   -0.770,   -0.010,   -0.930,    0.000,
   -0.720,   -0.020,   -0.940,    0.000,
   -0.750,   -0.030,   -0.960,    0.000,
   -0.790,   -0.020,   -0.970,    0.000,
   -0.730,    0.000,   -0.970,    0.000,
   -0.820,   -0.010,   -0.980,    0.000,
   -0.790,    0.020,   -0.980,    0.000,
   -0.880,   -0.040,   -0.980,    0.000,
   -0.840,    0.000,   -1.000,    0.000,
   -0.800,    0.020,   -1.000,    0.000,
   -0.860,   -0.030,   -1.010,    0.000,
   -0.840,   -0.010,   -1.010,    0.000,
   -0.820,    0.020,   -1.050,    0.000,
   -0.880,   -0.010,   -1.170,    0.000,
   -0.980,   -0.020,   -1.250,    0.000,
   -1.080,   -0.020,   -1.250,    0.000,
   -1.000,    0.030,   -1.250,    0.000,
   -1.090,   -0.030,   -1.250,    0.000,
   -1.090,   -0.030,   -1.250,    0.000,
   -1.030,    0.030,   -1.250,    0.000,
   -1.090,   -0.050,   -1.250,    0.000,
   -1.070,    0.000,   -1.250,    0.000,
   -1.070,    0.020,   -1.250,    0.000,
   -1.090,   -0.020,   -1.270,    0.000,
   -1.040,    0.000,   -1.280,    0.000,
   -1.100,    0.000,   -1.280,    0.000,
   -1.150,   -0.050,   -1.290,    0.000,
   -1.120,    0.000,   -1.290,    0.000,
   -1.130,   -0.020,   -1.360,    0.000,
   -1.210,    0.000,   -1.420,    0.000,
   -1.260,   -0.010,   -1.490,    0.000,
   -1.340,    0.010,   -1.500,    0.000,
   -1.310,    0.000,   -1.510,    0.000,
   -1.340,   -0.010,   -1.500,    0.000,
   -1.340,   -0.010,   -1.490,    0.000,
   -1.340,   -0.040,   -1.490,    0.000,
   -1.350,   -0.020,   -1.490,    0.000,
   -1.360,   -0.030,   -1.490,    0.000,
   -1.360,    0.010,   -1.510,    0.000,
   -1.380,    0.010,   -1.510,    0.000,
   -1.390,   -0.010,   -1.520,    0.000,
   -1.370,    0.000,   -1.520,    0.000,
   -1.380,    0.000,   -1.520,    0.000,
   -1.390,   -0.010,   -1.520,    0.000,
   -1.390,    0.000,   -1.520,    0.000,
   -1.370,    0.020,   -1.520,    0.000,
   -1.400,   -0.030,   -1.520,    0.000,
   -1.430,    0.040,   -1.520,    0.000,
   -1.390,   -0.070,   -1.510,    0.000,
   -1.330,    0.000,   -1.520,    0.000,
   -1.370,    0.040,   -1.530,    0.000,
   -1.410,   -0.040,   -1.520,    0.000,
   -1.380,   -0.010,   -1.520,    0.000,
   -1.370,   -0.040,   -1.520,    0.000,
   -1.370,    0.010,   -1.520,    0.000,
   -1.370,   -0.030,   -1.520,    0.000,
   -1.420,    0.010,   -1.520,    0.000,
   -1.370,   -0.010,   -1.520,    0.000,
   -1.390,   -0.050,   -1.520,    0.000,
   -1.380,    0.000,   -1.510,    0.000,
   -1.360,   -0.010,   -1.510,    0.000,
   -1.380,   -0.010,   -1.510,    0.000,
   -1.400,    0.010,   -1.510,    0.000,
   -1.380,    0.000,   -1.490,    0.000,
   -1.380,   -0.020,   -1.490,    0.000,
   -1.370,   -0.030,   -1.490,    0.000,
   -1.370,    0.010,   -1.460,    0.000,
   -1.340,   -0.030,   -1.340,    0.000,
   -1.210,    0.000,   -1.230,    0.000,
   -1.100,    0.030,   -0.950,    0.000,
   -0.950,    0.000,   -0.310,    0.000,
   -0.160,    0.030,    0.000,   -0.150,
   -0.200,   -0.180,    0.000,   -0.150,
   -0.100,   -0.100,    0.000,    0.000,
   -0.130,    0.000,    0.000,   -0.150,
   -0.060,   -0.080,    0.000,    0.000,
    0.000,   -0.020,    0.000,    0.000,
    0.000,    0.010,    0.000,    0.000,
    0.000,    0.000,    0.000,    0.000,
    0.000,    0.000,    0.000,   -0.150,
   -0.010,   -0.070,    0.160,   -0.150,
    0.080,   -0.080,    0.170,   -0.150,
    0.110,   -0.110,    0.180,    0.000,
    0.120,   -0.010,    0.180,    0.000,
    0.070,    0.000,    0.240,    0.000,
    0.060,    0.010,    0.270,    0.000,
    0.060,    0.000,    0.300,    0.000,
    0.060,    0.010,    0.300,    0.000,
    0.070,    0.010,    0.330,    0.000,
    0.080,    0.000,    0.340,    0.000,
    0.110,    0.010,    0.360,    0.000,
    0.140,    0.010,    0.380,    0.000,
    0.140,   -0.010,    0.390,    0.000,
    0.160,    0.000,    0.400,    0.000,
    0.180,    0.000,    0.400,    0.000,
    0.190,    0.020,    0.410,    0.000,
    0.200,   -0.020,    0.430,    0.000,
    0.220,    0.020,    0.470,    0.000,
    0.240,    0.010,    0.480,    0.000,
    0.270,    0.000,    0.480,    0.000,
    0.250,    0.010,    0.520,    0.000,
    0.320,    0.000,    0.620,    0.000,
    0.460,    0.010,    0.840,    0.000,
    0.700,    0.010,    0.830,    0.000,
    0.770,    0.030,    0.830,    0.000,
    0.500,   -0.040,    0.820,    0.000,
    0.550,    0.000,    0.830,    0.000,
    0.650,    0.020,    0.850,    0.000,
    0.580,    0.000,    0.880,    0.000,
    0.680,    0.010,    0.880,    0.000,
    0.690,    0.020,    0.880,    0.000,
    0.620,    0.000,    0.910,    0.000,
    0.740,    0.020,    0.930,    0.000,
    0.730,    0.020,    0.940,    0.000,
    0.760,    0.000,    0.950,    0.000,
    0.740,    0.000,    0.960,    0.000,
    0.760,    0.000,    0.980,    0.000,
    0.750,   -0.020,    0.980,    0.000,
    0.780,    0.000,    0.990,    0.000,
    0.820,    0.000,    0.980,    0.000,
    0.790,    0.010,    1.000,    0.000,
    0.820,    0.000,    1.000,    0.000,
    0.830,    0.030,    1.040,    0.000,
    0.860,    0.020,    1.130,    0.000,
    0.960,    0.020,    1.130,    0.000,
    0.930,    0.010,    1.170,    0.000,
    1.000,    0.000,    1.160,    0.000,
    0.960,   -0.010,    1.160,    0.000,
    0.980,    0.020,    1.160,    0.000,
    0.980,   -0.010,    1.150,    0.000,
    0.950,    0.000,    1.160,    0.000,
    1.000,    0.030,    1.150,    0.000,
    1.020,    0.030,    1.150,    0.000,
    0.980,   -0.010,    1.150,    0.000,
    0.980,    0.020,    1.150,    0.000,
    1.000,    0.010,    1.150,    0.000,
    0.970,   -0.010,    1.150,    0.000,
    0.990,    0.010,    1.150,    0.000,
    0.980,    0.000,    1.150,    0.000,
    0.990,    0.030,    1.150,    0.000,
    1.010,    0.000,    1.150,    0.000,
    1.000,    0.030,    1.160,    0.000,
    1.040,    0.010,    1.160,    0.000,
    0.970,    0.000,    1.160,    0.000,
    1.040,    0.040,    1.160,    0.000,
    0.990,   -0.010,    1.170,    0.000,
    1.030,    0.000,    1.180,    0.000,
    1.030,   -0.020,    1.170,    0.000,
    0.990,    0.000,    1.180,    0.000,
    1.020,    0.000,    1.180,    0.000,
    1.000,    0.020,    1.190,    0.000,
    1.030,    0.020,    1.210,    0.000,
    1.030,    0.000,    1.210,    0.000,
    1.040,    0.000,    1.190,    0.000,
    1.030,   -0.010,    1.190,    0.000,
    1.050,    0.010,    1.190,    0.000,
    1.030,    0.000,    1.200,    0.000,
    1.020,    0.020,    1.220,    0.000,
    1.070,    0.020,    1.230,    0.000,
    1.130,    0.030,    1.230,    0.000,
    1.080,   -0.020,    1.230,    0.000,
    1.090,    0.010,    1.230,    0.000,
    1.060,    0.000,    1.240,    0.000,
    1.060,    0.000,    1.240,    0.000,
    1.130,    0.040,    1.250,    0.000,
    1.100,    0.000,    1.360,    0.000,
    1.240,    0.030,    1.430,   -0.150,
    1.270,   -0.150,    1.520,   -0.150,
    1.400,   -0.210,    1.550,   -0.150,
    1.330,   -0.080,    1.550,   -0.150,
    1.340,   -0.190,    1.550,   -0.150,
    1.380,   -0.150,    1.550,   -0.150,
    1.370,   -0.120,    1.550,   -0.150,
    1.430,   -0.090,    1.550,   -0.150,
    1.360,   -0.150,    1.550,   -0.150,
    1.400,   -0.120,    1.550,   -0.150,
    1.420,   -0.120,    1.550,   -0.150,
    1.380,   -0.200,    1.550,   -0.150,
    1.380,   -0.130,    1.550,   -0.150,
    1.410,   -0.150,    1.550,   -0.150,
    1.470,   -0.120,    1.550,   -0.150,
    1.510,   -0.090,    1.550,   -0.150,
    1.500,   -0.110,    1.550,   -0.150,
    1.400,   -0.190,    1.540,   -0.150,
    1.400,   -0.170,    1.540,   -0.150,
    1.450,   -0.180,    1.550,   -0.150,
    1.360,   -0.190,    1.550,   -0.150,
    1.450,   -0.130,    1.550,   -0.150,
    1.360,   -0.200,    1.550,   -0.150,
    1.370,   -0.170,    1.550,   -0.150,
    1.440,   -0.090,    1.550,   -0.150,
    1.380,   -0.190,    1.540,    0.000,
    1.420,    0.000,    1.550,    0.000,
    1.440,    0.040,    1.530,    0.000,
    1.350,   -0.080,    1.340,    0.000,
    1.220,   -0.030,    0.660,    0.000,
    0.610,    0.280,    0.330,    0.000,
    0.290,   -0.110,    0.290,    0.000,
    0.540,    0.000,    0.220,    0.000,
    0.340,   -0.020,    0.180,    0.000,
    0.270,    0.020,    0.170,    0.000,
    0.210,   -0.010,    0.000,    0.000,
    0.080,    0.000,    0.000,    0.000,
    0.000,    0.000,    0.000,    0.000,
    0.000,    0.000,    0.000,    0.000,
    0.000,    0.000,    0.000,    0.000,
    0.000,    0.000,    0.000,    0.000,
    0.000,    0.000,    0.000,    0.000,
    0.000,    0.000,   -0.190,    0.000,
   -0.030,   -0.010,   -0.800,    0.000,
   -0.210,    0.000,   -0.790,    0.000,
   -0.780,   -0.080,   -0.790,    0.000,
   -0.510,   -0.060,   -0.790,    0.000,
   -0.370,    0.070,   -0.790,    0.000,
   -0.600,   -0.020,   -0.790,    0.000,
   -0.540,    0.000,   -0.800,    0.000,
   -0.440,    0.030,   -0.820,    0.000,
   -0.580,    0.000,   -0.840,    0.000,
   -0.660,    0.010,   -0.910,    0.000,
   -0.680,    0.000,   -1.030,    0.000,
   -0.840,   -0.020,   -1.110,    0.000,
   -0.910,    0.000,   -1.110,    0.000,
   -0.860,    0.000,   -1.110,    0.000,
   -0.860,   -0.030,   -1.130,    0.000,
   -0.930,   -0.040,   -1.140,    0.000,
   -0.890,   -0.030,   -1.170,    0.000,
   -0.960,    0.010,   -1.310,    0.000,
   -1.120,   -0.020,   -1.380,    0.000,
   -1.220,   -0.030,   -1.420,    0.000,
   -1.160,    0.000,   -1.430,    0.000,
   -1.240,   -0.010,   -1.430,    0.000,
   -1.240,   -0.020,   -1.440,    0.000,
   -1.260,    0.000,   -1.430,    0.000,
   -1.250,    0.020,   -1.460,    0.000,
   -1.250,   -0.010,   -1.460,    0.000,
   -1.290,   -0.010,   -1.460,    0.000,
   -1.290,   -0.010,   -1.480,    0.000,
   -1.280,   -0.060,   -1.490,    0.000,
   -1.340,    0.020,   -1.490,    0.000,
   -1.310,   -0.040,   -1.520,    0.000,
   -1.360,   -0.030,   -1.520,    0.000,
   -1.340,    0.000,   -1.520,    0.000,
   -1.430,   -0.060,   -1.530,    0.000,
   -1.450,   -0.030,   -1.530,    0.000,
   -1.370,    0.040,   -1.530,    0.000,
   -1.390,   -0.040,   -1.530,    0.000,
   -1.400,   -0.010,   -1.530,    0.000,
   -1.320,    0.060,   -1.530,    0.000,
   -1.470,   -0.060,   -1.550,    0.000,
   -1.450,   -0.030,   -1.550,    0.000,
   -1.420,    0.010,   -1.540,    0.000,
   -1.440,    0.010,   -1.570,    0.000,
   -1.410,    0.070,   -1.570,    0.000,
   -1.470,    0.030,   -1.560,    0.000,
   -1.430,   -0.010,   -1.570,    0.000,
   -1.410,   -0.010,   -1.590,    0.000,
   -1.440,   -0.020,   -1.610,    0.000,
   -1.470,   -0.010,   -1.830,    0.000,
   -1.720,   -0.020,   -1.880,    0.000,
   -1.740,    0.000,   -1.880,    0.000,
   -1.670,   -0.010,   -1.880,    0.000,
   -1.780,    0.020,   -1.870,    0.000,
   -1.740,    0.000,   -1.870,    0.000,
   -1.740,   -0.040,   -1.870,    0.000,
   -1.700,   -0.010,   -1.870,    0.000,
   -1.740,   -0.050,   -1.870,    0.000,
   -1.720,   -0.010,   -1.870,    0.000,
   -1.740,   -0.020,   -1.880,    0.000,
   -1.740,   -0.010,   -1.870,    0.000,
   -1.710,    0.000,   -1.870,    0.000,
   -1.820,    0.040,   -1.880,    0.000,
   -1.720,   -0.010,   -1.870,    0.000,
   -1.830,   -0.120,   -1.880,    0.000,
   -1.730,    0.030,   -1.880,    0.000,
   -1.750,    0.020,   -1.870,    0.000,
   -1.770,   -0.080,   -1.880,    0.000,
   -1.720,    0.010,   -1.880,    0.000,
   -1.760,    0.000,   -1.880,    0.000,
   -1.750,    0.010,   -1.880,    0.000,
   -1.790,   -0.010,   -1.880,    0.000,
   -1.790,   -0.030,   -1.870,    0.000,
   -1.720,   -0.020,   -1.870,    0.000,
   -1.800,    0.060,   -1.880,    0.000,
   -1.750,   -0.030,   -1.870,    0.000,
   -1.730,   -0.050,   -1.870,    0.000,
   -1.730,   -0.030,   -1.870,    0.000,
   -1.770,   -0.080,   -1.870,    0.000,
   -1.820,   -0.020,   -1.860,    0.000,
   -1.760,    0.000,   -1.830,    0.000,
   -1.770,   -0.030,   -1.710,    0.000,
   -1.570,    0.040,   -1.110,    0.000,
   -1.290,    0.070,   -1.010,    0.000,
   -1.070,    0.040,   -1.000,    0.000,
   -1.070,    0.010,   -0.230,    0.000,
   -0.030,    0.030,    0.000,    0.000,
   -0.110,   -0.100,    0.000,    0.000,
   -0.320,    0.070,    0.000,    0.000,
   -0.150,    0.010,    0.000,    0.000,
   -0.080,    0.010,    0.000,    0.000,
    0.000,    0.000,    0.000,    0.000,
    0.010,    0.000,    0.000,    0.000,
    0.000,    0.000,    0.000,    0.000,
    0.000,    0.000,    0.150,   -0.150,
    0.030,   -0.040,    0.170,   -0.150,
    0.070,   -0.100,    0.200,   -0.150,
    0.090,   -0.100,    0.220,   -0.150,
    0.100,   -0.120,    0.220,   -0.150,
    0.100,   -0.100,    0.270,    0.000,
    0.120,   -0.030,    0.340,    0.000,
    0.120,    0.020,    0.580,    0.000,
    0.340,    0.060,    0.730,    0.000,
    0.560,    0.020,    0.840,    0.000,
    0.620,    0.010,    0.850,    0.000,
    0.620,    0.020,    0.960,    0.000,
    0.740,    0.050,    1.040,    0.000,
    0.850,    0.010,    1.100,    0.000,
    0.890,   -0.040,    1.110,    0.000,
    0.870,   -0.020,    1.110,    0.000,
    0.870,   -0.010,    1.150,    0.000,
    0.910,    0.000,    1.220,    0.000,
    0.980,    0.070,    1.230,    0.000,
    0.940,    0.020,    1.260,    0.000,
    1.050,    0.000,    1.340,    0.000,
    1.200,    0.030,    1.440,    0.000,
    1.250,   -0.010,    1.430,    0.000,
    1.230,    0.060,    1.490,    0.000,
