    0.000,    0.000,    0.000,    0.000,
    0.000,    0.000,    0.000,    0.000,
    0.000,    0.000,    0.000,    0.000,
    0.000,    0.000,    0.000,    0.000,
    0.000,    0.000,    0.000,    0.000,
    0.000,    0.000,    0.000,    0.000,
    0.000,    0.000,    0.000,    0.000,
    0.000,    0.000,    0.000,    0.000,
    0.000,    0.000,    0.000,    0.000,
    0.000,    0.000,    0.170,    0.000,
    0.030,    0.000,    0.180,    0.000,
    0.010,    0.000,    0.190,    0.000,
    0.000,    0.000,    0.190,    0.000,
    0.000,    0.000,    0.200,    0.000,
    0.000,    0.000,    0.180,    0.000,
    0.000,    0.000,    0.180,    0.000,
    0.000,    0.000,    0.200,    0.000,
    0.000,    0.000,    0.200,    0.000,
    0.000,    0.000,    0.220,    0.000,
    0.000,    0.000,    0.220,    0.000,
    0.000,    0.000,    0.220,    0.000,
    0.000,    0.000,    0.220,    0.000,
    0.000,    0.000,    0.210,    0.000,
    0.000,    0.000,    0.200,    0.000,
    0.000,    0.000,    0.210,    0.000,
    0.000,    0.000,    0.210,    0.000,
    0.000,    0.000,    0.220,    0.000,
    0.000,    0.000,    0.240,    0.000,
    0.000,    0.000,    0.270,    0.000,
    0.010,    0.000,    0.270,    0.000,
    0.000,    0.000,    0.290,    0.000,
    0.000,    0.000,    0.300,    0.000,
    0.010,    0.000,    0.390,    0.000,
    0.080,   -0.010,    0.440,    0.000,
    0.120,    0.040,    0.530,    0.000,
    0.260,   -0.020,    0.540,    0.000,
    0.320,    0.060,    0.530,    0.000,
    0.180,   -0.040,    0.530,    0.000,
    0.120,   -0.010,    0.530,    0.000,
    0.180,    0.020,    0.540,    0.000,
    0.220,    0.000,    0.570,    0.000,
    0.290,    0.070,    0.930,   -0.150,
    0.470,   -0.070,    0.970,   -0.150,
    1.040,   -0.150,    0.990,   -0.150,
    0.840,   -0.150,    0.990,   -0.150,
    0.660,   -0.210,    0.980,   -0.150,
    0.800,   -0.020,    0.990,   -0.150,
    0.830,   -0.040,    0.990,   -0.150,
    0.750,   -0.220,    1.000,   -0.150,
    0.790,   -0.060,    0.990,   -0.150,
    0.710,   -0.150,    0.980,   -0.150,
    0.760,   -0.160,    0.990,   -0.150,
    0.790,   -0.140,    0.990,   -0.150,
    0.740,   -0.140,    0.990,   -0.150,
    0.770,   -0.160,    0.990,   -0.150,
    0.780,   -0.180,    0.990,   -0.150,
    0.740,   -0.160,    0.990,   -0.150,
    0.750,   -0.150,    1.000,   -0.150,
    0.800,   -0.190,    1.020,   -0.150,
    0.830,   -0.150,    1.030,   -0.150,
    0.800,   -0.140,    1.060,   -0.150,
    0.850,   -0.140,    1.060,   -0.150,
    0.860,   -0.120,    1.070,   -0.150,
    0.860,   -0.170,    1.070,   -0.150,
    1.000,   -0.060,    1.080,   -0.150,
    0.900,   -0.150,    1.090,   -0.150,
    0.910,   -0.180,    1.090,   -0.150,
    1.060,   -0.080,    1.090,   -0.150,
    0.860,   -0.220,    1.090,   -0.150,
    0.870,   -0.190,    1.090,   -0.150,
    1.030,   -0.080,    1.100,   -0.150,
    0.880,   -0.200,    1.110,   -0.150,
    0.920,   -0.160,    1.120,   -0.150,
    0.990,   -0.130,    1.120,   -0.150,
    0.940,   -0.160,    1.130,   -0.150,
    1.050,   -0.110,    1.140,   -0.150,
    1.070,   -0.140,    1.140,   -0.150,
    1.040,   -0.160,    1.140,   -0.150,
    0.990,   -0.170,    1.140,   -0.150,
    1.000,   -0.160,    1.140,   -0.150,
    1.070,   -0.120,    1.140,   -0.150,
    1.070,   -0.150,    1.140,   -0.150,
    1.010,   -0.170,    1.140,   -0.150,
    1.040,   -0.130,    1.140,   -0.150,
    1.040,   -0.130,    1.140,   -0.150,
    1.000,   -0.140,    1.140,   -0.150,
    1.050,   -0.150,    1.140,   -0.150,
    0.910,   -0.210,    1.140,   -0.150,
    0.880,   -0.190,    1.140,   -0.150,
    0.890,   -0.210,    1.140,   -0.150,
    0.840,   -0.170,    1.140,   -0.150,
    0.900,   -0.120,    1.140,   -0.150,
    1.030,   -0.090,    1.140,   -0.150,
    1.020,   -0.130,    1.140,   -0.150,
    1.060,   -0.150,    1.130,   -0.150,
    0.970,   -0.190,    1.130,   -0.150,
    0.820,   -0.220,    1.130,   -0.150,
    0.960,   -0.110,    1.140,   -0.150,
    0.920,   -0.190,    1.140,   -0.150,
    0.880,   -0.190,    1.140,   -0.150,
    0.940,   -0.140,    1.140,   -0.150,
    0.920,   -0.160,    1.140,   -0.150,
    0.940,   -0.160,    1.140,   -0.150,
    0.930,   -0.180,    1.140,   -0.150,
    0.940,   -0.180,    1.140,   -0.150,
    0.990,   -0.190,    1.140,   -0.150,
    1.060,   -0.220,    1.140,   -0.150,
    0.960,   -0.110,    1.140,   -0.150,
    0.870,   -0.100,    1.140,   -0.150,
    1.000,   -0.100,    1.140,   -0.150,
    1.060,   -0.050,    1.140,   -0.150,
    1.040,   -0.140,    1.150,   -0.150,
    1.020,   -0.160,    1.170,   -0.150,
    1.080,   -0.110,    1.170,   -0.150,
    1.010,   -0.180,    1.160,   -0.150,
    1.060,   -0.120,    1.150,   -0.150,
    1.030,   -0.160,    1.150,   -0.150,
    0.950,   -0.180,    1.140,   -0.150,
    0.930,   -0.170,    0.200,    0.000,
   -0.020,   -0.040,    0.000,    0.000,
    0.170,   -0.100,    0.000,    0.000,
    0.100,   -0.080,    0.000,    0.000,
    0.020,   -0.030,    0.000,    0.000,
    0.000,    0.000,    0.000,    0.000,
    0.000,    0.000,    0.000,    0.000,
    0.000,    0.000,    0.000,    0.000,
    0.000,    0.000,    0.000,    0.000,
    0.000,    0.000,    0.000,    0.000,
    0.000,    0.000,    0.000,    0.000,
    0.000,    0.000,    0.000,    0.000,
    0.000,    0.000,    0.000,   -0.150,
    0.000,   -0.070,    0.000,   -0.150,
   -0.020,   -0.080,    0.000,   -0.170,
    0.000,   -0.100,    0.000,   -0.170,
    0.010,   -0.100,    0.000,   -0.170,
    0.020,   -0.100,    0.000,   -0.160,
    0.010,   -0.120,    0.000,   -0.160,
    0.000,   -0.090,    0.000,   -0.150,
    0.020,   -0.090,    0.000,    0.000,
    0.030,   -0.020,    0.000,    0.000,
    0.010,    0.010,    0.000,    0.000,
    0.000,    0.000,    0.000,    0.000,
    0.000,    0.000,    0.000,    0.000,
    0.000,    0.000,    0.000,    0.000,
    0.000,    0.000,    0.000,    0.000,
    0.000,    0.000,   -0.260,    0.000,
   -0.070,   -0.010,   -0.730,    0.000,
   -0.270,   -0.030,   -0.740,    0.000,
   -0.780,   -0.090,   -0.720,    0.000,
   -0.480,    0.060,   -0.700,    0.000,
   -0.300,    0.060,   -0.680,    0.000,
   -0.560,   -0.090,   -0.680,    0.000,
   -0.510,   -0.010,   -0.650,    0.000,
   -0.340,    0.050,   -0.650,    0.000,
   -0.410,   -0.030,   -0.650,    0.000,
   -0.420,    0.000,   -0.650,    0.000,
   -0.440,    0.010,   -0.640,    0.000,
   -0.570,   -0.040,   -0.650,    0.000,
   -0.480,    0.010,   -0.650,    0.000,
   -0.560,   -0.050,   -0.650,    0.000,
   -0.550,    0.010,   -0.650,    0.000,
   -0.370,    0.070,   -0.650,    0.000,
   -0.580,   -0.060,   -0.650,    0.000,
   -0.510,   -0.030,   -0.650,    0.000,
   -0.460,    0.020,   -0.650,    0.000,
   -0.500,   -0.050,   -0.650,    0.000,
   -0.450,    0.000,   -0.650,    0.000,
   -0.500,    0.000,   -0.710,    0.000,
   -0.540,   -0.030,   -0.780,    0.000,
   -0.540,   -0.030,   -0.780,    0.000,
   -0.600,   -0.030,   -0.780,    0.000,
   -0.690,   -0.010,   -0.780,    0.000,
   -0.650,   -0.010,   -0.790,    0.000,
   -0.540,    0.000,   -0.850,    0.000,
   -0.650,   -0.030,   -0.950,    0.000,
   -0.810,   -0.080,   -0.990,    0.000,
   -0.760,    0.000,   -0.990,    0.000,
   -0.750,    0.040,   -0.990,    0.000,
   -0.840,   -0.040,   -0.980,    0.000,
   -0.700,    0.040,   -0.990,    0.000,
   -0.710,    0.030,   -0.990,    0.000,
   -0.800,   -0.030,   -0.990,    0.000,
   -0.760,    0.020,   -0.990,    0.000,
   -0.770,    0.010,   -1.000,    0.000,
   -0.860,    0.030,   -1.010,    0.000,
   -0.860,    0.020,   -1.040,    0.000,
   -0.940,    0.030,   -1.060,    0.000,
   -0.980,    0.040,   -1.130,    0.000,
   -0.920,   -0.020,   -1.210,    0.000,
   -0.970,   -0.030,   -1.220,    0.000,
   -1.040,   -0.020,   -1.220,    0.000,
   -0.950,   -0.060,   -1.210,    0.000,
   -1.010,    0.000,   -1.210,    0.000,
   -0.970,   -0.030,   -1.210,    0.000,
   -1.000,   -0.060,   -1.210,    0.000,
   -1.010,    0.000,   -1.210,    0.000,
   -1.000,   -0.020,   -1.210,    0.000,
   -1.000,    0.010,   -1.210,    0.000,
   -1.030,    0.000,   -1.210,    0.000,
   -1.090,   -0.070,   -1.230,    0.000,
   -1.090,   -0.010,   -1.250,    0.000,
   -1.060,    0.000,   -1.260,    0.000,
   -1.150,   -0.040,   -1.280,    0.000,
   -1.060,    0.040,   -1.300,    0.000,
   -1.150,    0.010,   -1.420,    0.000,
   -1.260,   -0.050,   -1.450,    0.000,
   -1.240,    0.010,   -1.460,    0.000,
   -1.230,    0.000,   -1.460,    0.000,
   -1.320,   -0.070,   -1.460,    0.000,
   -1.260,    0.010,   -1.450,    0.000,
   -1.260,    0.040,   -1.450,    0.000,
   -1.350,    0.020,   -1.450,    0.000,
   -1.330,    0.050,   -1.450,    0.000,
   -1.370,    0.010,   -1.450,    0.000,
   -1.210,   -0.100,   -1.450,    0.000,
   -1.240,   -0.010,   -1.450,    0.000,
   -1.300,   -0.030,   -1.450,    0.000,
   -1.280,   -0.050,   -1.450,    0.000,
   -1.250,    0.050,   -1.440,    0.000,
   -1.260,   -0.030,   -1.450,    0.000,
   -1.310,    0.000,   -1.440,    0.000,
   -1.280,   -0.020,   -1.440,    0.000,
   -1.280,   -0.020,   -1.450,    0.000,
   -1.310,   -0.030,   -1.450,    0.000,
   -1.310,    0.000,   -1.450,    0.000,
   -1.300,    0.000,   -1.450,    0.000,
   -1.340,   -0.010,   -1.450,    0.000,
   -1.320,    0.000,   -1.450,    0.000,
   -1.310,    0.000,   -1.450,    0.000,
   -1.310,    0.000,   -1.440,    0.000,
   -1.310,   -0.030,   -1.440,    0.000,
   -1.300,    0.010,   -1.450,    0.000,
   -1.330,   -0.020,   -1.450,    0.000,
   -1.370,   -0.040,   -1.450,    0.000,
   -1.310,    0.000,   -1.450,    0.000,
   -1.330,   -0.010,   -1.450,    0.000,
   -1.360,    0.010,   -1.450,    0.000,
   -1.290,   -0.010,   -1.440,    0.000,
   -1.310,   -0.020,   -1.440,    0.000,
   -1.300,    0.000,   -1.420,    0.000,
   -1.290,   -0.040,   -0.990,    0.000,
   -1.060,    0.000,   -0.890,    0.000,
   -0.860,    0.010,   -0.220,    0.000,
   -0.180,    0.070,    0.000,    0.000,
   -0.190,   -0.020,    0.000,    0.000,
   -0.200,   -0.010,    0.000,    0.000,
   -0.070,    0.000,    0.000,    0.000,
   -0.020,    0.000,    0.000,    0.000,
    0.000,    0.000,    0.000,    0.000,
    0.000,    0.000,    0.000,    0.000,
    0.000,    0.000,    0.000,    0.000,
    0.000,    0.000,    0.150,   -0.180,
    0.020,   -0.050,    0.150,   -0.170,
    0.060,   -0.100,    0.160,   -0.170,
    0.100,   -0.120,    0.190,   -0.160,
    0.110,   -0.130,    0.220,   -0.150,
    0.110,   -0.110,    0.300,   -0.150,
    0.150,   -0.120,    0.310,   -0.150,
    0.150,   -0.150,    0.330,   -0.150,
    0.150,   -0.140,    0.330,   -0.150,
    0.170,   -0.130,    0.340,   -0.150,
    0.190,   -0.130,    0.480,   -0.150,
    0.270,   -0.140,    0.960,   -0.170,
    0.610,   -0.120,    0.970,   -0.170,
    0.910,   -0.170,    0.970,   -0.170,
    0.590,   -0.200,    0.970,   -0.170,
    0.640,   -0.130,    0.950,   -0.170,
    0.820,   -0.240,    0.880,   -0.170,
    0.620,   -0.140,    0.880,   -0.170,
    0.570,   -0.110,    0.880,   -0.170,
    0.760,   -0.130,    0.880,   -0.170,
    0.610,   -0.190,    0.880,   -0.170,
    0.620,   -0.170,    0.890,   -0.170,
    0.680,   -0.160,    0.900,   -0.170,
    0.660,   -0.180,    0.940,   -0.170,
    0.770,   -0.140,    0.980,   -0.170,
    0.800,   -0.180,    1.000,   -0.170,
    0.820,   -0.150,    1.000,   -0.170,
    0.820,   -0.150,    1.000,   -0.170,
    0.790,   -0.190,    0.990,   -0.170,
    0.800,   -0.180,    0.990,   -0.170,
    0.830,   -0.170,    0.990,   -0.170,
    0.840,   -0.170,    0.990,   -0.170,
    0.800,   -0.210,    0.990,   -0.170,
    0.800,   -0.190,    1.000,   -0.170,
    0.790,   -0.180,    1.050,   -0.170,
    0.850,   -0.170,    1.200,   -0.170,
    1.030,   -0.170,    1.240,   -0.180,
    1.020,   -0.180,    1.250,   -0.180,
    0.990,   -0.160,    1.240,   -0.180,
    1.070,   -0.130,    1.240,   -0.180,
    1.080,   -0.150,    1.240,   -0.180,
    1.090,   -0.140,    1.240,   -0.180,
    1.130,   -0.160,    1.240,   -0.180,
    1.090,   -0.200,    1.240,   -0.180,
    1.070,   -0.200,    1.240,   -0.180,
    1.100,   -0.170,    1.260,   -0.180,
    1.090,   -0.220,    1.290,   -0.180,
    1.090,   -0.200,    1.260,   -0.180,
    1.070,   -0.200,    1.260,   -0.190,
    1.070,   -0.200,    1.250,   -0.200,
    1.070,   -0.240,    1.240,   -0.190,
    1.030,   -0.210,    1.240,   -0.190,
    1.050,   -0.170,    1.240,   -0.190,
    1.060,   -0.190,    1.240,   -0.190,
    1.070,   -0.190,    1.240,   -0.190,
    1.070,   -0.210,    1.240,   -0.190,
    1.060,   -0.210,    1.230,   -0.190,
    1.070,   -0.160,    1.240,   -0.190,
    1.060,   -0.230,    1.240,   -0.190,
    1.060,   -0.220,    1.240,   -0.190,
    1.060,   -0.200,    1.240,   -0.190,
    1.070,   -0.220,    1.240,   -0.190,
    1.080,   -0.170,    1.240,   -0.190,
    1.150,   -0.130,    1.240,   -0.190,
    1.080,   -0.200,    1.240,   -0.190,
    1.180,   -0.130,    1.240,   -0.190,
    1.070,   -0.220,    1.240,   -0.190,
    1.020,   -0.250,    1.240,   -0.190,
    1.130,   -0.160,    1.240,   -0.190,
    1.050,   -0.210,    1.240,   -0.190,
    1.060,   -0.230,    1.240,   -0.190,
    1.090,   -0.170,    1.240,   -0.190,
    1.050,   -0.210,    1.230,   -0.190,
    1.070,   -0.200,    1.230,   -0.190,
    1.080,   -0.210,    1.240,   -0.190,
    1.100,   -0.200,    1.240,   -0.190,
    1.100,   -0.190,    1.240,   -0.190,
    1.060,   -0.200,    1.230,   -0.190,
    1.100,   -0.180,    1.060,   -0.190,
    0.910,   -0.220,    0.180,   -0.160,
   -0.140,   -0.070,    0.170,   -0.150,
    0.380,   -0.190,    0.160,    0.000,
    0.230,   -0.020,    0.150,    0.000,
    0.130,   -0.060,    0.000,    0.000,
    0.030,   -0.010,    0.000,    0.000,
    0.000,    0.000,    0.000,    0.000,
   -0.010,    0.000,    0.000,    0.000,
    0.000,    0.000,    0.000,    0.000,
    0.000,    0.000,    0.000,    0.000,
    0.000,    0.000,    0.000,    0.000,
    0.000,    0.000,    0.000,    0.000,
    0.000,    0.000,    0.000,    0.000,
    0.000,    0.000,    0.000,    0.000,
    0.000,    0.000,    0.150,    0.000,
    0.020,    0.010,    0.160,    0.000,
    0.020,    0.000,    0.170,    0.000,
    0.010,    0.000,    0.170,    0.000,
    0.000,    0.000,    0.180,    0.000,
    0.000,    0.000,    0.190,    0.000,
    0.010,    0.000,    0.190,    0.000,
    0.000,    0.000,    0.190,    0.000,
    0.000,    0.000,    0.180,    0.000,
    0.000,    0.000,    0.180,    0.000,
    0.000,    0.000,    0.180,    0.000,
    0.000,    0.000,    0.190,    0.200,
    0.060,    0.090,    0.190,    0.240,
    0.170,    0.230,    0.200,    0.500,
    0.210,    0.430,    0.200,    0.520,
    0.220,    0.550,    0.200,    0.540,
    0.170,    0.430,    0.200,    0.610,
    0.200,    0.550,    0.210,    0.660,
    0.240,    0.650,    0.220,    0.690,
    0.230,    0.650,    0.220,    0.680,
    0.210,    0.640,    0.230,    0.670,
    0.210,    0.630,    0.270,    0.670,
    0.250,    0.650,    0.290,    0.670,
    0.270,    0.640,    0.310,    0.670,
    0.270,    0.640,    0.310,    0.670,
    0.290,    0.640,    0.310,    0.680,
    0.300,    0.640,    0.310,    0.670,
    0.310,    0.660,    0.310,    0.670,
    0.320,    0.650,    0.310,    0.670,
    0.300,    0.650,    0.310,    0.670,
    0.310,    0.640,    0.310,    0.670,
    0.310,    0.650,    0.310,    0.670,
    0.320,    0.650,    0.310,    0.670,
    0.320,    0.640,    0.310,    0.670,
    0.310,    0.650,    0.310,    0.670,
    0.300,    0.650,    0.310,    0.670,
    0.310,    0.620,    0.310,    0.670,
    0.330,    0.640,    0.310,    0.670,
    0.340,    0.650,    0.310,    0.670,
    0.340,    0.650,    0.320,    0.670,
    0.330,    0.650,    0.320,    0.670,
    0.310,    0.640,    0.330,    0.670,
    0.300,    0.640,    0.340,    0.670,
    0.340,    0.660,    0.340,    0.670,
    0.340,    0.650,    0.330,    0.670,
    0.340,    0.660,    0.340,    0.690,
    0.310,    0.670,    0.340,    0.690,
    0.300,    0.650,    0.340,    0.690,
    0.310,    0.650,    0.330,    0.690,
    0.300,    0.640,    0.330,    0.720,
    0.320,    0.700,    0.330,    0.740,
    0.320,    0.750,    0.340,    0.770,
    0.370,    0.750,    0.360,    0.810,
    0.410,    0.800,    0.360,    0.810,
    0.390,    0.810,    0.360,    0.830,
    0.340,    0.800,    0.360,    0.830,
    0.350,    0.820,    0.360,    0.840,
    0.370,    0.830,    0.380,    0.850,
    0.390,    0.830,    0.390,    0.870,
    0.410,    0.860,    0.420,    0.940,
    0.430,    0.940,    0.440,    0.980,
    0.450,    0.950,    0.430,    0.980,
    0.440,    0.970,    0.430,    0.980,
    0.450,    0.970,    0.430,    0.980,
    0.450,    0.970,    0.430,    0.980,
    0.420,    0.970,    0.430,    0.970,
    0.440,    0.970,    0.440,    0.980,
    0.460,    0.970,    0.440,    0.980,
    0.470,    0.980,    0.440,    0.980,
    0.470,    0.970,    0.440,    0.980,
    0.470,    0.980,    0.440,    0.980,
    0.480,    0.970,    0.440,    0.980,
    0.490,    0.980,    0.440,    0.980,
    0.480,    0.980,    0.430,    0.980,
    0.460,    0.970,    0.430,    0.980,
    0.510,    0.990,    0.430,    0.980,
    0.480,    1.010,    0.430,    0.980,
    0.400,    0.920,    0.430,    0.980,
    0.420,    0.970,    0.430,    0.980,
    0.430,    0.970,    0.430,    0.980,
    0.440,    0.970,    0.430,    0.970,
    0.470,    0.970,    0.410,    0.950,
    0.410,    0.920,    0.380,    0.930,
    0.400,    0.950,    0.380,    0.930,
    0.410,    0.930,    0.390,    0.930,
    0.390,    0.930,    0.390,    0.890,
    0.390,    0.880,    0.350,    0.700,
    0.410,    0.760,    0.230,    0.470,
    0.090,    0.310,    0.180,    0.170,
    0.350,    0.290,    0.170,    0.000,
    0.210,    0.020,    0.150,    0.000,
    0.170,    0.040,    0.000,    0.000,
    0.010,    0.010,    0.000,    0.000,
    0.000,    0.000,    0.000,    0.000,
    0.000,    0.000,    0.000,    0.000,
    0.000,    0.000,    0.000,    0.000,
    0.000,    0.000,    0.000,    0.000,
    0.000,    0.000,    0.000,    0.000,
    0.000,    0.000,    0.000,    0.000,
    0.000,    0.000,    0.000,    0.000,
    0.000,    0.000,    0.000,    0.000,
    0.000,    0.000,    0.000,    0.000,
    0.000,    0.000,   -0.290,    0.000,
   -0.070,    0.000,   -0.320,    0.000,
   -0.060,   -0.010,   -0.320,    0.000,
   -0.070,   -0.010,   -0.340,    0.000,
   -0.100,   -0.020,   -0.490,    0.000,
   -0.210,   -0.010,   -0.790,    0.000,
   -0.640,    0.000,   -0.810,    0.000,
   -0.720,   -0.010,   -1.010,    0.000,
   -0.780,    0.000,   -1.080,    0.000,
   -1.050,    0.030,   -1.140,    0.000,
   -0.960,    0.000,   -1.140,    0.000,
   -0.890,    0.000,   -1.140,    0.000,
   -0.920,    0.010,   -1.130,    0.000,
   -0.890,    0.000,   -1.130,    0.000,
   -0.880,   -0.010,   -1.130,    0.000,
   -0.900,   -0.010,   -1.120,    0.000,
   -0.830,   -0.070,   -1.120,    0.000,
   -0.910,   -0.010,   -1.110,    0.000,
   -0.940,   -0.050,   -1.110,    0.000,
   -0.890,   -0.040,   -1.110,    0.000,
   -0.920,   -0.010,   -1.100,    0.000,
   -0.950,   -0.010,   -1.100,    0.000,
   -0.920,    0.000,   -1.090,    0.000,
   -0.910,    0.010,   -1.090,    0.000,
   -0.900,    0.000,   -1.090,    0.000,
   -0.920,   -0.010,   -1.090,    0.000,
   -0.880,    0.010,   -1.090,    0.000,
   -0.930,   -0.010,   -1.090,    0.000,
   -0.920,    0.020,   -1.090,    0.000,
   -0.940,   -0.040,   -1.090,    0.000,
   -0.880,    0.010,   -1.090,    0.000,
   -0.890,    0.010,   -1.090,    0.000,
   -0.920,    0.010,   -1.090,    0.000,
   -0.920,   -0.020,   -1.090,    0.000,
   -0.920,    0.000,   -1.090,    0.000,
   -0.920,   -0.020,   -1.090,    0.000,
   -0.910,   -0.010,   -1.090,    0.000,
   -0.930,   -0.030,   -1.090,    0.000,
   -0.970,   -0.040,   -1.090,    0.000,
   -0.950,    0.010,   -1.090,    0.000,
   -0.920,    0.020,   -1.090,    0.000,
   -0.950,    0.000,   -1.090,    0.000,
   -0.930,    0.000,   -1.100,    0.000,
   -0.940,    0.000,   -1.100,    0.000,
   -0.920,    0.000,   -1.100,    0.000,
   -0.930,   -0.010,   -1.110,    0.000,
   -0.930,   -0.010,   -1.110,    0.000,
   -0.950,    0.010,   -1.110,    0.000,
   -0.920,   -0.040,   -1.110,    0.000,
   -0.930,    0.000,   -1.110,    0.000,
   -0.940,    0.000,   -1.110,    0.000,
   -0.950,   -0.010,   -1.110,    0.000,
   -0.950,   -0.030,   -1.110,    0.000,
   -0.960,   -0.010,   -1.110,    0.000,
   -0.940,    0.000,   -1.110,    0.000,
   -0.970,   -0.030,   -1.110,    0.000,
   -0.970,    0.000,   -1.110,    0.000,
   -0.940,    0.010,   -1.110,    0.000,
   -0.940,    0.000,   -1.110,    0.000,
   -0.960,    0.000,   -1.110,    0.000,
   -0.960,    0.000,   -1.100,    0.000,
   -0.950,   -0.030,   -1.110,    0.000,
   -0.970,   -0.040,   -1.100,    0.000,
   -0.960,   -0.010,   -1.100,    0.000,
   -0.950,    0.000,   -1.100,    0.000,
   -1.000,   -0.030,   -1.100,    0.000,
   -0.930,    0.030,   -1.100,    0.000,
   -0.940,    0.000,   -1.100,    0.000,
   -0.950,    0.000,   -1.100,    0.000,
   -0.950,   -0.010,   -1.100,    0.000,
   -0.970,   -0.010,   -1.100,    0.000,
   -0.960,   -0.020,   -1.100,    0.000,
   -0.940,    0.000,   -1.100,    0.000,
   -1.020,   -0.020,   -1.100,    0.000,
   -0.920,    0.020,   -1.110,    0.000,
   -0.930,    0.010,   -1.110,    0.000,
   -0.990,    0.050,   -1.110,    0.000,
   -1.050,    0.010,   -1.140,    0.000,
   -1.070,    0.010,   -1.140,    0.150,
   -0.950,    0.070,   -1.140,    0.150,
   -0.970,    0.110,   -1.140,    0.150,
   -1.000,    0.050,   -1.140,    0.000,
   -1.120,   -0.080,   -1.140,    0.150,
   -1.060,    0.100,   -1.140,    0.150,
   -0.910,    0.250,   -1.140,    0.150,
   -1.020,    0.160,   -1.140,    0.150,
   -0.990,    0.150,   -1.140,    0.150,
   -0.910,    0.210,   -1.140,    0.150,
   -0.980,    0.140,   -1.140,    0.160,
   -0.940,    0.170,   -1.140,    0.160,
   -0.990,    0.130,   -1.140,    0.150,
   -0.990,    0.140,   -1.140,    0.150,
   -0.980,    0.170,   -1.140,    0.150,
   -1.000,    0.140,   -1.140,    0.150,
   -1.020,    0.140,   -1.140,    0.150,
   -0.990,    0.170,   -1.140,    0.170,
   -1.020,    0.150,   -1.140,    0.150,
   -1.030,    0.130,   -1.140,    0.160,
   -0.930,    0.230,   -1.140,    0.150,
   -0.980,    0.150,   -1.140,    0.150,
   -1.030,    0.130,   -1.140,    0.160,
   -0.930,    0.200,   -1.140,    0.160,
   -0.980,    0.160,   -1.140,    0.170,
   -1.000,    0.160,   -1.140,    0.160,
   -0.980,    0.180,   -1.140,    0.160,
   -1.000,    0.140,   -1.130,    0.160,
   -0.970,    0.170,   -1.130,    0.160,
   -0.980,    0.150,   -1.130,    0.160,
   -0.980,    0.180,   -1.140,    0.160,
   -0.950,    0.180,   -1.140,    0.160,
   -1.010,    0.120,   -1.140,    0.160,
   -1.030,    0.140,   -1.140,    0.160,
   -0.950,    0.200,   -1.130,    0.150,
   -0.940,    0.190,   -1.130,    0.160,
   -1.020,    0.220,   -1.140,    0.160,
   -1.060,    0.210,   -1.130,    0.160,
   -0.930,    0.130,   -1.130,    0.160,
   -0.980,    0.170,   -1.140,    0.160,
   -0.990,    0.150,   -1.140,    0.160,
   -0.910,    0.100,   -1.140,    0.160,
   -0.930,    0.130,   -1.140,    0.150,
   -0.930,    0.130,   -1.140,    0.160,
   -0.950,    0.190,   -1.140,    0.160,
   -1.000,    0.150,   -1.140,    0.160,
   -0.960,    0.120,   -1.140,    0.150,
   -0.960,    0.200,   -1.140,    0.150,
   -0.970,    0.130,   -1.140,    0.150,
   -0.970,    0.180,   -1.140,    0.150,
   -0.970,    0.150,   -1.140,    0.160,
   -0.970,    0.160,   -1.140,    0.160,
   -0.980,    0.160,   -1.140,    0.170,
   -1.000,    0.170,   -1.140,    0.170,
   -0.960,    0.160,   -1.140,    0.170,
   -0.980,    0.140,   -1.140,    0.160,
   -0.950,    0.130,   -1.140,    0.170,
   -0.970,    0.150,   -1.140,    0.170,
   -0.970,    0.110,   -1.140,    0.170,
   -0.990,    0.170,   -1.140,    0.160,
   -0.980,    0.140,   -1.140,    0.170,
   -0.990,    0.170,   -1.140,    0.160,
   -0.980,    0.190,   -1.140,    0.170,
   -0.990,    0.170,   -1.140,    0.170,
   -0.990,    0.160,   -1.140,    0.170,
   -0.940,    0.180,   -1.140,    0.160,
   -0.980,    0.150,   -1.140,    0.160,
   -0.990,    0.160,   -1.130,    0.160,
   -0.960,    0.170,   -0.900,    0.170,
   -0.760,    0.200,    0.000,    0.000,
    0.210,   -0.100,    0.000,    0.000,
   -0.100,    0.120,    0.000,    0.000,
   -0.090,    0.020,    0.000,    0.000,
   -0.020,    0.020,    0.000,    0.000,
    0.020,   -0.010,    0.000,    0.000,
    0.000,    0.000,    0.000,    0.000,
    0.000,    0.000,    0.000,    0.000,
    0.000,    0.000,    0.000,    0.000,
    0.000,    0.000,    0.000,    0.000,
    0.000,    0.000,    0.150,    0.000,
    0.010,    0.000,    0.170,    0.000,
    0.010,    0.000,    0.200,    0.000,
    0.000,    0.000,    0.370,    0.000,
    0.080,    0.000,    0.420,    0.000,
    0.110,    0.010,    0.500,    0.000,
    0.210,    0.000,    0.560,    0.000,
    0.350,    0.030,    0.920,    0.000,
    0.650,    0.000,    0.950,    0.000,
    0.860,   -0.010,    1.030,    0.000,
    0.750,    0.060,    1.150,    0.000,
    0.970,    0.020,    1.150,    0.000,
    1.140,    0.010,    1.160,    0.000,
    0.940,    0.040,    1.150,    0.000,
    0.930,    0.000,    1.150,    0.000,
    0.900,   -0.010,    1.150,    0.000,
    0.860,   -0.020,    1.150,    0.000,
    0.890,    0.010,    1.150,    0.000,
    0.950,    0.010,    1.160,    0.000,
    0.930,    0.000,    1.190,    0.000,
    1.000,    0.030,    1.190,    0.000,
    1.000,    0.000,    1.210,    0.000,
    1.020,    0.000,    1.230,    0.000,
    1.010,    0.000,    1.230,    0.000,
    1.060,    0.010,    1.230,    0.000,
    1.060,    0.010,    1.240,    0.000,
    1.040,   -0.030,    1.230,    0.000,
    1.040,   -0.010,    1.240,    0.000,
    1.060,    0.000,    1.250,    0.000,
    1.060,   -0.030,    1.310,    0.000,
    1.140,    0.020,    1.350,    0.000,
    1.200,    0.030,    1.350,    0.000,
    1.130,   -0.010,    1.350,    0.000,
    1.140,   -0.010,    1.350,    0.000,
    1.180,    0.000,    1.350,    0.000,
    1.190,    0.000,    1.350,    0.000,
    1.170,   -0.030,    1.360,    0.000,
    1.200,    0.020,    1.360,    0.000,
    1.220,    0.020,    1.370,    0.000,
    1.200,    0.010,    1.370,    0.000,
    1.220,    0.000,    1.370,    0.000,
    1.220,    0.000,    1.410,    0.000,
    1.260,   -0.020,    1.400,    0.000,
    1.230,    0.030,    1.400,    0.000,
    1.240,    0.010,    1.400,    0.000,
    1.280,    0.050,    1.410,    0.000,
    1.250,   -0.010,    1.410,    0.000,
    1.260,    0.000,    1.410,    0.000,
    1.240,   -0.040,    1.410,    0.000,
    1.320,   -0.050,    1.410,    0.000,
    1.240,    0.030,    1.420,    0.000,
    1.300,    0.000,    1.410,    0.000,
    1.290,    0.090,    1.420,    0.000,
    1.280,    0.030,    1.420,    0.000,
    1.280,    0.010,    1.410,    0.000,
    1.280,    0.030,    1.420,    0.000,
    1.250,   -0.010,    1.420,    0.000,
    1.290,    0.020,    1.420,    0.000,
    1.240,   -0.040,    1.420,    0.000,
    1.280,    0.060,    1.420,    0.000,
    1.290,    0.030,    1.420,    0.000,
    1.270,    0.000,    1.420,    0.000,
    1.310,    0.030,    1.410,    0.000,
    1.250,   -0.030,    1.420,    0.000,
    1.330,    0.040,    1.420,    0.000,
    1.240,   -0.010,    1.420,    0.000,
    1.270,    0.000,    1.420,    0.000,
    1.310,    0.020,    1.420,    0.000,
    1.220,   -0.050,    1.430,    0.000,
    1.250,   -0.020,    1.450,    0.000,
    1.340,    0.040,    1.450,    0.000,
    1.360,    0.060,    1.460,    0.000,
    1.400,    0.020,    1.450,    0.000,
    1.390,    0.020,    1.450,    0.000,
    1.380,    0.010,    1.450,    0.000,
    1.330,    0.000,    1.450,    0.000,
    1.340,    0.000,    1.450,    0.000,
    1.240,   -0.050,    1.450,    0.000,
    1.280,    0.000,    1.450,    0.000,
    1.280,   -0.060,    1.450,    0.000,
    1.310,   -0.120,    1.460,    0.000,
    1.350,   -0.010,    1.460,    0.000,
    1.340,   -0.040,    1.470,    0.000,
    1.270,    0.090,    1.470,    0.000,
    1.370,    0.140,    1.470,    0.000,
    1.440,    0.010,    1.480,    0.000,
    1.360,    0.050,    1.490,    0.000,
    1.310,    0.020,    1.490,    0.000,
    1.340,    0.000,    1.500,    0.000,
    1.310,    0.000,    1.500,    0.000,
    1.320,   -0.040,    1.520,    0.000,
    1.360,    0.000,    1.520,    0.000,
    1.380,    0.070,    1.520,    0.000,
    1.340,   -0.010,    1.520,    0.000,
    1.390,    0.030,    1.520,    0.000,
    1.330,    0.000,    1.520,    0.000,
    1.350,   -0.020,    1.520,    0.000,
    1.390,    0.040,    1.520,    0.000,
    1.420,    0.010,    1.520,    0.000,
    1.480,    0.070,    1.520,    0.000,
    1.420,    0.000,    1.520,    0.000,
    1.330,   -0.040,    1.520,    0.000,
    1.390,    0.000,    1.520,    0.000,
    1.320,   -0.050,    1.520,    0.000,
    1.340,   -0.020,    1.520,    0.000,
    1.380,   -0.020,    1.520,    0.000,
    1.370,    0.000,    1.520,    0.000,
    1.370,    0.000,    1.520,    0.000,
    1.380,    0.030,    1.520,    0.000,
    1.370,    0.000,    1.520,    0.000,
    1.370,   -0.010,    1.520,    0.000,
    1.420,    0.050,    1.520,    0.000,
    1.430,    0.010,    1.520,    0.000,
    1.400,   -0.010,    1.530,    0.000,
    1.360,   -0.020,    1.520,    0.000,
    1.380,   -0.040,    1.520,    0.000,
    1.390,   -0.010,    1.530,    0.000,
    1.380,    0.080,    1.530,    0.000,
    1.450,    0.040,    1.520,    0.000,
    1.460,    0.030,    1.520,    0.000,
    1.350,   -0.060,    1.520,    0.000,
    1.390,    0.020,    1.520,    0.000,
    1.410,   -0.030,    1.510,    0.000,
    1.340,    0.000,    1.510,    0.000,
    1.360,    0.040,    1.500,    0.000,
    1.370,    0.030,    0.850,    0.000,
    1.140,    0.010,    0.200,    0.000,
   -0.090,   -0.050,    0.200,    0.000,
    0.390,    0.000,    0.200,    0.000,
    0.380,    0.030,    0.220,    0.000,
    0.280,   -0.010,    0.250,    0.000,
    0.270,    0.010,    0.240,    0.000,
    0.200,    0.000,    0.150,    0.000,
    0.120,   -0.010,    0.000,    0.000,
    0.050,   -0.010,    0.000,    0.000,
    0.000,   -0.020,    0.000,    0.000,
    0.000,   -0.010,    0.000,    0.000,
    0.000,    0.000,    0.000,    0.000,
    0.000,    0.000,    0.000,    0.000,
    0.000,    0.000,    0.000,    0.000,
    0.000,    0.000,    0.000,    0.000,
