    0.000     0.000     0.000     0.000 
    0.000     0.000     0.000     0.000 
    0.000     0.000     0.000     0.000 
    0.000     0.000     0.000     0.000 
    0.000     0.000     0.000     0.000 
    0.000     0.000     0.000     0.000 
    0.000     0.000     0.000     0.000 
    0.000     0.000     0.000     0.000 
    0.000     0.000     0.000     0.000 
    0.000     0.000     0.000     0.000 
    0.000     0.000     0.000     0.000 
    0.000     0.000     0.000     0.000 
    0.000     0.000     0.000     0.000 
    0.000     0.000     0.000     0.000 
    0.000     0.000     0.000     0.000 
    0.000     0.000     0.000     0.000 
    0.000     0.000     0.000     0.000 
    0.000     0.000     0.000     0.000 
    0.000     0.000     0.000     0.000 
    0.000     0.000     0.000     0.000 
    0.000     0.000     0.000     0.000 
    0.000     0.000     0.000     0.000 
    0.000     0.000     0.000     0.000 
    0.000     0.000     0.000     0.000 
    0.000     0.000     0.000     0.000 
    0.000     0.000     0.000     0.000 
    0.000     0.000     0.000     0.000 
    0.000     0.000     0.000     0.000 
    0.000     0.000     0.000     0.000 
    0.000     0.000     0.000     0.000 
    0.000     0.000     0.000     0.000 
    0.000     0.000     0.000     0.000 
    0.000     0.000     0.000     0.000 
    0.000     0.000     0.000     0.000 
    0.000     0.000     0.000     0.000 
    0.000     0.000     0.000     0.000 
    0.000     0.000     0.000     0.000 
    0.000     0.000     0.000     0.000 
    0.000     0.000     0.000     0.000 
    0.000     0.000     0.000     0.000 
    0.000     0.000     0.000     0.000 
    0.000     0.000     0.000     0.000 
    0.000     0.000     0.000     0.000 
    0.000     0.000     0.000     0.000 
    0.000     0.000     0.000     0.000 
    0.000     0.000     0.000     0.000 
    0.000     0.000     0.000     0.000 
    0.000     0.000     0.000     0.000 
    0.000     0.000     0.000     0.000 
    0.000     0.000     0.000     0.000 
    0.000     0.000     0.000     0.000 
    0.000     0.000     0.000     0.000 
    0.000     0.000     0.000     0.000 
    0.000     0.000     0.000     0.000 
    0.000     0.000     0.000     0.000 
    0.000     0.000     0.000     0.000 
    0.000     0.000     0.000     0.000 
    0.000     0.000     0.000     0.000 
    0.000     0.000     0.000     0.000 
    0.000     0.000     0.000     0.000 
    0.000     0.000     0.000     0.000 
    0.000     0.000     0.000     0.000 
    0.000     0.000     0.000     0.000 
    0.000     0.000     2.740    -3.450 
    0.000    -0.050     2.850    -3.590 
    0.180     0.000     2.740    -3.450 
   -0.050     0.000     2.850    -3.590 
    0.050     0.000     2.850    -3.590 
    0.000     0.000     2.740    -3.450 
   -0.050     0.000     2.740    -3.450 
    0.000     0.000     2.740    -3.450 
    0.000     0.000     2.740    -3.450 
    0.000     0.000    13.400     6.110 
    2.400     0.450    16.170     8.590 
    7.820     1.430    17.660     9.930 
    8.530     2.210    14.920    13.380 
    9.300     5.110    17.660     9.930 
   10.980     6.730    18.100    10.320 
   13.490     6.950    18.100    10.320 
   14.500     6.210    18.100    10.320 
   13.550     6.590    18.100    10.320 
   15.000     6.460    18.100    10.320 
   13.890     6.840    18.100    10.320 
   15.230     7.150    15.130    13.580 
   14.110     8.070    16.190    14.530 
   14.870     9.400    16.840    15.110 
   16.280     9.820    18.120    16.260 
   15.990    10.420    18.550    16.650 
   14.300    11.480    19.170    17.210 
   14.720    11.700    20.230    18.150 
   17.940    12.130    20.450    18.350 
   19.000    13.590    20.880    18.740 
   18.350    14.010    20.880    18.740 
   21.410    15.090    20.880    18.740 
   19.480    15.130    20.880    18.740 
   20.170    14.950    20.880    18.740 
   17.840    15.440    20.670    18.540 
   18.030    16.650    20.670    18.540 
   18.970    16.310    20.880    18.740 
   19.510    16.300    20.880    18.740 
   19.660    16.710    20.880    18.740 
   19.800    17.390    20.880    18.740 
   19.940    17.580    20.670    18.540 
   19.170    17.890    20.670    18.540 
   18.770    17.200    21.290    19.100 
   19.430    17.120    21.510    19.300 
   20.580    17.260    21.940    19.690 
   21.320    16.820    27.260    24.460 
   23.650    17.980    31.300    28.080 
   27.910    20.290    35.340    31.710 
   31.830    23.500    35.120    31.520 
   33.330    25.150    34.900    31.320 
   34.970    25.710    32.790    29.420 
   33.690    26.450    33.650    23.310 
   34.970    26.070    32.980    23.210 
   34.250    25.310    32.550    22.820 
   34.710    24.000    32.550    22.820 
   35.760    23.400    32.550    22.820 
   35.790    23.230    32.550    22.820 
   34.460    23.360    32.550    22.820 
   35.060    22.550    34.750    24.720 
   35.660    22.990    35.020    24.770 
   36.650    23.860    35.260    24.480 
   37.270    25.820    35.020    24.770 
   36.840    24.470    35.020    24.770 
   38.060    24.770    37.090    26.810 
   39.520    26.070    37.320    27.040 
   39.790    27.000    37.240    26.960 
   39.730    27.960    37.430    26.850 
   40.820    29.150    33.960    23.320 
   38.010    28.410    33.960    23.320 
   36.480    26.820    34.060    23.670 
   35.540    25.430    34.710    24.260 
   37.940    24.590    34.710    24.260 
   38.380    24.490    35.550    25.010 
   38.060    24.830    35.880    25.540 
   38.140    25.200    35.880    25.540 
   39.190    24.830    35.880    25.540 
   38.240    24.490    35.660    25.340 
   37.550    24.710    35.880    25.540 
   35.580    24.590    35.880    25.540 
   36.560    24.740    35.880    25.540 
   37.730    24.590    35.880    25.540 
   38.370    24.270    35.880    25.540 
   37.710    24.650    36.310    25.930 
   39.170    23.600    36.310    25.930 
   40.040    23.570    36.310    25.930 
   39.570    24.180    36.310    25.930 
   39.230    24.110    36.500    26.100 
   40.980    23.790    36.500    26.100 
   41.290    23.690    36.820    26.160 
   40.420    24.200    37.040    26.350 
   40.780    24.120    37.040    26.350 
   41.390    24.760    37.040    26.350 
   40.370    26.040    36.820    26.160 
   39.810    25.030    36.670    24.540 
   41.360    23.770    36.230    24.150 
   41.290    22.770    36.680    24.060 
   40.720    23.240    37.010    24.580 
   39.630    23.510    37.410    24.940 
   40.850    23.160    37.730    25.960 
   41.960    23.220    37.730    25.960 
   41.460    23.770    37.600    26.120 
   40.800    24.490    37.510    25.760 
   41.380    23.740    37.380    25.920 
   42.280    22.900    37.510    25.760 
   41.480    24.340    38.000    26.480 
   40.850    24.390    39.500    27.820 
   43.090    24.620    44.810    32.590 
   46.830    27.400    46.300    33.930 
   47.330    28.850    46.090    33.730 
   50.590    28.800    45.030    32.780 
   51.960    28.810    44.810    32.590 
   47.220    29.960    43.750    31.640 
   48.660    30.240    42.920    30.890 
   48.510    30.140    42.610    30.340 
   48.370    29.400    42.610    30.340 
   48.140    29.540    42.500    30.010 
   49.290    29.350    42.820    30.070 
   48.130    29.850    43.260    30.460 
   48.130    29.600    43.600    30.500 
   49.290    29.190    43.820    30.690 
   48.880    30.000    44.220    31.050 
   48.670    30.880    44.220    31.050 
   50.070    29.190    44.440    31.250 
   54.200    28.370    44.440    31.250 
   48.060    29.650    44.220    31.050 
   49.300    29.860    48.850    35.680 
   54.140    32.110    49.180    36.300 
   52.670    33.230    49.490    36.610 
   55.820    35.860    49.870    36.990 
   54.280    37.760    52.090    39.190 
   55.380    41.030    54.860    41.950 
   58.440    43.670    56.690    43.760 
   60.550    48.200    56.620    43.690 
   58.540    50.920    56.880    43.650 
   59.040    54.750    56.570    43.340 
   57.160    57.260    56.570    43.340 
   56.870    58.850    56.570    43.340 
   53.530    59.260    56.100    42.840 
   49.510    58.520    52.510    39.540 
   48.950    56.250    51.790    39.060 
   46.190    55.330    52.050    39.300 
   43.000    53.490    52.160    39.630 
   46.100    52.900    52.010    39.480 
   47.640    50.310    50.450    37.870 
   46.690    48.840    50.140    37.560 
   46.140    47.710    50.280    37.680 
   47.290    46.680    50.570    37.950 
   45.310    45.450    51.070    38.430 
   45.760    45.280    51.560    38.680 
   48.440    45.420    52.440    39.780 
   50.100    45.660    53.130    40.470 
   49.300    45.980    53.350    40.670 
   51.810    48.110    53.350    40.670 
   49.350    48.280    53.380    40.450 
   50.870    47.750    53.380    40.450 
   53.070    50.070    53.380    40.450 
   52.350    50.460    53.530    40.610 
   51.650    50.870    53.460    40.530 
   55.880    51.030    53.460    40.530 
   59.910    52.560    53.460    40.530 
   49.390    52.410    53.240    40.340 
   49.240    53.390    53.240    40.340 
   51.130    52.100    53.350    40.670 
   51.730    51.730    53.350    40.670 
   50.710    52.330    53.350    40.670 
   49.490    51.180    53.350    40.670 
   47.850    51.360    53.350    40.670 
   48.930    51.390    53.350    40.670 
   48.500    51.180    53.350    40.670 
   48.060    50.670    53.350    40.670 
   50.480    51.270    53.350    40.670 
   50.210    50.620    53.780    41.060 
   49.490    51.280    53.780    41.060 
   52.130    51.760    53.800    41.330 
   52.510    51.890    53.980    41.500 
   51.950    51.440    53.980    41.500 
   53.490    52.630    54.200    41.700 
   51.670    52.550    54.420    41.890 
   49.290    53.280    54.640    42.090 
   53.070    53.440    54.930    42.360 
   54.390    53.570    55.280    42.400 
   51.160    54.280    55.490    42.590 
   50.710    54.410    54.940    41.770 
   57.250    50.190    52.320    39.160 
   52.330    51.730    48.900    35.750 
   47.860    52.920    48.460    35.360 
   46.100    48.870    45.840    31.770 
   43.150    46.470    44.610    29.700 
   44.040    44.190    36.000    21.230 
   39.350    40.090    23.130    10.420 
   33.790    32.820    15.090     4.920 
   27.270    26.020    14.870     5.410 
   25.810    21.750     9.960     1.200 
   21.860    17.240     9.550     2.580 
   18.290    17.880     9.350     2.660 
   14.730    17.180     8.810     2.120 
   10.840    13.850     2.850    -3.590 
    7.050     8.640     0.000     0.000 
    3.140     4.060    -5.620    -5.040 
   -0.610    -0.350    -5.620    -5.040 
   -1.480    -1.840    -5.620    -5.040 
   -0.820    -1.090   -12.060   -10.820 
   -1.570    -1.470   -27.820   -24.960 
   -7.820    -7.100   -30.270   -27.160 
  -18.430   -15.240   -32.940   -29.560 
  -21.400   -21.920   -34.280   -30.760 
  -25.600   -24.820   -40.280   -36.150 
  -31.030   -31.600   -47.150   -42.310 
  -35.940   -34.410   -51.380   -46.100 
  -43.910   -38.080   -51.600   -46.300 
  -47.330   -42.820   -51.600   -46.300 
  -48.390   -45.800   -52.030   -46.690 
  -48.550   -49.370   -52.500   -47.110 
  -50.990   -48.640   -52.930   -47.500 
  -53.840   -48.880   -52.930   -47.500 
  -54.350   -48.810   -53.370   -47.890 
  -56.990   -50.790   -53.370   -47.890 
  -55.130   -52.420   -53.150   -47.690 
  -55.550   -53.750   -51.810   -46.500 
  -63.500   -51.380   -49.170   -44.120 
  -51.990   -51.950   -43.170   -38.740 
  -52.610   -50.570   -34.930   -31.350 
  -47.830   -46.960   -20.950   -18.800 
  -40.130   -41.410   -20.040   -17.990 
  -35.430   -38.500   -16.500   -14.810 
  -30.130   -35.220    -6.960    -6.240 
  -21.810   -28.000    -5.620    -5.040 
  -15.800   -23.710     0.000     0.000 
   -9.400   -14.470     0.000     0.000 
   -2.910   -11.820     0.000     0.000 
   -1.840    -7.160     0.000     0.000 
   -2.030    -3.190     0.000     0.000 
    0.000    -0.760     0.000     0.000 
    0.200     0.050     0.000     0.000 
    0.000     0.230     0.000     0.000 
    0.000     0.100     0.000     0.000 
    0.000     0.000     0.000     0.000 
    0.000     0.000     0.000     0.000 
    0.000     0.000     0.000     0.000 
    0.000     0.000     0.000     0.000 
    0.000     0.000     0.000     0.000 
    0.000     0.000     0.000     0.000 
    0.000     0.000     0.000     0.000 
    0.000     0.000     4.940     4.430 
    0.400     0.350    11.930    10.710 
    2.720     2.070    15.570    13.970 
    5.520     4.390    17.060    15.310 
   10.760     5.120    23.220    20.830 
   14.460     7.920    24.710    22.170 
   17.530    10.780    24.710    22.170 
   21.130    13.780    25.140    22.560 
   22.030    15.030    25.140    22.560 
   23.200    15.390    25.550    22.920 
   22.780    16.930    31.520    28.280 
   26.660    19.960    35.560    31.910 
   31.720    22.250    35.560    31.910 
   34.170    25.060    35.560    31.910 
   35.420    25.890    35.560    31.910 
   35.280    27.710    35.560    31.910 
   36.880    27.960    36.830    33.050 
   39.160    28.370    37.890    34.000 
   39.960    29.600    42.770    38.380 
   42.230    33.130    45.130    40.500 
   46.570    35.050    46.190    41.450 
   48.060    37.480    46.590    41.810 
   48.590    40.000    49.580    44.490 
   52.700    39.950    50.850    45.630 
   59.250    39.060    51.070    45.830 
   62.660    41.390    51.500    46.220 
   61.100    39.980    51.290    46.020 
   54.400    43.210    51.290    46.020 
   56.450    44.790    51.290    46.020 
   57.830    43.870    51.290    46.020 
   57.850    44.120    51.290    46.020 
   58.130    45.610    51.500    46.220 
   59.290    44.900    51.290    46.020 
   57.880    44.940    51.070    45.830 
   60.040    44.510    50.230    45.070 
   60.190    44.910    49.580    44.490 
   57.630    46.490    48.520    43.540 
   58.820    45.780    43.310    32.210 
   55.590    42.150    28.690    17.620 
   50.410    36.900     2.960    -3.720 
   44.580     7.610     0.000     0.000 
   31.240     2.630    -4.940    -4.430 
   19.890    -0.970    -4.940    -4.430 
   15.620     4.800    -5.160    -4.630 
    9.410     0.100    -5.400    -4.850 
    4.490     0.250    -5.400    -4.850 
    0.040    -0.970    -5.400    -4.850 
   -1.580    -1.630    -5.620    -5.040 
   -1.570    -1.110    -6.270    -5.630 
   -0.950    -0.700    -6.710    -6.020 
   -0.600    -0.460   -21.600   -19.380 
   -4.190    -4.140   -37.390   -33.550 
  -12.160   -18.760   -44.480   -39.910 
  -29.480   -30.410   -47.150   -42.310 
  -36.350   -33.080   -51.380   -46.100 
  -42.240   -38.310   -62.720   -56.290 
  -48.930   -48.720   -67.600   -60.670 
  -56.640   -55.620   -67.600   -60.670 
  -62.480   -56.090   -67.820   -60.860 
  -64.890   -57.910   -67.390   -60.470 
  -67.440   -58.490   -67.170   -60.280 
  -68.930   -61.310   -67.170   -60.280 
  -71.450   -57.950   -66.700   -59.860 
  -72.600   -58.080   -64.500   -57.880 
  -71.780   -56.620   -62.480   -56.060 
  -72.140   -55.880   -59.580   -53.470 
  -70.160   -56.290   -56.040   -50.290 
  -68.160   -58.300   -50.260   -45.100 
  -65.210   -52.670   -43.170   -38.740 
  -61.870   -50.410   -40.280   -36.150 
  -57.710   -49.070   -38.040   -34.140 
  -53.490   -46.830   -37.390   -33.550 
  -52.760   -45.610   -36.710   -32.940 
  -49.820   -44.410   -34.060   -30.570 
  -46.390   -41.980   -32.480   -29.140 
  -45.880   -40.230   -30.920   -27.750 
  -43.430   -38.220   -30.270   -27.160 
  -40.210   -36.200   -29.150   -26.160 
  -38.610   -34.680   -24.710   -22.170 
  -35.230   -33.380   -18.270   -16.400 
  -30.320   -30.460    -6.490    -5.820 
  -21.470   -24.900    -6.060    -5.430 
  -15.210   -21.360    -5.400    -4.850 
  -12.320   -18.150     0.000     0.000 
   -6.610   -12.210     0.000     0.000 
   -4.650    -7.460     0.000     0.000 
   -3.010    -4.490     0.000     0.000 
   -0.870    -1.940     0.000     0.000 
   -0.560    -0.510     8.110     7.280 
    1.340     0.410    14.510    13.020 
    5.130     1.800    18.340    16.450 
    8.460     5.180    21.100    18.940 
   13.610     7.870    28.310    25.410 
   21.060    11.960    32.790    29.420 
   34.570    12.680    38.940    34.950 
   39.370    18.810    39.810    35.730 
   40.460    21.870    39.810    35.730 
   39.520    24.030    40.220    36.090 
   40.050    26.270    40.220    36.090 
   42.430    28.820    40.220    36.090 
   41.620    29.730    40.000    35.900 
   41.260    30.990    40.220    36.090 
   43.190    32.540    40.000    35.900 
   42.500    32.880    40.220    36.090 
   42.600    34.540    40.220    36.090 
   42.640    34.730    40.440    36.290 
   44.490    33.780    41.090    36.870 
   45.740    34.820    41.710    37.430 
   45.680    35.660    41.710    37.430 
   46.350    35.640    44.260    39.720 
   48.020    36.880    47.030    42.200 
   49.600    39.300    48.300    43.340 
   52.720    39.680    50.230    45.070 
   58.530    39.820    52.990    47.560 
   62.200    41.990    53.620    48.110 
   59.790    44.390    53.830    48.310 
   59.350    44.730    53.830    48.310 
   60.580    45.550    53.830    48.310 
   60.620    46.970    53.830    48.310 
   60.820    47.220    54.050    48.500 
   62.730    47.420    54.050    48.500 
   65.250    47.360    54.050    48.500 
   60.720    51.530    51.910    46.580 
   61.590    49.510    51.500    46.220 
   59.980    47.240    51.290    46.020 
   60.710    47.600    51.290    46.020 
   60.140    48.220    51.290    46.020 
   60.390    45.210    51.290    46.020 
   61.900    44.800    51.070    45.830 
   60.080    46.480    49.340    38.350 
   60.280    44.100    32.770    23.020 
   56.430    39.720     8.740     1.920 
   45.120    30.400     0.000     0.000 
   34.950    10.070     0.000     0.000 
   25.120     1.940     0.000     0.000 
   21.170     3.910     0.000     0.000 
   15.450     0.740     0.000     0.000 
    9.870     0.780     0.000     0.000 
    6.230     1.430     0.000     0.000 
    2.490     0.370    -6.060    -5.430 
   -0.140    -0.290    -6.270    -5.630 
   -0.970    -0.180    -8.050    -7.220 
   -1.020    -0.430   -17.840   -16.010 
   -4.260    -4.440   -33.820   -30.340 
  -11.920   -15.240   -35.150   -31.540 
  -22.810   -29.010   -45.380   -40.720 
  -31.190   -34.660   -52.030   -46.690 
  -39.710   -43.160   -52.710   -47.300 
  -41.970   -45.090   -53.620   -48.110 
  -45.400   -46.580   -55.170   -49.510 
  -49.790   -47.290   -55.390   -49.700 
  -50.300   -48.840   -56.040   -50.290 
  -49.750   -51.640   -58.280   -52.300 
  -53.530   -54.360   -60.270   -54.080 
  -55.360   -56.470   -61.820   -55.480 
  -58.700   -58.590   -64.500   -57.880 
  -63.440   -61.180   -71.580   -64.240 
  -68.880   -64.190   -71.580   -64.240 
  -70.720   -67.530   -71.830   -64.460 
  -68.670   -70.570   -71.830   -64.460 
  -71.870   -76.320   -71.580   -64.240 
  -70.480   -78.990   -71.370   -64.040 
  -80.330   -73.430   -69.590   -62.450 
  -77.330   -73.630   -68.690   -61.640 
  -75.140   -74.260   -68.690   -61.640 
  -75.710   -74.510   -68.690   -61.640 
  -73.820   -75.480   -68.480   -61.450 
  -73.580   -75.140   -61.610   -55.280 
  -78.250   -73.580   -45.160   -40.530 
  -64.920   -69.570   -34.280   -30.760 
  -52.350   -63.770   -31.170   -27.970 
  -45.710   -56.950   -30.710   -27.550 
  -41.460   -55.300   -30.490   -27.360 
  -37.200   -52.360   -30.710   -27.550 
  -35.640   -50.310   -30.710   -27.550 
  -35.120   -47.780   -30.710   -27.550 
  -33.560   -45.490   -29.150   -26.160 
  -30.490   -42.660   -19.170   -17.210 
  -26.250   -38.670   -10.070    -9.030 
  -20.500   -33.780    -4.940    -4.430 
  -11.440   -27.280     0.000     0.000 
   -2.310   -21.560     0.000     0.000 
   -3.710   -14.660     0.000     0.000 
   -0.720   -13.090     0.000     0.000 
   -2.540    -8.790     0.000     0.000 
   -1.680    -4.560    18.960    17.010 
    3.660     0.000    24.270    21.780 
   19.310     2.390    26.600    23.870 
   25.090     7.080    34.060    30.570 
   33.340    12.410    35.770    32.100 
   36.510    15.410    44.700    40.110 
   48.870    20.150    48.520    43.540 
   55.990    24.660    48.740    43.730 
   57.950    29.240    48.520    43.540 
   56.100    30.350    48.520    43.540 
   52.260    33.090    48.520    43.540 
   48.630    35.660    48.520    43.540 
   51.550    36.560    48.520    43.540 
   51.670    37.450    48.520    43.540 
   51.810    38.390    48.520    43.540 
   55.000    39.210    48.520    43.540 
   53.530    40.650    48.520    43.540 
   53.920    41.940    48.520    43.540 
   55.530    42.160    48.520    43.540 
   54.840    42.120    48.520    43.540 
   55.280    42.460    48.520    43.540 
   56.580    43.800    48.520    43.540 
   55.520    43.000    48.520    43.540 
   57.230    43.800    48.520    43.540 
   57.330    43.680    48.520    43.540 
   55.810    43.820    48.520    43.540 
   57.250    43.750    48.740    43.730 
   56.350    44.830    48.740    43.730 
   56.320    44.680    48.740    43.730 
   57.060    44.250    48.740    43.730 
   55.720    44.710    48.740    43.730 
   56.880    45.180    48.740    43.730 
   57.430    44.560    48.740    43.730 
   55.730    43.950    48.740    43.730 
   57.140    44.640    48.520    43.540 
   56.750    44.660    48.300    43.340 
   55.800    43.940    47.240    42.390 
   56.400    44.420    45.320    40.670 
   53.630    43.850    38.940    34.950 
   51.250    40.860    30.640    27.500 
   48.300    37.400    24.050    21.590 
   43.250    33.990     0.000     0.000 
   35.590    25.760     0.000     0.000 
   26.300     9.770     0.000     0.000 
   18.190     7.190     0.000     0.000 
   13.120     6.750    -4.720    -4.230 
    7.870     0.830    -6.060    -5.430 
    3.470     0.530    -6.710    -6.020 
   -0.320    -0.460   -11.620   -10.430 
   -2.880    -1.950   -26.730   -23.980 
   -8.930    -8.240   -42.050   -37.740 
  -22.320   -27.070   -48.050   -43.120 
  -34.440   -40.870   -48.710   -43.710 
  -36.390   -39.230   -48.920   -43.900 
  -38.940   -39.030   -50.480   -45.300 
  -42.880   -40.140   -53.370   -47.890 
  -46.740   -45.580   -58.030   -52.070 
  -51.310   -49.450   -61.170   -54.890 
  -56.890   -52.200   -62.480   -56.060 
  -60.990   -55.950   -66.050   -59.270 
  -65.210   -60.070   -66.270   -59.470 
  -67.240   -61.030   -66.270   -59.470 
  -66.870   -62.420   -66.490   -59.660 
  -68.220   -64.500   -66.700   -59.860 
  -71.090   -62.760   -66.700   -59.860 
  -69.460   -65.340   -66.700   -59.860 
  -71.770   -65.890   -67.820   -60.860 
  -73.820   -67.030   -68.260   -61.250 
  -74.780   -68.950   -68.480   -61.450 
  -73.580   -70.010   -68.480   -61.450 
  -74.460   -70.940   -68.480   -61.450 
  -73.140   -71.910   -68.480   -61.450 
  -74.510   -72.650   -68.690   -61.640 
  -75.340   -73.630   -68.690   -61.640 
  -76.680   -73.180   -68.690   -61.640 
  -75.340   -73.970   -68.690   -61.640 
  -77.100   -74.360   -68.690   -61.640 
  -77.750   -75.020   -68.690   -61.640 
  -78.130   -74.950   -66.920   -60.050 
  -76.450   -74.830   -64.060   -57.490 
  -73.230   -73.580   -60.920   -54.670 
  -71.910   -72.000   -47.370   -42.510 
  -68.640   -68.390   -31.170   -27.970 
  -56.700   -61.490   -13.390   -12.020 
  -42.690   -51.350    -6.960    -6.240 
  -20.640   -43.320    -5.840    -5.240 
  -15.260   -37.520    -5.620    -5.040 
  -10.210   -30.700    -5.400    -4.850 
   -6.250   -27.470     0.000     0.000 
    0.000   -23.530     0.000     0.000 
   -1.290   -16.770     0.000     0.000 
   -0.830   -11.840     0.000     0.000 
   -1.150    -8.340     0.000     0.000 
   -0.190    -5.030     0.000     0.000 
   -0.040    -2.030     0.000     0.000 
    0.040     0.090     0.000     0.000 
    0.000     0.530    12.580    11.290 
    2.260     1.290    21.290    19.100 
    8.510     3.760    23.430    21.030 
   18.110     5.650    36.180    32.460 
   25.800    13.950    40.220    36.090 
   34.610    21.590    44.480    39.910 
   36.810    26.430    47.240    42.390 
   44.860    29.700    47.870    42.950 
   54.830    31.770    48.520    43.540 
   60.590    32.150    60.860    54.610 
   51.810    39.480    72.980    58.600 
   67.210    47.580    75.650    60.260 
   80.760    49.500    75.650    60.260 
   78.810    51.460    75.240    59.900 
   77.560    53.060    74.590    59.310 
   78.330    55.410    74.590    59.310 
   77.660    56.850    74.590    59.310 
   80.480    58.450    74.590    59.310 
   86.550    57.680    74.590    59.310 
   91.140    56.810    74.590    59.310 
   84.630    58.470    74.590    59.310 
   86.040    59.120    71.610    56.630 
   84.300    58.250    66.120    51.210 
   82.710    55.230    57.530    45.470 
   77.400    52.570    56.580    44.850 
   75.660    51.430    56.250    44.330 
   73.720    52.430    56.250    44.330 
   74.070    48.820    56.250    44.330 
   71.730    48.310    56.250    44.330 
   72.300    50.570    56.470    44.520 
   70.380    47.380    50.940    39.560 
   68.680    44.060    45.000    34.230 
   63.760    41.790    24.710    22.170 
   59.180    36.710    14.510    13.020 
   44.910    28.710     0.000     0.000 
   35.770    15.660     0.000     0.000 
   23.740     3.370     0.000     0.000 
   20.660     0.460     0.000     0.000 
   14.340     0.000     0.000     0.000 
   11.860     0.550     0.000     0.000 
    8.360     0.340    -5.160    -4.630 
    3.520    -0.920    -5.840    -5.240 
   -0.530    -0.970    -6.060    -5.430 
   -2.290    -1.290    -6.060    -5.430 
   -1.480    -0.370    -6.710    -6.020 
   -0.390     0.140   -10.070    -9.030 
   -1.010    -0.130   -35.840   -32.160 
   -7.000    -8.220   -47.150   -42.310 
  -20.790   -29.260   -55.610   -49.900 
  -39.700   -42.050   -58.710   -52.690 
  -45.920   -46.110   -63.380   -56.870 
  -52.450   -53.010   -64.060   -57.490 
  -56.210   -61.500   -64.280   -57.680 
  -55.000   -56.530   -64.710   -58.070 
  -59.130   -65.010   -64.930   -58.270 
  -60.280   -66.070   -65.830   -59.080 
  -59.770   -62.510   -66.050   -59.270 
  -63.250   -60.420   -66.700   -59.860 
  -64.910   -62.070   -67.600   -60.670 
  -67.690   -63.560   -69.590   -62.450 
  -71.770   -65.500   -70.930   -63.650 
  -73.980   -69.110   -71.150   -63.850 
  -74.560   -70.780   -71.150   -63.850 
  -73.230   -71.570   -71.150   -63.850 
  -76.320   -72.280   -71.150   -63.850 
  -76.270   -72.740   -71.150   -63.850 
  -77.520   -74.040   -71.150   -63.850 
  -77.100   -74.850   -71.150   -63.850 
  -79.910   -75.660   -66.700   -59.860 
  -74.700   -75.290   -49.390   -44.320 
  -68.840   -71.410   -26.730   -23.980 
  -58.790   -63.350   -18.490   -16.590 
  -44.890   -52.530    -9.600    -8.610 
  -23.840   -44.670    -7.610    -6.830 
  -13.210   -41.360    -6.710    -6.020 
   -7.970   -28.090    -5.840    -5.240 
  -10.720   -32.450    -5.620    -5.040 
   -7.320   -25.110    -5.400    -4.850 
   -7.390   -22.170    -5.160    -4.630 
   -6.520   -19.250    -4.940    -4.430 
   -6.260   -15.220    -4.720    -4.230 
   -5.730   -12.100    -4.720    -4.230 
   -4.490    -9.500    -4.720    -4.230 
   -3.470    -7.980    -4.720    -4.230 
   -2.820    -6.160    -4.720    -4.230 
   -2.930    -4.010    -4.720    -4.230 
   -2.080    -2.360    -6.890    -6.400 
   -1.610    -1.860    -8.270    -7.790 
   -2.540    -2.840   -11.780   -11.300 
   -5.420    -4.540   -14.830   -14.340 
   -7.630    -7.240   -16.120   -15.640 
  -10.840    -9.820   -17.050   -16.560 
  -13.370   -11.070   -17.230   -16.750 
  -14.240   -13.020   -20.560   -20.070 
  -16.730   -15.460   -21.670   -21.180 
  -18.940   -16.890   -24.620   -24.140 
  -20.720   -20.130   -25.820   -25.340 
  -22.950   -21.400   -28.040   -27.550 
  -26.920   -24.460   -29.150   -28.660 
  -29.810   -26.680   -29.150   -28.660 
  -31.010   -27.910   -29.240   -28.760 
  -30.840   -28.880   -29.240   -28.760 
  -30.640   -28.740   -29.330   -28.850 
  -31.820   -28.630   -29.800   -29.310 
  -33.450   -29.280   -34.040   -33.560 
  -34.950   -30.940   -36.260   -35.780 
  -36.540   -34.430   -38.200   -37.710 
  -39.080   -36.860   -40.740   -40.250 
  -43.110   -39.580   -40.740   -40.250 
  -44.830   -41.120   -40.740   -40.250 
  -44.670   -42.620   -40.740   -40.250 
  -45.900   -42.420   -40.740   -40.250 
  -45.750   -42.620   -40.740   -40.250 
  -45.730   -44.040   -40.740   -40.250 
  -46.460   -44.450   -40.740   -40.250 
  -46.840   -44.400   -40.740   -40.250 
  -46.830   -43.640   -40.740   -40.250 
  -46.340   -43.990   -40.740   -40.250 
  -46.830   -44.030   -40.740   -40.250 
  -46.700   -44.250   -40.740   -40.250 
  -45.940   -44.090   -40.740   -40.250 
  -46.900   -44.450   -40.740   -40.250 
  -47.170   -44.580   -40.740   -40.250 
  -45.790   -43.890   -40.740   -40.250 
  -47.060   -44.320   -40.740   -40.250 
  -47.470   -44.530   -40.740   -40.250 
  -46.060   -44.010   -40.740   -40.250 
  -46.180   -43.770   -40.740   -40.250 
  -47.220   -44.380   -40.740   -40.250 
  -46.520   -43.690   -40.740   -40.250 
  -45.800   -44.230   -40.740   -40.250 
  -47.570   -44.280   -40.740   -40.250 
  -46.960   -43.970   -40.740   -40.250 
  -45.180   -44.150   -40.740   -40.250 
  -46.960   -45.340   -40.740   -40.250 
  -47.690   -45.290   -40.740   -40.250 
  -45.710   -44.280   -37.090   -36.610 
  -44.920   -42.470   -32.750   -32.270 
  -43.460   -40.150   -32.750   -32.270 
  -40.430   -38.570   -32.750   -32.270 
  -38.210   -36.840   -32.750   -32.270 
  -38.020   -35.280   -32.750   -32.270 
  -38.260   -35.220   -32.750   -32.270 
  -37.470   -34.430   -32.750   -32.270 
  -35.980   -34.310   -32.840   -32.360 
  -36.180   -33.490   -32.930   -32.450 
  -37.150   -34.210   -32.930   -32.450 
  -37.530   -34.610   -32.840   -32.360 
  -36.030   -34.160   -32.100   -31.620 
  -35.810   -33.410   -31.460   -30.970 
  -36.090   -33.210   -31.270   -30.790 
  -35.220   -32.280   -31.270   -30.790 
  -34.420   -32.570   -31.180   -30.690 
  -34.040   -31.740   -31.180   -30.690 
  -34.680   -31.990   -31.270   -30.790 
  -34.780   -32.180   -31.270   -30.790 
  -35.350   -32.420   -31.270   -30.790 
  -34.460   -32.300   -31.270   -30.790 
  -35.320   -31.790   -31.460   -30.970 
  -34.960   -31.620   -35.240   -34.760 
  -37.130   -34.090   -40.140   -39.650 
  -39.820   -37.270   -40.740   -40.250 
  -43.250   -39.870   -40.740   -40.250 
  -45.000   -41.380   -40.740   -40.250 
  -45.680   -42.790   -40.740   -40.250 
  -45.540   -42.790   -40.740   -40.250 
  -46.160   -42.870   -40.740   -40.250 
  -45.980   -43.530   -40.740   -40.250 
  -45.610   -43.890   -40.740   -40.250 
  -46.630   -44.180   -40.740   -40.250 
  -47.120   -44.040   -40.740   -40.250 
  -45.510   -43.930   -40.740   -40.250 
  -46.640   -44.510   -40.740   -40.250 
  -47.480   -44.010   -40.740   -40.250 
  -46.040   -43.460   -40.740   -40.250 
  -46.030   -44.020   -40.740   -40.250 
  -47.020   -44.380   -40.740   -40.250 
  -47.090   -44.490   -40.740   -40.250 
  -45.850   -44.280   -40.740   -40.250 
  -47.850   -44.510   -40.740   -40.250 
  -47.450   -43.580   -40.740   -40.250 
  -45.710   -44.690   -40.740   -40.250 
  -46.960   -44.850   -40.740   -40.250 
  -47.560   -44.230   -40.740   -40.250 
  -46.640   -44.180   -40.740   -40.250 
  -46.980   -43.990   -40.740   -40.250 
  -47.640   -44.540   -40.740   -40.250 
  -46.660   -43.870   -40.740   -40.250 
  -45.830   -43.610   -40.740   -40.250 
  -46.960   -43.770   -40.740   -40.250 
  -46.920   -44.040   -40.740   -40.250 
  -45.780   -44.260   -40.740   -40.250 
  -47.260   -44.560   -40.740   -40.250 
  -47.390   -44.650   -40.740   -40.250 
  -46.330   -44.640   -40.740   -40.250 
  -47.250   -44.020   -40.740   -40.250 
  -47.150   -43.430   -40.740   -40.250 
  -46.250   -44.070   -40.740   -40.250 
  -46.500   -43.650   -40.740   -40.250 
  -46.640   -44.230   -40.740   -40.250 
  -47.200   -44.260   -40.740   -40.250 
  -45.850   -43.770   -40.740   -40.250 
  -46.600   -43.900   -40.740   -40.250 
  -47.000   -44.690   -40.740   -40.250 
  -46.270   -44.360   -40.740   -40.250 
  -46.580   -43.840   -40.740   -40.250 
  -47.130   -44.120   -40.740   -40.250 
  -46.610   -44.410   -40.740   -40.250 
  -46.580   -44.120   -40.740   -40.250 
  -46.900   -43.860   -40.740   -40.250 
  -46.670   -44.160   -40.740   -40.250 
  -46.080   -44.110   -40.740   -40.250 
  -46.800   -44.420   -40.740   -40.250 
  -47.180   -45.000   -40.740   -40.250 
  -45.970   -44.400   -40.740   -40.250 
  -47.580   -44.560   -40.960   -40.450 
  -47.580   -44.390   -40.740   -40.250 
  -46.190   -44.240   -40.740   -40.250 
  -46.560   -44.500   -40.740   -40.250 
  -47.180   -43.790   -40.740   -40.250 
  -45.850   -43.690   -40.740   -40.250 
  -46.510   -43.450   -40.740   -40.250 
  -47.200   -43.580   -40.740   -40.250 
  -46.660   -43.870   -40.740   -40.250 
  -46.020   -44.540   -40.740   -40.250 
  -47.550   -44.160   -40.740   -40.250 
  -46.930   -44.100   -40.740   -40.250 
  -46.010   -43.560   -40.740   -40.250 
  -47.130   -44.350   -40.740   -40.250 
  -47.200   -44.160   -40.740   -40.250 
  -45.780   -44.800   -40.740   -40.250 
  -47.350   -44.420   -40.740   -40.250 
  -47.680   -43.700   -40.740   -40.250 
  -45.880   -44.490   -40.740   -40.250 
  -46.500   -44.830   -40.740   -40.250 
  -47.810   -44.010   -40.740   -40.250 
  -47.300   -44.410   -40.740   -40.250 
  -46.150   -44.470   -40.050   -39.560 
  -47.110   -44.610   -38.850   -38.360 
  -45.730   -43.300   -37.650   -37.160 
  -43.500   -41.920   -37.370   -36.880 
  -43.530   -41.120   -37.460   -36.970 
  -43.850   -40.870   -37.460   -36.970 
  -42.810   -40.790   -37.460   -36.970 
  -41.710   -39.990   -37.460   -36.970 
  -43.480   -40.290   -37.460   -36.970 
  -43.120   -39.970   -37.460   -36.970 
  -41.890   -40.270   -37.460   -36.970 
  -42.660   -40.200   -37.460   -36.970 
  -43.150   -40.120   -37.460   -36.970 
  -42.410   -40.010   -37.460   -36.970 
  -41.350   -40.120   -37.460   -36.970 
  -42.600   -40.170   -37.680   -37.170 
  -43.680   -40.290   -37.740   -37.250 
  -42.720   -40.120   -38.290   -37.810 
  -42.710   -40.480   -39.680   -39.190 
  -45.270   -42.030   -40.740   -40.250 
  -45.860   -42.240   -40.960   -40.450 
  -45.240   -42.740   -40.960   -40.450 
  -46.610   -43.260   -40.960   -40.450 
  -46.700   -43.460   -40.960   -40.450 
  -46.400   -44.140   -40.960   -40.450 
  -46.840   -43.820   -34.440   -33.940 
  -44.290   -42.130   -30.200   -29.690 
  -41.270   -39.220   -26.960   -26.460 
  -35.310   -35.510   -26.870   -26.360 
  -34.300   -32.590   -27.060   -26.550 
  -32.450   -29.900   -27.060   -26.550 
  -31.090   -29.010   -27.060   -26.550 
  -29.130   -28.350   -27.060   -26.550 
  -29.120   -27.750   -27.060   -26.550 
  -29.800   -27.480   -26.780   -26.270 
  -29.250   -26.850   -26.870   -26.360 
  -29.200   -27.010   -26.750   -26.260 
  -28.050   -26.530   -26.960   -26.460 
  -28.380   -27.220   -26.960   -26.460 
  -29.110   -27.010   -26.960   -26.460 
  -29.570   -26.320   -27.060   -26.550 
  -29.180   -27.120   -27.060   -26.550 
  -28.890   -26.480   -27.240   -26.730 
  -28.800   -26.470   -27.790   -27.290 
  -29.430   -26.390   -27.790   -27.290 
  -29.710   -26.880   -27.890   -27.380 
  -30.130   -27.240   -27.790   -27.290 
  -29.100   -27.620   -27.700   -27.200 
  -29.380   -27.560   -27.610   -27.100 
  -29.660   -27.400   -24.900   -24.410 
  -28.690   -26.040   -20.650   -20.160 
  -27.100   -24.650    -8.070    -8.070 
  -21.070   -20.140    -1.880    -1.880 
  -12.900   -12.860    -1.880    -1.880 
   -6.590    -7.330    -1.880    -1.880 
   -3.330    -4.660    -1.880    -1.880 
   -1.490    -2.260    -1.880    -1.880 
    0.000     0.190    -1.980    -1.980 
    0.040     0.170    -1.880    -1.880 
    0.000    -0.040    -1.980    -1.980 
    0.000     0.000    -2.160    -2.160 
    0.000     0.000    -4.100    -4.100 
   -0.340    -0.290    -4.840    -4.840 
   -0.920    -0.600    -4.010    -4.010 
   -0.580    -0.240     0.000     0.000 
    0.180     0.370     0.000     0.000 
    0.040     0.040     0.000     0.000 
    0.000     0.000     0.000     0.000 
    0.000     0.000     4.620     4.620 
    0.830     0.980     6.850     6.850 
    2.040     1.710    12.770    12.770 
    5.000     5.200    15.620    15.620 
   10.450     9.470    16.160    16.160 
   13.530    12.650    16.160    16.160 
   15.080    15.040    16.230    16.230 
   16.390    15.650    16.160    16.160 
   16.560    15.980    16.160    16.160 
   16.760    16.320    16.160    16.160 
   15.830    15.780    16.080    16.080 
   16.380    17.130    15.690    15.690 
   15.350    15.940    14.540    14.540 
   14.090    15.170     9.000     9.000 
   13.100    12.860     8.160     8.160 
   10.770    11.140     6.470     6.470 
    8.730     9.520     6.240     6.240 
    7.820     7.500     6.310     6.310 
    6.580     6.280     5.470     5.470 
    4.480     5.370     0.000     0.000 
    2.450     2.250     0.000     0.000 
    0.290    -0.040     0.000     0.000 
   -0.230    -0.460     0.000     0.000 
   -0.040     0.000     0.000     0.000 
   -0.040     0.000     0.000     0.000 
    0.000     0.000     0.000     0.000 
    0.000     0.000     0.000     0.000 
    0.000     0.000     0.000     0.000 
    0.000     0.000     5.160     4.630 
    0.510     0.270     6.830     6.130 
    1.070     0.530    10.250     9.200 
    2.500     1.020    15.570    13.970 
    7.510     2.600    15.570    13.970 
    7.150     4.450    15.350    13.770 
    7.800     5.690     4.940     4.430 
    6.780     5.890     0.000     0.000 
    4.220     4.020     0.000     0.000 
    1.860     3.040     0.000     0.000 
   -0.270     0.450     0.000     0.000 
   -0.140    -0.390     2.620     2.620 
    0.090     0.000     5.470     5.470 
    0.980     0.880     6.540     6.540 
    1.620     1.440     6.700     6.700 
    2.650     2.690     7.620     7.620 
    4.660     5.150    10.000    10.000 
    5.480     6.170    12.460    12.460 
    8.930     8.240    12.930    12.930 
   10.310    10.130    14.690    14.690 
   11.290    11.970    15.620    15.620 
   12.630    13.050    16.080    16.080 
   14.440    14.240    16.230    16.230 
   15.460    15.150    16.620    16.620 
   16.160    15.910    16.920    16.920 
   17.290    16.850    17.000    17.000 
   17.330    17.100    17.920    17.920 
   18.610    18.220    18.230    18.230 
   18.620    18.720    18.460    18.460 
   18.450    19.430    18.460    18.460 
   18.480    18.950    18.540    18.540 
   19.400    19.640    18.540    18.540 
   19.430    19.680    18.540    18.540 
   19.840    19.890    18.620    18.620 
   19.880    20.070    18.700    18.700 
   20.030    19.720    18.920    18.920 
   19.380    19.920    19.690    19.690 
   19.430    20.170    20.930    20.930 
   20.240    21.220    20.930    20.930 
   21.900    21.640    21.000    21.000 
   22.360    22.310    21.000    21.000 
   22.880    22.150    21.000    21.000 
   23.410    22.290    21.150    21.150 
   22.760    22.560    21.460    21.460 
   22.310    23.100    22.850    22.850 
   23.460    23.750    24.080    24.080 
   25.190    24.590    25.380    25.380 
   27.210    26.370    25.540    25.540 
   28.640    27.620    26.080    26.080 
   28.680    28.780    26.380    26.380 
   28.370    29.050    26.540    26.540 
   29.310    29.080    26.540    26.540 
   29.910    29.320    26.620    26.620 
   30.360    29.740    26.690    26.690 
   30.060    30.450    26.840    26.840 
   29.770    30.700    27.620    27.620 
   29.960    30.010    29.150    29.150 
   31.560    31.000    29.690    29.690 
   33.450    32.020    30.070    30.070 
   33.870    33.230    30.380    30.380 
   33.570    34.070    30.610    30.610 
   34.750    34.010    30.770    30.770 
   35.810    35.320    31.230    31.230 
   36.610    35.390    32.460    32.460 
   36.300    36.250    33.690    33.690 
   38.040    37.450    34.540    34.540 
   39.900    38.880    35.770    35.770 
   40.860    39.730    36.010    36.010 
   40.980    41.280    36.010    36.010 
   42.220    41.150    36.010    36.010 
   42.880    41.260    36.010    36.010 
   43.040    42.160    36.010    36.010 
   41.870    42.460    36.010    36.010 
   43.130    42.570    36.010    36.010 
   43.240    42.210    36.010    36.010 
   42.390    42.310    36.010    36.010 
   42.830    42.780    36.010    36.010 
   43.970    42.990    36.010    36.010 
   43.610    42.780    36.010    36.010 
   42.020    42.710    36.010    36.010 
   42.520    42.790    36.010    36.010 
   43.750    42.190    36.010    36.010 
   42.780    42.270    36.010    36.010 
   42.390    42.680    36.010    36.010 
   43.690    43.040    36.010    36.010 
   43.830    42.430    36.010    36.010 
   42.140    43.070    36.010    36.010 
   43.270    42.440    36.010    36.010 
   43.910    42.580    36.010    36.010 
   42.540    43.450    36.010    36.010 
   43.360    42.760    36.010    36.010 
   43.570    43.420    36.010    36.010 
   43.580    42.490    36.010    36.010 
   42.220    42.710    36.010    36.010 
   43.740    43.200    36.010    36.010 
   43.920    42.480    36.010    36.010 
   42.390    42.780    36.010    36.010 
   43.020    42.680    36.010    36.010 
   43.920    43.040    36.010    36.010 
   43.910    42.830    36.010    36.010 
   42.300    42.620    36.010    36.010 
   43.810    43.320    36.010    36.010 
   44.350    43.610    36.010    36.010 
   42.760    42.950    36.010    36.010 
   42.190    42.580    36.010    36.010 
   43.620    43.250    36.010    36.010 
   43.960    42.580    36.010    36.010 
   42.410    43.190    36.010    36.010 
   43.460    43.040    36.010    36.010 
   43.710    42.680    36.010    36.010 
   42.530    42.570    36.010    36.010 
   42.480    42.880    36.010    36.010 
   43.270    42.440    36.010    36.010 
   43.990    42.410    36.010    36.010 
   42.090    42.530    36.010    36.010 
   43.090    42.710    36.010    36.010 
   43.610    43.170    33.770    33.770 
   42.950    42.260    30.540    30.540 
   39.680    41.060    29.850    29.850 
   39.680    39.490    28.850    28.850 
   38.390    37.930    25.770    25.770 
   36.000    35.210    24.540    24.540 
   32.160    33.230    22.080    22.080 
   30.650    31.240    19.850    19.850 
   28.090    28.930    16.850    16.850 
   25.720    25.230    16.620    16.620 
   23.690    23.290    16.310    16.310 
   20.400    21.340    15.930    15.930 
   18.120    19.450    13.770    13.770 
   16.790    17.160     7.700     7.700 
   14.400    14.890     4.470     4.470 
   11.200    11.200     0.000     0.000 
    5.480     6.650     0.000     0.000 
    2.010     2.260     0.000     0.000 
   -0.130    -0.270     0.000     0.000 
   -0.190    -0.340     0.000     0.000 
    0.090     0.040     0.000     0.000 
    0.000     0.000     0.000     0.000 
    0.000     0.000     0.000     0.000 
    0.000     0.000     0.000     0.000 
    0.000     0.000     0.000     0.000 
    0.000     0.000     0.000     0.000 
    0.000     0.000     0.000     0.000 
    0.000     0.000     0.000     0.000 
    0.000     0.000     0.000     0.000 
    0.000     0.000     0.000     0.000 
    0.000     0.000     0.000     0.000 
    0.000     0.000     0.000     0.000 
    0.000     0.000     0.000     0.000 
    0.000     0.000     0.000     0.000 
    0.000     0.000     0.000     0.000 
    0.000     0.000     0.000     0.000 
    0.000     0.000    10.250     9.200 
    1.620     0.740    15.790    14.170 
    4.710     2.500    18.340    16.450 
   10.830     5.760    18.740    16.820 
   11.990     7.810    18.960    17.010 
   13.960     9.910    18.960    17.010 
   15.170    10.720    19.170    17.210 
   15.680    10.730    19.170    17.210 
   16.500    11.340    19.170    17.210 
   15.910    13.750    19.170    17.210 
   16.400    14.680    19.170    17.210 
   17.940    11.790    19.170    17.210 
   17.840    11.270    19.170    17.210 
   17.950    10.880     0.000     0.000 
   16.470     8.500     0.000     0.000 
   10.090     5.530     0.000     0.000 
    4.180     2.060     0.000     0.000 
    1.060     0.080     0.000     0.000 
   -0.880    -0.980     0.000     0.000 
   -0.980    -0.730     0.000     0.000 
   -0.270    -0.320     0.000     0.000 
    0.000     0.000     0.000     0.000 
    0.000     0.000     0.000     0.000 
    0.000     0.000     0.000     0.000 
    0.000     0.000     0.000     0.000 
    0.000     0.000    -5.840    -5.240 
   -0.830    -1.030    -6.490    -5.820 
   -1.110    -0.880    -8.050    -7.220 
   -1.370    -0.680    -9.600    -8.610 
   -2.350    -0.890   -15.380   -13.800 
   -5.600    -3.780   -22.940   -20.580 
  -10.070    -9.330   -30.490   -27.360 
  -17.120   -20.470   -35.620   -31.960 
  -22.160   -28.800   -36.050   -32.350 
  -25.270   -33.850   -41.840   -37.540 
  -29.460   -39.290   -42.490   -38.130 
  -32.250   -43.750   -42.710   -38.320 
  -35.260   -40.230   -43.390   -38.940 
  -39.880   -35.300   -44.040   -39.520 
  -41.260   -36.050   -44.260   -39.720 
  -42.910   -38.290   -44.940   -40.330 
  -46.580   -38.950   -48.710   -43.710 
  -47.770   -42.660   -48.920   -43.900 
  -48.030   -47.190   -49.390   -44.320 
  -50.710   -45.150   -49.610   -44.510 
  -53.180   -46.000   -49.610   -44.510 
  -51.610   -47.280   -49.820   -44.710 
  -53.120   -47.850   -50.730   -45.520 
  -54.040   -49.190   -57.380   -51.490 
  -56.030   -53.030   -64.930   -58.270 
  -62.860   -57.700   -69.380   -62.260 
  -66.060   -63.350   -69.380   -62.260 
  -69.500   -64.530   -69.380   -62.260 
  -72.790   -65.390   -69.380   -62.260 
  -71.310   -67.330   -69.380   -62.260 
  -74.460   -68.140   -69.380   -62.260 
  -72.690   -69.200   -69.380   -62.260 
  -74.360   -70.970   -69.380   -62.260 
  -73.820   -71.270   -69.380   -62.260 
  -75.350   -72.350   -68.690   -61.640 
  -73.350   -73.210   -64.060   -57.490 
  -74.070   -72.200   -52.710   -47.300 
  -67.530   -67.890   -26.040   -23.370 
  -61.870   -62.510   -11.840   -10.620 
  -43.760   -52.970    -6.490    -5.820 
  -17.490   -40.940    -6.060    -5.430 
  -17.490   -35.390    -5.840    -5.240 
  -11.040   -32.290    -5.400    -4.850 
  -15.880   -29.010    -4.940    -4.430 
   -9.800   -23.950     0.000     0.000 
   -4.040   -18.610     0.000     0.000 
   -2.270   -15.260     0.000     0.000 
   -3.090    -9.670     0.000     0.000 
   -2.450    -6.340     0.000     0.000 
   -1.530    -3.210     0.000     0.000 
   -0.830    -1.620     0.000     0.000 
   -0.970    -0.930     0.000     0.000 
   -0.590    -0.340     0.000     0.000 
   -0.290    -0.140     0.000     0.000 
    0.000     0.000    -2.850     3.590 
   -0.090     0.000    -4.950     6.230 
   -0.550     0.040    -6.760     8.510 
   -0.810     0.240    -6.760     8.510 
   -0.550     0.270    -6.900     8.690 
   -0.390     0.290    -7.460     9.390 
   -0.630     0.090    -9.150    11.520 
   -1.060     0.800   -16.130    20.300 
   -4.280     4.420   -16.270    20.480 
   -6.380     6.330   -16.700    21.030 
   -9.390     7.960   -16.420    20.660 
   -7.920     7.920   -16.420    20.660 
   -7.530     7.620   -16.700    21.030 
   -6.190    12.240   -16.700    21.030 
   -7.310    10.050   -16.700    21.030 
   -8.110     9.340   -16.700    21.030 
   -8.470    11.030   -16.700    21.030 
   -8.120    11.760   -16.970    21.360 
  -10.420    11.150   -17.400    21.910 
  -10.510    11.800   -19.070    24.010 
  -10.280    14.420   -22.160    27.890 
  -14.330    16.150   -27.470    34.580 
  -23.650    19.230   -27.330    34.400 
  -22.980    23.960   -27.330    34.400 
  -20.960    24.160   -27.330    34.400 
  -20.510    24.390   -27.330    34.400 
  -18.020    26.030   -27.330    34.400 
  -18.780    28.130   -27.330    34.400 
  -21.680    27.420   -27.180    34.220 
  -21.930    26.110   -27.180    34.220 
  -22.940    25.500   -27.180    34.220 
  -24.060    25.340   -27.180    34.220 
  -23.240    26.390   -27.180    34.220 
  -21.060    27.260   -27.470    34.580 
  -23.370    26.870   -27.880    35.100 
  -22.760    29.080   -27.880    35.100 
  -23.820    28.840   -28.300    35.620 
  -24.860    29.850   -31.240    39.320 
  -29.260    30.340   -31.940    40.200 
  -28.930    33.080   -33.200    41.780 
  -30.310    33.650   -35.010    44.070 
  -33.050    35.310   -35.010    44.070 
  -30.980    38.550   -35.010    44.070 
  -30.280    39.790   -35.010    44.070 
  -29.600    42.950   -35.150    44.250 
  -34.470    37.130   -35.150    44.250 
  -33.670    38.480   -35.150    44.250 
  -31.260    40.680   -35.150    44.250 
  -35.090    37.110   -35.150    44.250 
  -31.090    38.720   -35.150    44.250 
  -32.330    39.760   -35.150    44.250 
  -32.580    40.260   -35.010    44.070 
  -33.320    40.400   -35.010    44.070 
  -34.570    37.850   -35.010    44.070 
  -33.090    38.350   -34.310    43.180 
  -34.150    39.470   -29.000    36.500 
  -30.450    36.090   -26.770    33.700 
  -27.850    34.010   -19.630    24.710 
  -22.480    31.450   -15.720    19.780 
  -19.650    28.310     0.000     0.000 
   -5.360    25.800     0.000     0.000 
   -8.190    18.760     0.000     0.000 
   -4.420    15.350     0.000     0.000 
   -6.230    11.800     0.000     0.000 
   -6.000     6.550     0.000     0.000 
   -1.820     7.280     0.000     0.000 
   -0.800     3.650     0.000     0.000 
    0.680     2.060     0.000     0.000 
    0.930     0.460     2.740    -3.450 
    0.490    -0.190    -1.870    -7.830 
    0.040    -0.290    -1.760    -7.960 
    0.080    -0.130    -1.290    -8.550 
    0.290    -0.040    -1.060    -8.840 
    0.320    -0.090    -0.380   -10.170 
    0.630    -0.190     1.890   -13.040 
    0.370    -1.300    10.000   -23.710 
    0.630    -4.470    15.120   -30.690 
    3.340    -9.250    18.310   -35.180 
    6.090   -16.530    22.900   -41.890 
    9.250   -21.900    25.520   -45.190 
   14.350   -27.860    25.070   -45.090 
   14.560   -30.070    23.130   -42.650 
   13.990   -29.950    16.170   -33.420 
   14.560   -25.290    12.280   -28.050 
    9.590   -21.600    12.400   -28.210 
    6.500   -22.150    12.280   -28.050 
    6.740   -23.130     5.640   -18.760 
    4.930   -22.340     1.210   -12.180 
    0.780   -19.400     1.100   -12.040 
   -0.390   -18.260     1.100   -12.040 
   -1.300   -16.590     1.210   -12.180 
   -1.620   -15.020     1.210   -12.180 
   -1.550   -12.610     1.440   -12.470 
   -1.320   -11.030     2.460   -13.760 
   -1.580   -10.240     8.170   -20.940 
   -0.240   -11.170    11.810   -25.530 
    0.710   -12.420    12.960   -27.440 
    2.460   -14.220    12.850   -27.300 
    4.470   -15.300    12.850   -27.300 
    4.010   -15.330    12.850   -27.300 
    5.210   -17.070    12.850   -27.300 
    5.070   -17.230    12.850   -27.300 
    5.810   -17.480    10.960   -29.190 
    4.560   -18.620    10.960   -29.190 
    5.020   -20.620    10.500   -29.660 
    3.690   -21.650     9.860   -30.300 
    2.790   -23.160     9.300   -30.860 
    1.920   -23.690     5.150   -35.010 
   -0.460   -26.990     3.020   -37.140 
   -3.340   -29.550     3.020   -37.140 
   -5.700   -31.750     3.300   -36.860 
   -7.280   -32.730     9.510   -31.950 
   -3.590   -31.540    13.450   -33.900 
    0.750   -28.410    18.780   -35.760 
    4.030   -27.970    18.780   -35.760 
    8.750   -27.150    19.570   -36.760 
   10.680   -26.840    20.010   -37.320 
   11.670   -28.250    19.910   -37.190 
    9.800   -27.870    19.910   -37.190 
    9.210   -27.920    19.910   -37.190 
    8.560   -28.490    20.010   -37.320 
    7.730   -29.300    20.010   -37.320 
    8.520   -29.910    19.910   -37.190 
    9.160   -30.190    19.910   -37.190 
   10.330   -29.970    19.910   -37.190 
   13.300   -29.420    19.910   -37.190 
   13.450   -29.270    19.910   -37.190 
   12.860   -30.260    19.910   -37.190 
   14.080   -30.520    20.250   -37.620 
   14.810   -30.690    23.220   -41.830 
   16.090   -32.680    26.530   -45.990 
   17.480   -34.520    27.680   -47.430 
   18.500   -37.040    27.670   -47.900 
   18.810   -38.810    27.780   -47.570 
   20.550   -38.490    27.460   -47.630 
   22.450   -39.050    27.680   -47.430 
   22.400   -39.150    27.680   -47.430 
   23.170   -40.690    27.680   -47.430 
   22.210   -39.350    27.680   -47.430 
   22.400   -40.310    27.680   -47.430 
   22.010   -40.730    27.780   -47.570 
   23.390   -40.400    27.890   -47.710 
   23.280   -39.960    27.780   -47.570 
   24.820   -40.430    27.890   -47.710 
   25.580   -42.120    27.780   -47.570 
   23.160   -42.680    27.890   -47.710 
   22.040   -43.800    28.020   -47.860 
   21.680   -42.870    28.020   -47.860 
   27.390   -45.750    28.020   -47.860 
   26.830   -42.340    27.890   -47.710 
   25.800   -42.790    27.890   -47.710 
   24.270   -43.850    27.890   -47.710 
   24.030   -43.680    27.890   -47.710 
   23.510   -44.470    27.890   -47.710 
   23.310   -45.190    27.890   -47.710 
   23.490   -45.750    26.000   -49.590 
   22.010   -46.950    25.910   -49.690 
   22.590   -45.820    25.630   -49.960 
   20.670   -47.550    24.890   -50.700 
   19.500   -48.460    24.610   -50.980 
   18.480   -49.130    24.340   -51.260 
   17.230   -50.030    23.970   -51.630 
   18.220   -51.360    22.310   -53.290 
   16.990   -52.170    21.660   -53.940 
   15.210   -52.740    21.570   -54.030 
   14.920   -55.110    20.920   -54.680 
   14.520   -55.500    19.440   -56.150 
    8.740   -57.040    17.490   -57.870 
    3.150   -60.970    17.490   -57.870 
    7.380   -60.230    17.490   -57.870 
    3.960   -60.010    17.490   -57.870 
    7.780   -57.460    17.580   -57.770 
    2.670   -56.370    18.870   -56.480 
    8.610   -55.990    20.720   -54.630 
    3.920   -52.810    20.720   -54.630 
   10.240   -52.300    22.280   -52.840 
    6.150   -46.440    25.420   -49.690 
    8.020   -42.050    27.680   -47.430 
   15.860   -39.530    27.680   -47.430 
   18.690   -38.550    27.680   -47.430 
   17.680   -36.340    27.330   -47.010 
   15.340   -33.760    27.090   -46.220 
   14.820   -35.210    24.700   -43.220 
   14.130   -35.650    17.410   -33.040 
    4.140   -31.860     4.680    -5.890 
   -2.850   -23.640     3.870    -4.870 
   -6.190   -14.270     3.760    -4.740 
   -3.250    -8.470     3.530    -4.440 
   -1.490    -5.030     2.960    -3.720 
   -0.440    -1.670     0.000     0.000 
    0.000     0.290     0.000     0.000 
    0.040     0.570     0.000     0.000 
    0.040     0.000     0.000     0.000 
    0.040     0.000     2.850    -3.590 
    0.040     0.000     3.190    -4.020 
    0.080    -0.040     3.080    -3.880 
    0.040     0.000     2.740    -3.450 
   -0.040     0.000     0.000     0.000 
    0.000     0.080     0.000     0.000 
    0.000     0.000     0.000     0.000 
    0.000     0.000     0.000     0.000 
    0.000     0.000     0.000     0.000 
    0.000     0.000     0.000     0.000 
    0.000     0.000     0.000     0.000 
    0.000     0.000     0.000     0.000 
    0.000     0.000     0.000     0.000 
    0.000     0.000     0.000     0.000 
    0.000     0.000     0.000     0.000 
    0.000     0.000     0.000     0.000 
    0.000     0.000     0.000     0.000 
    0.000     0.000     3.080    -3.880 
    0.040    -0.090     3.190    -4.020 
    0.000     0.000     2.960    -3.720 
    0.000     0.000     2.850    -3.590 
    0.000     0.000     0.000     0.000 
   -0.040     0.040     0.000     0.000 
    0.000     0.000     0.000     0.000 
    0.000     0.000     0.000     0.000 
    0.000     0.000     0.000     0.000 
    0.000     0.000     0.000     0.000 
    0.000     0.000     0.000     0.000 
    0.000     0.000     2.740    -3.450 
    0.000    -0.090     2.740    -3.450 
    0.000     0.000     2.960    -3.720 
    0.040     0.000     2.850    -3.590 
    0.040     0.000     2.740    -3.450 
   -0.040     0.000     0.000     0.000 
    0.000     0.040     0.000     0.000 
    0.000     0.000     0.000     0.000 
    0.000     0.000     0.000     0.000 
    0.000     0.000     0.000     0.000 
    0.000     0.000     0.000     0.000 
    0.000     0.000     0.000     0.000 
    0.000     0.000     0.000     0.000 
    0.000     0.000     0.000     0.000 
    0.000     0.000     0.000     0.000 
    0.000     0.000     0.000     0.000 
    0.000     0.000     0.000     0.000 
    0.000     0.000    -8.720    10.970 
   -1.670     1.570   -21.320    26.830 
   -5.960     5.400   -27.880    35.100 
  -20.170    21.350   -26.480    33.340 
  -16.470    27.760   -26.480    33.340 
  -18.470    25.800   -26.480    33.340 
  -19.120    28.330   -26.480    33.340 
  -19.450    24.590   -26.630    33.520 
  -18.830    24.110   -26.630    33.520 
  -18.430    22.840   -26.900    33.860 
  -20.150    25.470   -27.180    34.220 
  -20.300    26.710   -27.180    34.220 
  -19.890    30.810   -27.180    34.220 
  -21.450    32.790   -27.180    34.220 
  -21.980    31.090   -27.180    34.220 
  -21.850    26.860   -27.180    34.220 
  -19.860    28.680   -27.180    34.220 
  -20.280    29.090   -27.180    34.220 
  -21.240    26.900   -27.040    34.040 
  -22.390    26.970   -20.340    38.830 
  -18.880    29.190   -18.010    40.230 
  -15.770    30.800   -14.960    39.180 
  -13.430    30.340   -11.580    42.560 
  -10.310    33.160   -11.500    42.640 
   -8.390    33.170    -8.720    45.750 
   -6.160    35.310    -8.160    46.600 
   -5.070    33.530    -8.540    46.210 
   -3.830    34.890   -18.990    36.090 
  -10.150    29.470   -24.670    31.050 
  -16.970    21.210   -26.630    33.520 
  -23.800    20.500   -27.040    34.040 
  -25.270    18.830   -28.170    35.460 
  -27.450    19.560   -28.300    35.620 
  -25.540    21.840   -28.300    35.620 
  -23.050    22.870   -28.300    35.620 
  -26.770    20.510   -28.580    35.980 
  -29.390    21.550   -32.080    40.380 
  -34.000    24.540   -35.010    44.070 
  -35.430    29.220   -36.000    45.310 
  -36.930    32.640   -36.140    45.490 
  -35.850    33.340   -36.700    46.190 
  -40.310    33.820   -36.700    46.190 
  -33.480    35.500   -36.550    46.010 
  -33.570    34.500   -36.550    46.010 
  -30.720    35.060   -36.410    45.830 
  -34.960    33.220   -36.410    45.830 
  -40.680    29.490   -27.180    34.220 
  -30.420    26.430    -7.600     9.570 
  -23.120    18.880     0.000     0.000 
    3.840     9.110     0.000     0.000 
   -0.170     3.390     0.000     0.000 
    0.090     2.020     0.000     0.000 
    0.170     0.310     0.000     0.000 
    0.000     0.000     0.000     0.000 
    0.000     0.000     0.000     0.000 
    0.000     0.000     0.000     0.000 
    0.000     0.000     0.000     0.000 
    0.000     0.000     0.000     0.000 
    0.000     0.000    -5.360     6.750 
   -0.040     0.510   -16.560    20.840 
   -2.410     3.050   -16.700    21.030 
   -5.710     4.420   -16.700    21.030 
   -5.970     8.830   -16.700    21.030 
   -5.320    10.250   -18.370    23.130 
   -8.970    11.650   -23.420    29.470 
  -16.060    16.300   -24.670    31.050 
  -18.260    18.610   -24.820    31.240 
  -16.130    22.450   -26.770    33.700 
  -20.790    22.050   -29.140    36.680 
  -20.910    25.540   -30.130    37.920 
  -21.500    28.790   -31.380    39.500 
  -24.880    25.860   -31.650    39.840 
  -25.990    27.610   -31.650    39.840 
  -27.870    27.820   -31.650    39.840 
  -28.250    29.190   -31.800    40.020 
  -28.710    29.600   -31.940    40.200 
  -26.840    31.530   -32.230    40.560 
  -22.880    32.840   -32.780    41.260 
  -24.240    35.450   -33.480    42.150 
  -29.010    32.710   -34.740    43.730 
  -28.960    34.690   -36.700    46.190 
  -32.060    37.320   -36.840    46.370 
  -30.700    37.040   -36.840    46.370 
  -34.100    36.960   -36.840    46.370 
  -31.090    40.460   -36.840    46.370 
  -31.120    42.130   -36.840    46.370 
  -32.100    41.180   -36.840    46.370 
  -31.600    37.910   -36.840    46.370 
  -34.810    37.920   -36.840    46.370 
  -36.960    39.920   -36.840    46.370 
  -43.940    40.110   -36.840    46.370 
  -33.010    40.460   -36.700    46.190 
  -30.300    45.890   -33.200    41.780 
  -30.490    47.520   -32.910    41.420 
  -30.270    39.690   -32.910    41.420 
  -29.560    38.290   -32.910    41.420 
  -29.650    38.540   -33.050    41.600 
  -31.160    39.820   -32.910    41.420 
  -34.590    34.390   -32.230    40.560 
  -33.490    34.470   -26.770    33.700 
  -28.120    32.710   -10.820    13.620 
  -19.710    29.370     0.000     0.000 
   -7.100    23.820     0.000     0.000 
   -6.900    17.470     0.000     0.000 
   -7.420    13.960     2.850    -3.590 
   -6.410    10.070     3.080    -3.880 
   -5.550     6.020     3.190    -4.020 
   -2.170     3.600     3.320    -4.170 
   -0.240     0.690     3.320    -4.170 
    0.620    -0.530     3.660    -4.600 
    0.040    -0.930     3.870    -4.870 
   -0.140    -0.140     4.000    -5.030 
    0.000     0.000     4.210    -5.300 
    0.000     0.000     4.340    -5.460 
    0.000     0.000     7.980   -10.050 
    0.720    -0.090     9.000   -11.330 
    1.160    -0.180    13.110   -16.510 
    1.380    -1.820    16.870   -21.230 
    3.080    -4.760    18.010   -22.670 
    5.080    -4.930    17.780   -22.380 
    5.720    -6.320    17.910   -22.540 
    7.720    -7.770    17.780   -22.380 
    9.220    -8.830    17.780   -22.380 
    8.590    -9.850    17.780   -22.380 
    8.440   -10.660    17.780   -22.380 
    8.350   -12.730    17.780   -22.380 
    9.480   -11.650    17.910   -22.540 
   10.860   -11.060    17.910   -22.540 
   10.850   -12.770    18.460   -23.240 
   11.940   -13.020    20.530   -25.840 
   14.670   -14.100    22.460   -28.280 
   14.070   -14.860    22.460   -28.280 
   16.340   -16.470    22.570   -28.410 
   14.500   -16.180    22.570   -28.410 
   14.160   -17.910    22.460   -28.280 
   14.520   -18.670    22.460   -28.280 
   14.950   -19.830    22.460   -28.280 
   14.860   -19.370    22.460   -28.280 
   16.330   -19.980    22.460   -28.280 
   16.790   -19.360    22.570   -28.410 
   17.190   -19.320    22.570   -28.410 
   18.640   -19.960    23.490   -29.560 
   18.260   -20.740    24.740   -31.140 
   17.760   -21.660    24.960   -31.420 
   18.080   -22.610    25.300   -31.850 
   18.550   -23.540    25.430   -32.000 
   19.830   -24.080    25.640   -32.270 
   20.490   -24.140    25.870   -32.570 
   22.460   -22.020    26.450   -33.290 
   22.010   -23.710    26.790   -33.720 
   20.190   -25.180    26.790   -33.720 
   20.400   -27.260    26.900   -33.860 
   19.110   -27.210    27.020   -34.010 
   20.880   -26.710    27.130   -34.150 
   22.680   -26.650    29.070   -36.590 
   25.180   -27.950    30.220   -38.030 
   27.540   -27.920    30.430   -38.310 
   25.610   -29.560    30.560   -38.460 
   26.350   -29.850    30.670   -38.600 
   24.690   -30.220    30.670   -38.600 
   28.290   -30.070    30.670   -38.600 
   26.530   -30.200    30.560   -38.460 
   27.240   -29.900    30.560   -38.460 
   27.230   -30.080    30.560   -38.460 
   26.150   -29.950    30.560   -38.460 
   25.660   -30.720    30.560   -38.460 
   26.580   -32.100    30.560   -38.460 
   26.560   -32.290    30.670   -38.600 
   28.120   -31.960    31.010   -39.030 
   26.420   -31.900    31.350   -39.460 
   26.580   -33.680    31.580   -39.750 
   25.900   -34.890    31.580   -39.750 
   28.290   -33.850    31.690   -39.890 
   29.530   -33.030    31.690   -39.890 
   30.270   -32.640    31.800   -40.020 
   28.410   -34.090    31.690   -39.890 
   27.700   -34.960    31.690   -39.890 
   29.010   -34.150    31.690   -39.890 
   30.150   -33.500    31.690   -39.890 
   29.840   -34.130    31.580   -39.750 
   28.090   -36.190    31.690   -39.890 
   27.600   -35.900    31.580   -39.750 
   27.380   -34.710    31.580   -39.750 
   28.810   -34.590    31.580   -39.750 
   29.800   -34.850    31.460   -39.590 
   28.340   -34.660    26.110   -32.860 
   24.900   -32.680    17.330   -21.820 
   20.140   -28.690    16.180   -20.370 
   18.970   -26.730    12.090   -15.220 
   16.890   -24.140     6.830    -8.600 
   13.440   -20.060     6.490    -8.170 
   12.900   -17.620     4.340    -5.460 
   10.660   -15.210     3.660    -4.600 
    9.010   -12.520     0.000     0.000 
    4.490    -8.240     0.000     0.000 
    3.850    -6.320     0.000     0.000 
    0.980    -4.240     0.000     0.000 
    0.340    -2.070     0.000     0.000 
   -0.260    -0.310     0.000     0.000 
   -0.040     0.440     0.000     0.000 
    0.040     0.140     0.000     0.000 
    0.000    -0.040     0.000     0.000 
    0.000     0.000     0.000     0.000 
    0.000     0.000    -6.350     7.990 
   -0.790     0.290   -14.600    18.380 
   -3.220     3.040   -15.720    19.780 
   -5.530     8.790   -15.720    19.780 
   -8.350     6.210   -15.720    19.780 
   -6.810     8.300   -16.000    20.140 
   -8.940     8.640   -16.130    20.300 
   -8.850     9.380   -16.000    20.140 
   -9.080    11.110   -16.130    20.300 
   -9.990    10.600   -16.270    20.480 
  -10.320    10.560   -16.560    20.840 
  -11.310    12.200   -16.970    21.360 
  -10.750    12.530   -19.070    24.010 
  -12.890    12.700   -20.060    25.250 
  -12.870    13.940   -21.030    26.470 
  -13.040    15.760   -21.170    26.650 
  -14.110    17.730   -21.460    27.010 
  -14.420    17.830   -21.730    27.350 
  -17.070    18.240   -24.820    31.240 
  -18.770    20.600   -26.480    33.340 
  -19.910    23.070   -28.580    35.980 
  -23.050    27.250   -29.000    36.500 
  -23.520    27.370   -29.140    36.680 
  -24.960    25.890   -29.140    36.680 
  -24.140    28.090   -29.140    36.680 
  -25.990    27.770   -29.140    36.680 
  -26.380    27.550   -29.430    37.040 
  -25.000    31.230   -29.430    37.040 
  -25.610    30.170   -29.700    37.380 
  -25.250    31.870   -29.700    37.380 
  -26.130    32.530   -30.130    37.920 
  -28.920    30.850   -30.950    38.960 
  -29.000    31.280   -31.650    39.840 
  -29.460    32.410   -33.900    42.670 
  -31.600    33.870   -34.600    43.550 
  -30.550    36.530   -35.150    44.250 
  -34.980    35.620   -35.300    44.430 
  -35.780    36.220   -36.140    45.490 
  -35.550    37.870   -36.550    46.010 
  -31.690    40.100   -38.370    48.290 
  -34.080    43.750   -40.320    50.750 
  -37.850    42.490   -40.320    50.750 
  -37.090    47.010   -40.320    50.750 
  -36.560    50.500   -40.320    50.750 
  -37.110    53.460   -40.320    50.750 
  -39.260    50.160   -40.320    50.750 
  -40.370    45.060   -40.320    50.750 
  -40.320    41.800   -40.320    50.750 
  -44.420    42.640   -40.320    50.750 
  -46.120    44.550   -40.320    50.750 
  -43.430    45.710   -40.320    50.750 
  -42.730    45.730   -40.320    50.750 
  -39.510    47.570   -40.320    50.750 
  -38.390    49.160   -40.320    50.750 
  -41.210    45.100   -40.320    50.750 
  -37.450    54.950   -40.320    50.750 
  -40.670    55.490   -40.320    50.750 
  -46.930    44.890   -40.320    50.750 
  -39.100    45.040   -40.320    50.750 
  -40.100    45.490   -40.320    50.750 
  -42.520    45.370   -40.320    50.750 
  -42.540    47.440   -40.320    50.750 
  -38.960    48.200   -40.320    50.750 
  -40.810    49.220   -40.320    50.750 
  -42.750    45.770   -40.320    50.750 
  -41.560    47.730   -40.200    50.590 
  -40.840    47.910   -38.510    48.470 
  -41.760    44.660   -30.130    37.920 
  -37.160    41.650   -27.880    35.100 
  -33.920    38.320   -21.590    27.170 
  -28.560    35.010   -10.820    13.620 
  -24.880    30.810    -7.340     9.230 
  -20.840    25.850     0.000     0.000 
  -12.950    20.420     0.000     0.000 
   -9.800    16.200     0.000     0.000 
   -9.190    14.090     0.000     0.000 
   -7.950    10.370     0.000     0.000 
   -6.480     7.770     0.000     0.000 
   -4.540     5.580     0.000     0.000 
   -3.550     1.820     0.000     0.000 
   -1.380    -0.190     0.000     0.000 
   -0.040    -1.230     2.740    -3.450 
    0.080    -0.400     2.960    -3.720 
    0.000    -0.090     3.320    -4.170 
    0.090     0.000     4.000    -5.030 
    0.000     0.000     6.380    -8.040 
    0.510     0.000     7.410    -9.320 
    0.770     0.000     7.750    -9.750 
    0.620     0.000     8.770   -11.040 
    0.790    -0.190    10.940   -13.770 
    0.930    -1.380    11.620   -14.630 
    1.430    -1.740    12.090   -15.220 
    2.170    -2.070    12.540   -15.780 
    3.270    -2.610    14.240   -17.930 
    3.660    -4.400    15.050   -18.950 
    4.870    -4.110    17.550   -22.090 
    6.820    -6.320    18.350   -23.100 
    9.090    -8.840    21.080   -26.540 
   11.800   -10.730    24.280   -30.560 
   17.060   -16.020    24.620   -30.990 
   16.140   -14.620    24.740   -31.140 
   16.310   -15.670    24.740   -31.140 
   14.530   -15.700    24.850   -31.280 
   13.990   -17.850    24.850   -31.280 
   14.430   -19.180    24.850   -31.280 
   15.620   -20.110    24.850   -31.280 
   16.120   -20.370    24.740   -31.140 
   16.930   -21.470    24.620   -30.990 
   17.810   -21.030    24.060   -30.290 
   19.180   -20.710    24.060   -30.290 
   17.710   -21.330    24.280   -30.560 
   17.500   -21.360    24.280   -30.560 
   16.510   -22.350    24.280   -30.560 
   17.220   -23.300    24.280   -30.560 
   18.650   -23.440    24.510   -30.850 
   19.130   -23.290    24.740   -31.140 
   19.320   -23.390    23.070   -33.300 
   19.280   -25.120    23.070   -33.300 
   17.990   -25.020    23.200   -33.460 
   17.300   -26.140    23.210   -33.690 
   16.560   -27.340    23.460   -34.210 
   15.910   -27.710    25.210   -36.840 
   18.290   -29.120    26.370   -38.510 
   18.350   -31.020    26.610   -38.810 
   20.170   -32.160    27.080   -39.600 
   19.870   -33.620    26.970   -39.460 
   20.080   -34.960    26.970   -39.460 
   19.840   -34.140    26.970   -39.460 
   19.770   -33.140    26.860   -39.320 
   22.020   -34.190    26.860   -39.320 
   20.950   -33.450    26.950   -39.240 
   20.780   -33.590    26.950   -39.240 
   18.850   -34.390    26.950   -39.240 
   21.110   -35.330    27.630   -40.090 
   18.740   -35.750    28.210   -40.820 
   19.950   -35.650    29.100   -41.950 
   20.120   -36.790    29.480   -42.620 
   19.890   -37.080    30.270   -43.620 
   23.850   -39.480    30.270   -43.620 
   23.650   -39.680    30.160   -43.480 
   23.090   -39.070    30.160   -43.480 
   23.000   -39.730    30.160   -43.480 
   22.560   -41.190    30.160   -43.480 
   26.810   -39.580    30.160   -43.480 
   27.150   -40.170    30.530   -43.110 
   28.890   -40.570    32.710   -41.170 
   25.630   -40.620    32.840   -41.330 
   26.630   -41.000    33.050   -41.600 
   29.160   -40.000    33.180   -41.760 
   25.230   -40.490    33.520   -42.190 
   26.810   -42.010    34.310   -43.180 
   27.370   -41.420    35.120   -44.200 
   28.280   -42.230    35.220   -44.340 
   25.130   -43.000    35.330   -44.470 
   27.660   -43.860    35.460   -44.630 
   26.570   -42.200    35.460   -44.630 
   28.970   -43.480    35.570   -44.770 
   32.510   -44.320    35.570   -44.770 
   32.950   -42.690    35.460   -44.630 
   28.230   -42.870    35.460   -44.630 
   27.190   -43.360    35.330   -44.470 
   25.760   -43.930    34.880   -43.910 
   29.570   -43.810    34.650   -43.610 
   29.080   -42.850    34.650   -43.610 
   25.890   -41.640    34.650   -43.610 
   26.950   -43.120    34.650   -43.610 
   24.010   -41.000    34.650   -43.610 
   26.620   -40.370    34.650   -43.610 
   28.740   -39.550    34.650   -43.610 
   28.500   -38.050    34.650   -43.610 
   26.760   -37.280    34.650   -43.610 
   24.750   -37.580    34.650   -43.610 
   22.960   -36.610    32.840   -41.330 
   26.300   -35.200    16.760   -21.090 
   18.860   -30.500    10.940   -13.770 
    5.430   -24.630     8.210   -10.340 
    2.620   -19.590     4.790    -6.030 
   -1.680   -13.020     4.550    -5.730 
   -1.160   -10.470     4.450    -5.600 
   -0.640    -6.820     3.870    -4.870 
   -0.490    -4.520     0.000     0.000 
   -0.590    -2.070     0.000     0.000 
   -0.130    -0.040     0.000     0.000 
   -0.190     0.290     0.000     0.000 
   -0.240     0.000     0.000     0.000 
   -0.090    -0.040     0.000     0.000 
   -0.040     0.000     0.000     0.000 
    0.000     0.000     0.000     0.000 
    0.000     0.000     0.000     0.000 
    0.000     0.000    -6.640     8.350 
   -1.380     0.790   -12.920    16.260 
   -3.010     2.420   -12.920    16.260 
   -2.520     3.690   -12.920    16.260 
   -4.100     4.550   -13.620    17.140 
   -5.810     4.690   -13.760    17.320 
   -5.690     6.680   -14.320    18.020 
   -6.670     6.620   -17.960    22.610 
   -8.210     8.020   -18.230    22.950 
   -7.740     9.940   -18.520    23.310 
   -8.010    11.030   -18.660    23.490 
   -8.260    13.070   -18.520    23.310 
   -9.710    13.150   -18.660    23.490 
  -10.440    13.510   -18.930    23.830 
  -11.640    15.580   -19.070    24.010 
  -12.920    20.150   -19.070    24.010 
  -15.360    24.350   -19.220    24.190 
  -16.580    26.630   -19.630    24.710 
  -17.670    28.020   -20.330    25.590 
  -18.210    18.570   -21.030    26.470 
  -16.930    13.220   -22.160    27.890 
  -18.310    15.090   -26.200    32.970 
  -26.260    18.330   -27.180    34.220 
  -31.490    22.910   -27.470    34.580 
  -28.760    24.750   -27.740    34.920 
  -28.420    26.100   -28.030    35.280 
  -24.270    26.150   -28.030    35.280 
  -20.680    26.670   -28.170    35.460 
  -20.300    28.050   -28.300    35.620 
  -22.740    27.890   -29.280    36.860 
  -25.070    28.490   -29.980    37.740 
  -25.840    28.470   -29.980    37.740 
  -26.980    29.060   -29.980    37.740 
  -25.760    30.300   -30.130    37.920 
  -26.120    30.380   -30.400    38.260 
  -28.520    30.770   -30.680    38.620 
  -29.190    31.420   -30.830    38.800 
  -27.820    31.980   -30.950    38.960 
  -29.410    31.470   -31.380    39.500 
  -26.980    33.270   -32.080    40.380 
  -29.690    35.550   -37.110    46.710 
  -33.960    37.780   -37.540    47.250 
  -36.000    38.830   -37.670    47.410 
  -39.260    39.160   -37.540    47.250 
  -35.820    39.980   -37.540    47.250 
  -36.810    40.660   -37.540    47.250 
  -37.010    41.470   -37.540    47.250 
  -37.480    40.660   -37.540    47.250 
  -36.080    41.410   -37.540    47.250 
  -35.110    42.190   -37.670    47.410 
  -36.740    40.450   -37.670    47.410 
  -36.250    41.260   -37.810    47.590 
  -38.070    42.630   -37.950    47.770 
  -36.690    46.890   -38.510    48.470 
  -38.170    48.150   -40.050    50.410 
  -38.820    46.990   -40.900    51.470 
  -39.970    47.150   -41.720    52.510 
  -42.980    46.290   -41.720    52.510 
  -45.150    44.860   -41.720    52.510 
  -45.970    44.050   -41.720    52.510 
  -47.960    45.090   -41.870    52.690 
  -47.800    46.580   -41.870    52.690 
  -50.040    47.170   -42.010    52.880 
  -38.350    49.540   -42.010    52.880 
  -42.100    53.340   -42.010    52.880 
  -49.410    45.250   -42.010    52.880 
  -44.240    44.750   -41.870    52.690 
  -41.140    48.920   -41.870    52.690 
  -43.710    49.330   -41.870    52.690 
  -45.210    47.230   -41.870    52.690 
  -43.920    45.060   -41.720    52.510 
  -44.920    45.900   -41.720    52.510 
  -47.040    45.500   -41.720    52.510 
  -46.430    44.970   -41.720    52.510 
  -44.160    46.990   -40.900    51.470 
  -45.620    45.210   -36.140    45.490 
  -42.580    41.340   -25.080    31.570 
  -35.050    35.500    -9.290    11.700 
  -28.550    28.640    -7.340     9.230 
  -23.370    22.030     0.000     0.000 
  -15.490    17.150     0.000     0.000 
  -15.200    13.710     0.000     0.000 
  -13.260     9.720     0.000     0.000 
  -11.090     6.140     0.000     0.000 
   -8.960     2.030     0.000     0.000 
   -6.650     0.700     0.000     0.000 
   -2.070     0.590     0.000     0.000 
   -0.370    -0.040     0.000     0.000 
    0.040    -0.290     0.000     0.000 
    0.000     0.000     0.000     0.000 
    0.000     0.000     0.000     0.000 
    0.000     0.000     0.000     0.000 
    0.000     0.000     0.000     0.000 
    0.000     0.000    12.580    11.290 
    2.410     1.070    20.230    18.150 
    8.520     3.270    21.940    19.690 
   13.590     6.280    21.940    19.690 
   17.490     8.620    24.050    21.590 
   20.050    11.280    28.970    25.990 
   22.320    15.240    34.280    30.760 
   27.820    19.750    34.900    31.320 
   31.680    21.840    42.770    38.380 
   35.620    27.640    44.260    39.720 
   43.640    28.860    45.320    40.670 
   41.540    32.680    49.790    44.680 
   46.270    35.970    52.340    46.970 
   50.940    40.400    53.400    47.920 
   55.840    41.370    53.400    47.920 
   58.710    41.690    54.050    48.500 
   58.560    43.550    54.460    48.870 
   59.700    44.990    54.670    49.060 
   59.410    46.360    55.330    49.650 
   61.730    46.500    55.330    49.650 
   64.270    46.800    55.330    49.650 
   60.930    48.190    55.330    49.650 
   62.750    49.050    55.330    49.650 
   61.180    50.420    55.330    49.650 
   64.370    48.870    55.330    49.650 
   64.080    49.610    55.330    49.650 
   64.560    50.730    55.330    49.650 
   64.790    50.530    55.330    49.650 
   65.250    49.880    55.110    49.450 
   65.470    50.140    54.890    49.260 
   63.390    51.310    54.460    48.870 
   64.000    50.230    53.400    47.920 
   64.160    49.740    52.780    47.360 
   63.230    50.160    55.960    50.650 
   65.830    51.670    59.960    54.790 
   67.330    53.710    59.060    53.990 
   68.660    57.130    51.720    46.960 
   64.560    58.080    41.090    36.870 
   58.900    57.260    37.050    33.250 
   51.830    52.820    33.410    29.980 
   44.790    50.590    31.300    28.080 
   42.150    48.200    30.640    27.500 
   40.260    46.360    30.640    27.500 
   36.430    43.110    30.860    27.690 
   34.580    39.990    31.080    27.890 
   34.420    38.760    36.990    33.690 
   38.090    39.660    40.370    37.080 
   41.770    41.470    40.760    37.460 
   39.860    43.810    40.610    37.310 
   41.020    44.340    38.920    35.620 
   39.110    44.740    32.140    28.840 
   34.780    43.200    33.410    29.980 
   31.470    41.470    33.410    29.980 
   32.170    38.470    33.850    30.370 
   31.830    35.890    34.690    31.130 
   33.480    35.100    35.560    31.910 
   34.160    34.900    35.770    32.100 
   34.550    33.700    35.960    32.270 
   37.630    32.370    35.960    32.270 
   37.510    32.620    35.960    32.270 
   37.410    33.640    35.960    32.270 
   37.060    33.420    35.960    32.270 
   38.400    32.650    35.960    32.270 
   38.400    32.390    35.960    32.270 
   38.290    32.600    35.960    32.270 
   37.880    33.120    35.960    32.270 
   39.320    32.190    35.960    32.270 
   39.340    31.260    35.770    32.100 
   39.460    31.070    35.560    31.910 
   38.300    31.010    35.560    31.910 
   39.710    31.330    35.340    31.710 
   39.680    30.530    35.120    31.520 
   39.090    30.370    35.120    31.520 
   38.470    30.130    34.470    30.930 
   38.970    29.650    34.280    30.760 
   38.420    29.890    34.060    30.570 
   38.220    30.200    34.060    30.570 
   37.360    29.920    34.060    30.570 
   38.290    29.460    33.410    29.980 
   37.700    29.180    33.010    29.620 
   37.160    29.370    32.350    29.030 
   36.070    28.680    32.350    29.030 
   36.580    28.320    32.140    28.840 
   36.190    27.860    31.730    28.480 
   35.600    27.870    31.730    28.480 
   34.570    28.430    29.180    26.190 
   34.110    26.670    25.760    23.120 
   33.270    25.110    17.680    15.870 
   30.210    21.980    19.830    17.990 
   27.900    20.370    17.530    16.260 
   24.640    19.080    16.330    15.190 
   22.970    18.970     6.620     5.940 
   18.640    16.800     4.720     4.230 
   13.690    14.230     0.000     0.000 
    8.210     8.700     5.780     5.180 
    6.740     8.180     7.050     6.330 
    4.790     5.150     9.600     8.610 
    5.100     5.050    10.660     9.560 
    4.880     3.040    13.640    12.240 
    7.980     3.520    20.250    18.450 
   12.550     6.000    23.800    21.830 
   21.520     9.100    24.610    22.570 
   21.560    12.740    23.540    21.530 
   18.960    15.020    19.610    17.600 
   16.510    15.020    18.740    16.820 
   15.110    14.270    17.250    15.480 
   14.670    13.680    14.510    13.020 
   13.810    12.690    11.090     9.950 
   12.040    10.700    11.090     9.950 
   11.300     8.820    10.180     9.330 
    9.420     8.650    12.590    11.840 
    9.270     8.820    11.930    11.250 
    8.470     9.320     0.000     0.000 
    4.950     7.090     0.000     0.000 
    1.820     3.610     0.000     0.000 
   -0.040     0.040     0.000     0.000 
   -0.040    -0.340     0.000     0.000 
    0.000     0.000     0.000     0.000 
