    0.000     0.000     0.000     0.000 
    0.000     0.000     0.000     0.000 
    0.000     0.000     0.000     0.000 
    0.000     0.000     0.000     0.000 
    0.000     0.000    -6.130    -6.830 
   -1.020    -0.970    -8.420    -9.380 
   -2.250    -1.650   -10.540   -11.750 
   -4.090    -4.030   -10.340   -11.530 
   -6.260    -6.120    -8.810    -9.820 
   -6.540    -6.230    -8.060    -8.980 
   -4.790    -4.460    -7.860    -8.760 
   -4.900    -4.800    -7.860    -8.760 
   -4.490    -4.240    -7.860    -8.760 
   -4.420    -4.740    -7.860    -8.760 
   -4.340    -5.420    -7.860    -8.760 
   -4.090    -5.750    -7.860    -8.760 
   -4.290    -5.720    -7.860    -8.760 
   -4.650    -5.520    -8.250    -9.200 
   -4.700    -5.320    -9.200   -10.250 
   -5.520    -6.440   -10.340   -11.530 
   -5.490    -7.430   -10.540   -11.750 
   -7.130    -8.050   -11.490   -12.800 
   -7.770    -8.480   -11.850   -13.210 
   -8.440    -9.920   -12.440   -13.860 
   -9.390   -10.630   -13.190   -14.700 
  -10.430   -10.630   -15.110   -16.840 
  -11.600   -12.700   -16.060   -17.900 
  -12.510   -13.790   -18.150   -20.230 
  -14.410   -15.560   -18.540   -20.670 
  -16.200   -17.940   -18.740   -20.880 
  -16.960   -17.980   -18.740   -20.880 
  -17.410   -18.380   -18.740   -20.880 
  -17.980   -19.410   -18.740   -20.880 
  -19.070   -20.080   -18.940   -21.100 
  -18.360   -20.770   -19.490   -21.720 
  -18.200   -21.280   -20.640   -23.000 
  -19.440   -21.950   -23.120   -25.760 
  -20.620   -23.740   -24.650   -27.470 
  -23.160   -25.320   -26.750   -29.810 
  -24.860   -27.830   -28.080   -31.300 
  -27.260   -29.470   -28.280   -31.520 
  -28.020   -30.980   -26.270   -29.510 
  -27.900   -30.570   -24.650   -27.890 
  -27.300   -29.500   -23.270   -26.510 
  -25.970   -28.310   -22.890   -26.120 
  -24.760   -27.850   -22.890   -26.120 
  -23.670   -28.220   -22.960   -26.200 
  -22.740   -28.540   -24.350   -27.580 
  -23.360   -29.090   -28.280   -31.520 
  -26.440   -32.340   -28.280   -31.520 
  -27.610   -34.100   -28.080   -31.300 
  -28.790   -35.290   -28.080   -31.300 
  -29.350   -35.170   -28.280   -31.520 
  -30.320   -34.560   -28.080   -31.300 
  -31.030   -34.390   -28.080   -31.300 
  -31.440   -34.250   -35.730   -39.810 
  -35.820   -38.220   -34.560   -38.510 
  -35.070   -40.340   -26.360   -29.370 
  -33.770   -37.090   -23.870   -26.600 
  -32.750   -33.310   -25.800   -28.750 
  -32.720   -32.210   -34.950   -38.940 
  -34.880   -36.210   -35.530   -39.600 
  -36.780   -39.390   -33.410   -37.230 
  -37.180   -38.520   -35.900   -40.000 
  -39.160   -40.130   -42.590   -47.460 
  -43.080   -45.150   -42.790   -47.680 
  -44.460   -48.090   -42.000   -46.810 
  -45.750   -51.140   -41.810   -46.590 
  -46.790   -50.450   -41.640   -46.400 
  -47.400   -48.930   -41.060   -45.750 
  -47.940   -50.910   -41.250   -45.970 
  -48.420   -47.960   -42.000   -46.810 
  -48.700   -50.500   -42.000   -46.810 
  -49.440   -48.930   -42.000   -46.810 
  -50.480   -49.410   -42.000   -46.810 
  -50.930   -49.830   -42.000   -46.810 
  -50.310   -51.740   -43.340   -48.300 
  -52.510   -52.050   -44.490   -49.580 
  -51.590   -53.530   -46.220   -51.500 
  -52.850   -55.890   -48.870   -54.460 
  -54.640   -57.350   -51.740   -57.660 
  -56.810   -64.730   -55.370   -61.700 
  -59.510   -69.480   -59.940   -66.800 
  -64.820   -66.480   -60.140   -67.010 
  -65.960   -71.020   -59.750   -66.580 
  -67.040   -73.170   -57.650   -64.250 
  -66.570   -69.540   -52.900   -59.280 
  -66.370   -67.030   -52.470   -58.830 
  -65.240   -67.270   -52.550   -58.910 
  -64.840   -65.760   -52.470   -58.830 
  -63.950   -66.620   -52.090   -58.440 
  -62.530   -67.390   -51.780   -58.140 
  -62.840   -68.280   -51.250   -57.650 
  -60.640   -68.670   -51.250   -57.650 
  -59.520   -69.950   -51.590   -57.970 
  -60.190   -70.660   -55.760   -62.130 
  -60.790   -72.760   -55.170   -61.480 
  -60.900   -74.500   -57.560   -57.030 
  -62.990   -72.710   -57.230   -56.920 
  -65.190   -73.170   -57.230   -56.920 
  -63.360   -72.200   -57.620   -57.350 
  -65.980   -72.800   -58.960   -58.840 
  -70.910   -71.780   -59.350   -59.280 
  -69.840   -71.940   -59.150   -59.060 
  -66.940   -71.180   -59.020   -59.170 
  -67.390   -71.940   -55.760   -62.130 
  -68.140   -71.370   -55.560   -61.920 
  -67.900   -71.270   -56.730   -56.620 
  -68.560   -68.770   -50.990   -56.820 
  -66.850   -67.910   -50.040   -55.760 
  -65.290   -67.850   -50.210   -55.950 
  -65.650   -65.150   -51.180   -57.040 
  -65.800   -65.910   -51.180   -57.040 
  -65.190   -64.910   -43.730   -48.740 
  -61.410   -62.120   -38.770   -43.200 
  -56.840   -58.270   -33.630   -30.880 
  -52.710   -52.050   -32.290   -29.390 
  -50.540   -47.130   -27.690   -30.860 
  -47.290   -45.300   -27.690   -30.860 
  -44.400   -42.410   -27.690   -30.860 
  -42.160   -40.500   -27.690   -30.860 
  -40.210   -39.600   -27.500   -30.640 
  -38.470   -38.930   -25.410   -28.310 
  -36.450   -36.710   -24.070   -26.820 
  -34.300   -34.570   -22.560   -25.140 
  -32.520   -33.230   -17.790   -19.830 
  -29.570   -30.490   -12.830   -14.290 
  -24.970   -26.300     0.000     0.000 
   -8.430   -12.720     0.000     0.000 
   -0.690    -9.860     0.000     0.000 
   -8.020    -5.210     0.000     0.000 
   -5.570    -3.450     0.000     0.000 
   -2.240    -0.970     0.000     0.000 
    0.050     0.300     0.000     0.000 
    0.590     0.640     0.000     0.000 
    0.400     0.300     0.000     0.000 
    0.090     0.000     5.430     6.060 
    1.480     0.610     7.020     7.830 
    1.520     1.150     9.420    10.500 
    3.110     2.380    13.220    14.730 
    6.770     5.990    26.970    30.050 
   14.410    12.370    30.340    33.820 
   25.070    20.770    32.740    36.490 
   28.550    26.520    33.750    37.610 
   32.210    30.370    33.940    37.830 
   34.000    32.920    35.800    39.680 
   36.040    36.550    36.910    40.770 
   37.940    39.460    39.220    43.080 
   39.930    43.300    39.530    43.390 
   41.210    45.350    40.920    44.940 
   43.690    47.100    44.140    48.550 
   44.480    52.350    47.600    52.640 
   50.120    54.870    47.500    52.930 
   49.620    54.640    47.890    53.370 
   46.720    57.780    48.110    53.620 
   47.860    58.590    47.890    53.370 
   47.550    59.200    47.890    53.370 
   48.370    60.690    47.890    53.370 
   50.170    60.650    48.110    53.620 
   49.330    63.020    47.890    53.370 
   50.410    62.790    47.500    52.930 
   52.190    62.100    44.120    49.170 
   49.180    62.680    32.640    36.590 
   43.010    58.550    16.330    19.180 
   35.350    51.060     7.800    10.040 
   24.230    35.890     1.820     3.360 
   16.580    23.680     1.940     3.380 
   14.260    16.770     1.940     3.380 
   12.530    11.700     7.020     8.900 
   12.480     6.490    11.590    13.970 
   14.310     5.710    22.450    25.920 
   19.670    11.540    30.690    34.480 
   25.290    21.810    37.350    41.620 
   39.780    28.810    41.530    46.280 
   45.200    33.280    43.900    48.920 
   49.050    38.220    44.510    49.610 
   48.380    40.000    44.510    49.610 
   47.350    44.990    44.510    49.610 
   49.390    45.810    44.510    49.610 
   51.130    46.330    44.510    49.610 
   51.380    48.320    44.710    49.820 
   51.280    50.620    44.710    49.820 
   51.730    51.590    47.690    53.150 
   55.220    55.420    50.290    56.040 
   56.200    57.670    54.670    60.920 
   58.440    60.890    55.280    61.610 
   61.350    63.750    55.280    61.610 
   67.130    65.340    57.490    64.060 
   60.030    71.120    59.080    65.830 
   64.950    70.770    60.280    67.170 
   69.130    72.960    61.250    68.260 
   68.370    75.650    64.850    72.270 
   67.590    81.300    65.850    73.390 
   79.760    80.960    66.050    73.600 
   83.240    82.170    66.050    73.600 
   71.340    85.830    66.050    73.600 
   70.200    85.280    66.050    73.600 
   74.140    84.110    66.050    73.600 
   75.750    86.440    65.850    73.390 
   76.540    86.200    65.660    73.170 
   72.010    87.360    65.440    72.920 
   73.420    86.810    65.440    72.920 
   76.020    87.460    65.440    72.920 
   75.820    89.220    65.440    72.920 
   74.500    88.340    63.850    71.150 
   71.840    89.670    48.890    54.490 
   66.310    84.110    28.950    32.260 
   56.460    73.860    24.180    26.950 
   46.190    57.680    22.170    24.710 
   40.250    49.790    20.970    23.370 
   35.990    48.470    20.780    23.150 
   31.920    47.790    20.780    23.150 
   28.680    46.270    17.400    19.390 
   23.570    41.110    10.430    11.620 
   18.960    34.130     8.030     8.950 
   15.740    26.790     7.830     8.730 
   13.110    24.540     8.030     8.950 
    9.770    23.690     7.830     8.730 
    7.550    20.450     6.630     7.390 
    6.230    16.910     5.240     5.840 
    4.590    13.320     0.000     0.000 
    2.960     9.250     0.000     0.000 
    0.360     3.460     0.000     0.000 
   -0.580     0.970     0.000     0.000 
   -0.150     0.100     0.000     0.000 
   -0.040    -0.090     0.000     0.000 
   -0.200    -0.250     0.000     0.000 
   -0.050    -0.100    -8.810    -9.820 
   -2.070    -2.020   -20.640   -23.000 
   -6.680    -9.720   -25.990   -28.970 
  -11.890   -23.190   -27.500   -30.640 
  -19.430   -26.380   -28.480   -31.730 
  -20.250   -28.280   -33.610   -37.450 
  -26.790   -32.920   -35.730   -39.810 
  -30.610   -36.190   -35.900   -40.000 
  -32.740   -38.630   -36.090   -40.220 
  -35.200   -37.130   -36.480   -40.650 
  -38.220   -39.440   -36.680   -40.870 
  -39.100   -40.530   -42.590   -47.460 
  -42.330   -46.990   -44.880   -50.010 
  -44.890   -52.250   -45.440   -50.630 
  -46.790   -53.200   -48.500   -54.050 
  -50.730   -54.110   -49.450   -55.110 
  -52.050   -57.810   -46.250   -51.930 
  -51.280   -58.130   -44.560   -50.240 
  -50.310   -58.370   -44.250   -49.930 
  -49.240   -53.480   -44.330   -50.010 
  -50.460   -53.790   -44.410   -50.090 
  -50.100   -55.770   -47.720   -53.390 
  -50.910   -58.890   -50.040   -55.760 
  -53.620   -62.700   -49.840   -55.540 
  -53.170   -63.710   -49.840   -55.540 
  -54.400   -64.220   -49.840   -55.540 
  -55.320   -65.600   -49.840   -55.540 
  -57.620   -64.540   -50.040   -55.760 
  -57.620   -65.140   -50.600   -56.380 
  -58.850   -64.010   -52.690   -58.710 
  -60.840   -66.060   -55.170   -61.480 
  -63.140   -68.360   -55.370   -61.700 
  -64.040   -68.050   -55.560   -61.920 
  -65.140   -70.460   -55.560   -61.920 
  -65.920   -69.100   -55.560   -61.920 
  -66.570   -70.610   -55.560   -61.920 
  -66.900   -70.620   -55.560   -61.920 
  -68.000   -70.000   -55.560   -61.920 
  -68.230   -69.150   -56.310   -62.760 
  -67.950   -71.170   -57.100   -63.630 
  -68.670   -70.560   -58.430   -65.120 
  -69.330   -74.500   -60.720   -67.670 
  -71.430   -73.980   -62.810   -70.000 
  -74.170   -75.610   -63.370   -70.620 
  -74.390   -78.890   -63.370   -70.620 
  -75.660   -79.340   -63.570   -70.840 
  -76.740   -78.480   -63.570   -70.840 
  -77.730   -79.070   -63.570   -70.840 
  -77.870   -79.050   -63.570   -70.840 
  -78.130   -80.480   -63.570   -70.840 
  -78.100   -79.900   -63.570   -70.840 
  -79.660   -78.790   -63.570   -70.840 
  -79.350   -78.890   -63.010   -70.220 
  -80.450   -80.870   -61.470   -68.510 
  -79.490   -78.840   -60.140   -67.010 
  -79.200   -79.150   -53.830   -59.990 
  -74.340   -74.290   -50.790   -56.600 
  -72.300   -71.580   -48.110   -53.620 
  -69.270   -66.350   -43.700   -41.840 
  -66.800   -59.290   -34.290   -31.100 
  -61.410   -53.530   -26.810   -22.460 
  -46.470   -46.170    -7.960    -1.760 
  -37.430   -36.000     0.000     0.000 
   -4.600   -23.720     0.000     0.000 
    0.040   -18.080     0.000     0.000 
  -11.400   -12.840     0.000     0.000 
  -10.990    -8.690     0.000     0.000 
  -13.290    -5.360     0.000     0.000 
   -9.590    -3.100     0.000     0.000 
   -5.620    -1.680     0.000     0.000 
   -2.350    -1.240     0.000     0.000 
   -0.350    -0.510     4.430     4.940 
    1.290     0.870     5.240     5.840 
    1.680     1.380     5.430     6.060 
    1.070     1.270     5.430     6.060 
    1.010     1.380     5.630     6.270 
    1.580     1.630     5.630     6.270 
    2.030     1.610     5.630     6.270 
    2.090     1.380     6.020     6.710 
    2.070     1.200     6.440     7.180 
    1.990     1.120     6.440     7.180 
    2.720     1.980     6.440     7.180 
    3.800     3.260     6.440     7.180 
    3.370     3.270     6.630     7.390 
    2.950     2.490     6.830     7.610 
    3.520     2.910     6.830     7.610 
    3.230     3.410     6.630     7.390 
    1.940     2.400     6.830     7.610 
    2.300     2.860     6.830     7.610 
    3.230     4.200     6.630     7.390 
    2.760     3.110    10.960     4.330 
    3.870     2.160    10.780     4.470 
    5.210     2.760    10.960     4.330 
    5.490     2.790    10.960     4.330 
    5.160     2.140    10.960     4.330 
    6.090     2.530    11.120     4.200 
    6.340     3.470    11.650     3.410 
    7.260     2.710    12.170     3.000 
    6.970     3.130    17.610    -1.320 
   11.700     2.910    22.020    -4.820 
   15.600     1.200    23.080    -5.660 
   16.000    -0.050    23.080    -5.660 
   16.110    -0.040    23.600    -6.070 
   15.690    -0.460    23.440    -5.950 
   17.080    -0.640    26.600    -8.460 
   21.550    -1.310    29.060   -10.420 
   23.360    -1.780    29.760   -10.970 
   25.800    -2.210    29.760   -10.970 
   27.860    -4.550    29.580   -10.830 
   22.690    -4.050    29.580   -10.830 
   26.090    -3.930    29.580   -10.830 
   21.880    -3.460    29.580   -10.830 
   25.770    -3.930    29.580   -10.830 
   23.870    -4.140    29.780   -10.610 
   25.150    -3.970    32.290   -11.870 
   31.190    -5.360    34.240   -13.410 
   31.870    -4.930    35.830   -14.300 
   31.000    -5.980    36.630   -13.760 
   32.330    -6.070    37.860   -14.370 
   33.670    -6.230    38.740   -15.070 
   33.830    -6.970    39.100   -15.360 
   34.000    -7.900    39.800   -15.910 
   37.880    -8.070    40.320   -16.330 
   34.940    -6.690    43.700   -18.640 
   37.530    -9.610    46.350   -20.740 
   40.670   -10.840    47.230   -21.440 
   41.920   -12.010    46.850   -21.510 
   43.230   -13.660    46.850   -21.510 
   42.620   -13.350    47.050   -21.300 
   41.450   -12.970    46.670   -21.370 
   42.970   -13.520    46.670   -21.370 
   44.710   -14.100    46.870   -21.150 
   45.190   -12.510    47.240   -21.080 
   45.550   -12.730    47.780   -21.130 
   46.850   -12.230    49.960   -22.060 
   49.540   -13.700    51.420   -22.110 
   49.850   -12.980    51.960   -22.540 
   51.380   -13.660    52.860   -22.880 
   54.090   -14.980    52.860   -22.880 
   53.810   -15.150    53.980   -22.970 
   53.070   -15.690    56.650   -24.350 
   55.270   -16.770    58.800   -25.310 
   57.020   -19.230    60.700   -24.530 
   57.760   -18.820    60.510   -24.750 
   59.440   -19.120    60.880   -24.680 
   61.720   -19.610    61.260   -24.600 
   63.380   -19.560    61.820   -24.670 
   62.840   -20.090    63.340   -23.970 
   62.360   -20.080    65.430   -22.970 
   65.960   -19.780    66.440   -21.850 
   66.890   -18.510    67.390   -21.480 
   72.200   -18.950    68.200   -20.580 
   72.520   -18.410    69.390   -19.240 
   71.270   -17.070    70.590   -17.910 
   73.270   -18.910    71.950   -16.700 
   78.520   -16.120    73.350   -15.140 
   81.910   -14.410    74.520   -13.840 
   81.930   -13.330    76.920   -11.160 
   82.840   -11.970    77.920   -10.040 
   87.150   -11.770    78.350    -9.270 
   85.800   -10.630    78.350    -9.270 
   89.180   -10.790    76.820    -7.260 
   86.010   -10.800    74.770    -4.500 
   80.990    -8.890    71.630    -1.270 
   78.200    -7.940    66.700     2.270 
   74.700    -4.600    61.930     6.060 
   71.460     0.000    35.870    20.700 
   65.500     9.050    11.210    12.490 
   55.210    11.070     6.630     7.390 
   39.930     6.640     6.020     6.710 
   23.460     6.080     5.630     6.270 
   25.350     6.000     5.430     6.060 
   21.930     6.900     5.240     5.840 
   20.320     6.280     5.040     5.620 
   16.050     6.340     4.850     5.400 
   15.140     6.090     0.000     0.000 
    8.940     3.170     0.000     0.000 
    5.420     2.400     0.000     0.000 
    2.350     1.010    -3.450     2.740 
   -0.150     0.710    -3.880     3.080 
   -0.970     0.600    -5.030     4.000 
   -0.610    -0.250    -9.050     7.190 
   -1.290     0.090   -14.630    11.620 
   -5.010     1.320   -24.260    19.270 
   -9.920     5.720   -28.410    22.570 
  -29.450    10.720   -29.700    23.600 
  -26.910    12.890   -32.860    26.110 
  -27.660    16.670   -37.020    29.410 
  -34.180    20.410   -37.310    29.640 
  -37.430    20.580   -37.310    29.640 
  -37.120    22.440   -37.150    29.520 
  -37.710    23.490   -37.150    29.520 
  -38.220    24.350   -37.020    29.410 
  -36.860    24.690   -37.020    29.410 
  -31.560    24.260   -36.290    28.840 
  -31.980    21.350   -35.730    28.390 
  -38.400    20.540   -30.850    24.510 
  -26.360    20.380   -25.970    20.630 
  -21.940    15.280   -21.660    17.210 
  -19.950    13.040   -17.070    13.560 
  -17.930    10.530   -17.230    13.690 
  -16.770    10.530   -17.230    13.690 
  -16.550    10.420   -17.370    13.800 
  -14.360     9.830   -18.360    14.590 
  -14.770     9.100   -19.810    15.730 
  -14.780    11.040   -23.830    18.930 
  -17.230    12.880   -24.820    19.720 
  -18.430    13.760   -25.110    19.950 
  -19.680    13.290   -25.250    20.060 
  -19.680    13.340   -25.250    20.060 
  -20.630    11.310   -25.110    19.950 
  -23.570    11.700   -25.110    19.950 
  -20.720    14.020   -25.110    19.950 
  -21.610    12.980   -25.110    19.950 
  -20.980    13.630   -24.980    19.840 
  -20.330    13.380   -24.980    19.840 
  -20.550    13.650   -24.980    19.840 
  -20.690    13.530   -25.110    19.950 
  -20.130    12.970   -25.540    20.290 
  -21.200    14.270   -25.840    20.530 
  -22.950    15.490   -26.400    20.970 
  -24.710    15.560   -27.550    21.890 
  -24.210    16.640   -28.410    22.570 
  -23.930    17.580   -29.860    23.720 
  -27.030    18.020   -31.570    25.080 
  -29.750    18.560   -32.000    25.430 
  -30.200    19.810   -32.270    25.640 
  -31.190    19.830   -33.000    26.220 
  -33.070    21.060   -35.170    27.940 
  -32.790    23.170   -36.880    29.300 
  -33.920    24.420   -37.310    29.640 
  -41.340    24.250   -37.150    29.520 
  -39.780    26.020   -37.740    29.980 
  -36.390    25.910   -38.310    30.430 
  -34.790    26.970   -38.310    30.430 
  -31.590    27.660   -38.170    30.330 
  -32.080    26.210   -38.170    30.330 
  -33.690    28.420   -38.170    30.330 
  -34.360    25.910   -38.170    30.330 
  -34.180    25.590   -38.170    30.330 
  -34.380    27.450   -38.030    30.220 
  -34.660    25.560   -38.030    30.220 
  -35.310    26.200   -38.030    30.220 
  -36.570    24.490   -38.030    30.220 
  -37.060    25.750   -38.030    30.220 
  -37.370    25.510   -38.030    30.220 
  -38.710    26.310   -38.030    30.220 
  -35.580    27.150   -38.170    30.330 
  -37.220    26.380   -38.310    30.430 
  -36.690    27.030   -39.030    31.010 
  -37.580    27.300   -40.470    32.160 
  -38.610    27.530   -44.470    35.330 
  -45.300    29.190   -45.190    35.910 
  -47.700    32.490   -45.060    35.800 
  -40.540    36.200   -44.900    35.670 
  -42.030    34.090   -44.900    35.670 
  -48.520    30.210   -44.900    35.670 
  -48.720    32.110   -44.900    35.670 
  -45.110    33.590   -44.770    35.570 
  -43.460    32.770   -44.770    35.570 
  -42.450    33.580   -44.200    35.120 
  -42.740    31.030   -43.320    34.420 
  -43.400    30.410   -36.590    29.070 
  -38.570    28.410   -28.280    22.460 
  -32.720    24.630   -19.510    15.500 
  -27.960    21.320   -17.370    13.800 
  -25.590    19.670   -11.760     9.350 
  -21.980    16.990    -5.730     4.550 
  -17.430    14.220    -4.600     3.660 
  -13.450    11.600    -3.450     2.740 
  -11.140     9.710     0.000     0.000 
   -7.070     7.670     0.000     0.000 
   -4.440     5.320     0.000     0.000 
   -2.500     3.010     0.000     0.000 
   -0.460     1.010     0.000     0.000 
    0.050     0.000     4.230     4.720 
    1.520     0.780     4.430     4.940 
    1.380     1.270     4.630     5.160 
    1.430     1.940     4.630     5.160 
    0.810     0.970     8.800     2.260 
    0.810    -0.250    16.740    -3.670 
    3.600     0.600    21.310    -7.290 
    8.230     0.460    22.380    -7.770 
   11.000     0.410    24.700    -9.240 
   13.940     0.000    25.400    -9.800 
   15.200    -0.130    28.050   -11.900 
   18.350    -0.510    28.570   -12.310 
   20.450    -0.250    28.570   -12.310 
   21.580    -0.460    28.750   -12.450 
   22.390    -1.020    28.750   -12.450 
   22.740    -2.580    28.750   -12.450 
   23.460    -2.450    28.760   -12.090 
   22.430    -2.770    28.380   -12.170 
   23.470    -3.100    28.230   -12.040 
   24.350    -2.210    28.420   -11.820 
   24.200    -2.860    28.230   -12.040 
   23.300    -2.600    28.420   -11.820 
   24.770    -2.630    28.230   -12.040 
   23.840    -3.370    28.420   -11.820 
   23.630    -3.460    28.580   -11.950 
   25.220    -3.880    28.750   -12.450 
   24.680    -4.710    28.940   -12.240 
   25.940    -3.780    29.300   -12.520 
   25.190    -3.970    29.460   -12.650 
   25.310    -3.980    30.000   -13.080 
   25.870    -4.140    32.100   -14.750 
   25.880    -5.260    35.110   -17.140 
   28.750    -7.360    37.910   -19.360 
   31.560    -9.240    39.330   -20.490 
   34.360   -11.500    41.090   -21.890 
   37.460   -10.820    40.910   -21.750 
   39.640   -11.760    40.910   -21.750 
   35.790   -12.680    40.910   -21.750 
   35.520   -13.160    40.910   -21.750 
   36.090   -15.740    40.730   -21.610 
   36.460   -11.460    40.730   -21.610 
   38.570   -13.480    40.730   -21.610 
   37.620   -12.940    40.730   -21.610 
   37.940   -11.520    40.730   -21.610 
   38.930   -13.430    40.730   -21.610 
   40.020   -13.400    40.730   -21.610 
   40.320   -12.220    40.730   -21.610 
   40.760   -13.080    40.730   -21.610 
   40.290   -14.470    40.730   -21.610 
   39.700   -13.910    40.730   -21.610 
   39.420   -14.770    40.730   -21.610 
   38.190   -15.230    40.730   -21.610 
   38.540   -14.650    41.090   -21.890 
   41.030   -12.430    41.990   -22.230 
   41.390   -13.960    47.610   -26.700 
   43.790   -17.270    49.740   -28.390 
   47.700   -17.050    49.930   -28.170 
   49.760   -17.830    49.750   -28.030 
   49.900   -17.840    49.750   -28.030 
   49.410   -18.440    49.560   -28.240 
   50.050   -18.350    49.750   -28.030 
   50.700   -17.930    49.560   -28.240 
   51.640   -19.430    49.750   -28.030 
   50.960   -18.870    49.560   -28.240 
   47.870   -19.160    49.750   -28.030 
   49.700   -19.270    49.750   -28.030 
   48.850   -20.610    49.750   -28.030 
   50.000   -20.090    49.750   -28.030 
   49.670   -19.030    49.750   -28.030 
   51.030   -19.630    49.750   -28.030 
   49.530   -21.040    47.860   -29.910 
   48.830   -22.440    47.860   -29.910 
   49.490   -21.830    47.860   -29.910 
   47.390   -23.740    50.450   -28.580 
   48.570   -23.940    50.970   -28.990 
   49.670   -24.690    51.330   -29.280 
   50.620   -23.720    52.030   -29.840 
   51.890   -23.310    53.980   -31.380 
   54.750   -24.400    55.740   -32.780 
   55.140   -27.030    55.740   -32.780 
   56.500   -28.020    55.740   -32.780 
   55.770   -28.250    55.740   -32.780 
   55.220   -28.580    55.740   -32.780 
   55.060   -27.300    55.740   -32.780 
   56.800   -28.930    55.740   -32.780 
   56.600   -28.370    55.740   -32.780 
   57.760   -27.790    55.740   -32.780 
   58.030   -28.420    55.740   -32.780 
   59.230   -27.620    55.740   -32.780 
   59.360   -28.530    55.740   -32.780 
   58.710   -28.920    55.740   -32.780 
   58.870   -29.320    55.740   -32.780 
   58.710   -28.970    55.740   -32.780 
   58.960   -27.970    55.740   -32.780 
   59.370   -27.740    55.740   -32.780 
   57.530   -28.070    55.560   -32.640 
   57.330   -30.190    50.630   -28.730 
   56.650   -27.100    24.230    -7.750 
   51.610   -18.940    11.890     2.040 
   39.290    -3.930     6.020     6.710 
   23.580     0.370     6.020     6.710 
   21.780     2.300     6.020     6.710 
   18.880     2.960     6.020     6.710 
   20.810     3.570     5.430     6.060 
   17.250     3.190     5.430     6.060 
   14.420     3.320     5.040     5.620 
   11.390     3.470     4.850     5.400 
    9.520     4.070     4.630     5.160 
    6.740     3.610     1.170     7.900 
    4.850     4.020     0.310     8.580 
    3.110     3.320    -0.440     8.810 
    1.800     3.230    -1.790     9.510 
    1.660     4.050    -2.640    10.190 
    1.480     3.630    -4.360    11.560 
    1.480     4.300   -10.770     8.560 
   -1.070     2.780   -12.920    10.260 
   -2.540     1.990   -19.080    15.160 
   -7.360     3.930   -21.660    17.210 
  -10.960     7.760   -22.380    17.780 
  -22.650     8.990   -23.100    18.350 
  -19.800    10.430   -24.550    19.500 
  -21.330    11.560   -24.980    19.840 
  -19.020    12.110   -28.710    22.810 
  -22.630    14.670   -32.000    25.430 
  -23.460    17.300   -32.520    34.680 
  -26.080    21.410   -35.690    37.190 
  -34.970    28.070   -36.320    38.120 
  -31.950    30.010   -36.320    38.120 
  -33.150    30.120   -36.320    38.120 
  -29.550    33.810   -36.480    38.250 
  -40.740    28.580   -37.180    38.800 
  -44.410    30.240   -40.280    41.640 
  -48.030    34.150   -42.250    43.580 
  -51.400    36.170   -42.250    43.580 
  -48.260    37.480   -42.100    43.460 
  -47.600    38.240   -42.100    43.460 
  -49.630    36.740   -36.360    38.900 
  -39.280    34.590   -23.220    27.280 
  -25.700    27.590   -10.050     7.980 
  -15.410    16.420    -5.300     4.210 
  -14.250     9.140    -4.870     3.870 
  -12.990     6.700    -4.870     3.870 
  -10.940     5.080    -4.600     3.660 
   -8.660     3.340    -4.310     3.420 
   -6.590     2.960    -3.880     3.080 
   -3.790     2.230    -3.590     2.850 
   -2.360    -0.130     0.000     0.000 
    0.240    -0.440     0.000     0.000 
    0.180    -0.090     0.000     0.000 
    0.040     0.000     0.000     0.000 
    0.000     0.000     0.000     0.000 
    0.000     0.000     0.000     0.000 
    0.000     0.000    -7.280    -8.110 
   -1.510    -2.290   -14.530   -16.190 
   -4.250    -4.730   -15.110   -16.840 
   -7.660    -9.610   -15.310   -17.060 
  -10.640   -11.990   -15.870   -17.680 
  -11.140   -12.990   -20.080   -22.380 
  -13.440   -16.910   -22.560   -25.140 
  -16.460   -20.350   -31.130   -34.690 
  -22.630   -27.910   -35.140   -39.160 
  -26.470   -36.140   -43.540   -48.520 
  -33.490   -44.190   -50.040   -55.760 
  -41.510   -52.520   -63.310   -63.430 
  -50.010   -60.820   -66.350   -66.820 
  -60.520   -65.410   -67.100   -67.660 
  -62.890   -69.280   -67.100   -67.660 
  -64.290   -73.670   -67.450   -67.750 
  -69.430   -67.220   -67.100   -67.660 
  -69.960   -70.550   -67.100   -67.660 
  -73.390   -74.690   -65.560   -65.640 
  -72.310   -70.840   -64.020   -63.930 
  -73.670   -66.290   -62.720   -62.780 
  -72.980   -65.850   -62.160   -62.160 
  -74.110   -64.830   -62.160   -62.160 
  -73.490   -66.680   -61.970   -61.940 
  -74.110   -66.540   -61.970   -61.940 
  -74.230   -67.240   -61.730   -61.380 
  -74.750   -66.970   -60.430   -59.110 
  -74.870   -66.540   -60.500   -58.360 
  -75.420   -65.390   -60.360   -58.470 
  -74.550   -65.900   -49.430   -46.020 
  -70.430   -61.590   -30.110   -25.320 
  -64.070   -54.070   -12.430    -5.880 
  -45.380   -41.160     0.000     0.000 
   -5.670   -24.900     0.000     0.000 
   -0.040   -20.400     0.000     0.000 
    0.000   -17.810     0.000     0.000 
   -6.010   -12.680     0.000     0.000 
  -11.280    -8.840     0.000     0.000 
   -3.520    -8.210     0.000     0.000 
   -4.260    -5.230     0.000     0.000 
   -6.400    -1.320     4.230     4.720 
   -2.160     0.180     5.240     5.840 
    1.120     1.510     5.630     6.270 
    2.080     1.430     6.240     6.960 
    1.320     1.270     7.220     8.050 
    1.770     1.990     9.420    10.500 
    5.180     3.520    12.020    13.390 
    5.720     6.690    14.420    16.070 
    8.750     8.560    21.980    24.490 
   17.200    13.050    28.750    32.040 
   27.950    17.350    30.760    34.280 
   33.310    22.890    31.350    34.930 
   31.330    26.370    31.350    34.930 
   29.940    29.250    31.350    34.930 
   31.490    32.070    31.540    35.150 
   34.810    34.410    33.130    36.920 
   36.170    35.730    35.140    39.160 
   34.680    37.600    35.920    40.030 
   34.660    39.550    42.900    40.610 
   39.980    42.390    44.660    41.880 
   42.870    44.140    45.600    42.620 
   46.690    45.030    51.590    46.280 
   53.970    48.300    54.110    48.050 
   57.540    50.280    58.090    49.470 
   60.380    51.090    59.260    50.080 
   60.910    54.450    59.610    50.180 
   62.880    55.290    59.280    50.450 
   63.700    56.270    58.720    50.520 
   62.700    58.440    58.720    50.520 
   64.330    58.310    58.720    50.520 
   64.320    59.000    58.380    50.780 
   65.470    60.340    57.980    50.680 
   64.550    60.340    55.630    51.430 
   64.040    62.030    52.280    51.050 
   62.720    61.740    46.300    51.600 
   58.860    61.700    44.120    49.170 
   56.820    61.820    38.940    43.390 
   52.770    58.750    27.550    30.710 
   46.520    52.780    23.760    26.480 
   42.600    43.530    12.800    14.260 
   33.190    36.570     7.640     8.510 
   27.150    26.320     6.440     7.180 
   22.180    21.110     5.430     6.060 
   17.950    19.420     5.040     5.620 
   15.040    16.790     4.230     4.720 
   11.790    13.400     0.000     0.000 
    6.570     7.830     0.000     0.000 
    4.100     5.080     0.000     0.000 
    1.310     1.210     0.000     0.000 
    0.000    -0.130     0.000     0.000 
   -0.480    -0.730     0.000     0.000 
    0.000    -0.040    -2.350    -2.350 
    0.000     0.000    -2.810    -2.810 
   -0.600    -0.500    -2.900    -2.900 
   -0.090    -0.140    -2.900    -2.900 
    0.000     0.000    -2.990    -2.990 
    0.000     0.000    -4.100    -4.100 
   -0.530    -0.440   -13.890   -13.890 
   -4.630    -4.580   -21.280   -21.280 
  -13.500   -13.450   -27.010   -27.010 
  -21.760   -22.640   -30.430   -30.430 
  -27.850   -30.400   -30.610   -30.610 
  -32.130   -31.860   -30.710   -30.710 
  -34.880   -33.850   -30.710   -30.710 
  -36.050   -34.980   -30.800   -30.800 
  -36.140   -35.300   -30.980   -30.980 
  -35.860   -35.270   -31.350   -31.350 
  -36.970   -36.140   -33.470   -33.470 
  -37.840   -37.640   -34.770   -34.770 
  -39.100   -39.430   -36.010   -36.010 
  -41.480   -40.940   -36.010   -36.010 
  -42.220   -41.060   -36.010   -36.010 
  -42.530   -41.990   -36.010   -36.010 
  -42.800   -43.490   -36.010   -36.010 
  -43.390   -42.880   -36.010   -36.010 
  -43.730   -42.660   -36.010   -36.010 
  -43.930   -43.430   -36.010   -36.010 
  -44.080   -43.930   -36.010   -36.010 
  -43.850   -42.600   -36.010   -36.010 
  -43.620   -42.930   -36.010   -36.010 
  -43.050   -43.830   -36.010   -36.010 
  -43.920   -43.600   -36.010   -36.010 
  -43.880   -42.800   -36.010   -36.010 
  -44.080   -43.290   -36.010   -36.010 
  -43.240   -43.880   -36.010   -36.010 
  -44.280   -43.640   -36.010   -36.010 
  -44.110   -43.810   -36.010   -36.010 
  -43.660   -43.250   -36.010   -36.010 
  -42.710   -43.000   -36.010   -36.010 
  -44.120   -43.000   -36.010   -36.010 
  -44.020   -43.550   -36.010   -36.010 
  -43.270   -43.470   -36.010   -36.010 
  -43.630   -42.700   -36.010   -36.010 
  -43.880   -42.800   -36.010   -36.010 
  -44.140   -44.510   -36.010   -36.010 
  -43.470   -43.520   -36.010   -36.010 
  -44.460   -43.050   -36.010   -36.010 
  -43.590   -43.680   -36.010   -36.010 
  -43.310   -43.540   -31.260   -31.260 
  -42.360   -41.680   -27.470   -27.470 
  -39.430   -38.410   -27.100   -27.100 
  -36.710   -36.760   -26.730   -26.730 
  -35.120   -35.270   -25.990   -25.990 
  -34.010   -33.270   -25.620   -25.620 
  -32.850   -31.380   -24.520   -24.520 
  -31.740   -31.600   -23.780   -23.780 
  -29.710   -30.300   -23.680   -23.680 
  -29.980   -29.330   -22.850   -22.850 
  -28.780   -28.240   -22.580   -22.580 
  -27.970   -27.430   -22.580   -22.580 
  -27.380   -27.480   -22.480   -22.480 
  -26.660   -25.970   -22.390   -22.390 
  -25.880   -25.840   -21.380   -21.380 
  -25.550   -24.770   -19.620   -19.620 
  -24.630   -24.210   -19.160   -19.160 
  -23.930   -22.320   -19.070   -19.070 
  -22.790   -23.350   -18.600   -18.600 
  -22.120   -21.880   -18.600   -18.600 
  -21.280   -21.130   -18.600   -18.600 
  -21.070   -20.600   -18.600   -18.600 
  -20.900   -20.560   -18.600   -18.600 
  -20.290   -20.290   -18.600   -18.600 
  -20.450   -20.200   -18.510   -18.510 
  -20.930   -20.510   -18.600   -18.600 
  -20.400   -20.590   -18.600   -18.600 
  -20.350   -20.710   -18.600   -18.600 
  -20.170   -20.410   -18.510   -18.510 
  -21.000   -20.260   -16.940   -16.940 
  -20.380   -19.970    -9.180    -9.180 
  -16.460   -16.850    -6.780    -6.780 
  -13.340   -13.290    -4.930    -4.930 
  -10.570   -10.370    -4.190    -4.190 
   -8.060    -8.610    -4.290    -4.290 
   -5.670    -5.820    -4.290    -4.290 
   -4.300    -4.300    -4.560    -4.560 
   -3.230    -3.520    -5.030    -5.030 
   -2.720    -2.720    -5.300    -5.300 
   -2.450    -2.400    -5.210    -5.210 
   -2.690    -2.880    -4.560    -4.560 
   -2.450    -2.310     0.000     0.000 
    0.240     0.040     0.000     0.000 
    0.640     0.780     0.000     0.000 
    0.140     0.190     0.000     0.000 
    0.000     0.000     0.000     0.000 
    0.000     0.000     0.000     0.000 
    0.000     0.000     0.000     0.000 
    0.000     0.000     0.000     0.000 
    0.000     0.000     3.160     3.160 
    0.970     0.640     5.160     5.160 
    1.270     1.020     6.930     6.930 
    2.530     2.260     9.770     9.770 
    5.330     5.280    10.470    10.470 
    7.440     7.340    11.310    11.310 
    9.910     9.860    13.310    13.310 
   11.560    11.610    13.690    13.690 
   13.200    12.600    14.000    14.000 
   13.510    13.120    14.230    14.230 
   14.270    13.760    14.460    14.460 
   14.970    14.430    14.690    14.690 
   15.330    14.890    15.310    15.310 
   15.420    15.710    15.690    15.690 
   15.870    15.820    16.460    16.460 
   16.950    16.400    18.460    18.460 
   18.020    17.930    18.620    18.620 
   19.580    19.350    18.620    18.620 
   19.820    19.280    18.700    18.700 
   20.300    19.890    18.850    18.850 
   20.230    20.030    18.850    18.850 
   20.930    20.750    19.000    19.000 
   21.260    21.600    20.310    20.310 
   21.830    21.780    21.080    21.080 
   22.380    22.560    22.230    22.230 
   23.790    23.590    22.380    22.380 
   24.140    23.580    22.310    22.310 
   25.210    25.010    22.380    22.380 
   24.920    25.500    22.380    22.380 
   25.110    25.990    22.380    22.380 
   24.720    25.600    22.540    22.540 
   25.450    25.170    23.080    23.080 
   25.860    25.270    24.080    24.080 
   26.420    26.520    25.000    25.000 
   27.630    28.070    25.380    25.380 
   28.140    29.210    25.770    25.770 
   29.240    29.090    25.770    25.770 
   29.400    29.230    25.850    25.850 
   29.440    29.390    25.920    25.920 
   29.520    29.960    26.000    26.000 
   29.810    30.780    26.000    26.000 
   29.730    30.610    26.150    26.150 
   30.460    29.810    26.230    26.230 
   30.890    29.760    26.380    26.380 
   30.970    31.110    26.620    26.620 
   31.130    31.720    26.920    26.920 
   31.800    32.030    27.620    27.620 
   31.770    30.940    28.690    28.690 
   33.310    32.520    29.620    29.620 
   33.400    33.770    30.000    30.000 
   34.090    35.070    30.000    30.000 
   34.680    35.230    30.000    30.000 
   34.920    34.480    30.000    30.000 
   35.520    34.980    30.070    30.070 
   35.610    36.690    30.150    30.150 
   36.100    36.790    30.230    30.230 
   36.210    35.790    30.460    30.460 
   36.520    35.880    30.690    30.690 
   36.510    37.390    32.080    32.080 
   37.080    38.210    33.150    33.150 
   38.850    37.690    34.610    34.610 
   39.970    39.480    35.230    35.230 
   40.170    41.290    35.690    35.690 
   41.120    42.840    35.920    35.920 
   43.010    41.830    36.010    36.010 
   42.930    42.240    36.010    36.010 
   42.810    43.990    36.010    36.010 
   43.890    44.120    36.010    36.010 
   43.250    43.200    36.010    36.010 
   42.910    42.960    36.010    36.010 
   43.530    44.830    36.010    36.010 
   44.820    43.840    36.010    36.010 
   44.210    43.790    36.010    36.010 
   43.250    43.940    36.010    36.010 
   43.160    45.250    36.010    36.010 
   44.410    43.770    36.010    36.010 
   43.630    43.950    36.010    36.010 
   43.710    44.590    36.010    36.010 
   44.910    43.710    36.010    36.010 
   44.350    44.260    36.010    36.010 
   43.550    44.870    36.010    36.010 
   43.830    44.430    36.010    36.010 
   44.130    43.400    36.010    36.010 
   44.180    44.690    36.010    36.010 
   43.840    45.160    36.010    36.010 
   44.000    43.670    36.010    36.010 
   44.410    43.620    36.010    36.010 
   43.790    44.820    36.010    36.010 
   44.300    44.770    36.010    36.010 
   44.020    43.720    36.010    36.010 
   43.380    44.210    36.010    36.010 
   44.140    45.340    36.010    36.010 
   44.950    44.070    36.010    36.010 
   43.740    43.940    36.010    36.010 
   43.820    44.360    36.010    36.010 
   43.930    44.260    36.010    36.010 
   44.800    44.310    36.010    36.010 
   43.930    44.350    36.010    36.010 
   43.770    45.190    36.010    36.010 
   44.580    44.030    36.010    36.010 
   44.110    44.210    36.010    36.010 
   43.380    44.210    36.010    36.010 
   44.280    43.740    36.010    36.010 
   45.130    44.800    36.010    36.010 
   44.180    44.880    36.010    36.010 
   43.430    44.410    36.010    36.010 
   43.580    44.090    36.010    36.010 
   44.070    44.610    36.010    36.010 
   43.400    44.290    36.010    36.010 
   44.290    43.510    36.010    36.010 
   44.120    44.260    36.010    36.010 
   43.740    44.820    36.010    36.010 
   43.210    44.830    34.770    34.770 
   43.610    43.140    33.160    33.160 
   42.550    42.500    33.080    33.080 
   42.030    42.630    33.080    33.080 
   41.910    41.760    33.000    33.000 
   41.470    41.520    32.700    32.700 
   40.660    41.590    31.780    31.780 
   39.670    40.650    30.010    30.010 
   38.890    38.990    27.710    27.710 
   38.160    37.770    25.720    25.720 
   35.400    35.860    24.560    24.560 
   33.330    33.230    24.020    24.020 
   32.050    32.150    23.720    23.720 
   31.070    31.270    23.410    23.410 
   30.200    29.740    22.720    22.720 
   28.670    29.210    21.260    21.260 
   27.160    27.830    19.800    19.800 
   26.050    26.050    17.430    17.430 
   24.290    23.800    17.040    17.040 
   22.780    22.030    16.660    16.660 
   21.190    20.750    16.660    16.660 
   20.630    20.140    16.660    16.660 
   19.250    18.810    16.660    16.660 
   18.280    18.130    16.510    16.510 
   18.040    17.580    14.580    14.580 
   17.010    16.660    11.980    11.980 
   15.480    14.930     8.060     8.060 
   12.400    12.640     4.990     4.990 
   10.060    10.010     0.000     0.000 
    5.190     4.850     0.000     0.000 
    1.850     1.760     0.000     0.000 
    0.000    -0.140     0.000     0.000 
   -0.090    -0.090     0.000     0.000 
    0.090     0.000     0.000     0.000 
    0.000     0.000     0.000     0.000 
    0.000     0.000     0.000     0.000 
    0.000     0.000     0.000     0.000 
    0.000     0.000    -1.880    -1.880 
    0.000     0.000    -2.160    -2.160 
    0.000     0.000    -2.720    -2.720 
   -0.390    -0.040    -3.180    -3.180 
   -0.230    -0.380    -4.750    -4.750 
   -0.600    -0.600    -9.640    -9.640 
   -3.130    -3.230   -11.580   -11.580 
   -7.510    -7.280   -13.990   -13.990 
  -10.530   -10.320   -13.990   -13.990 
  -12.840   -12.140   -16.940   -16.940 
  -15.400   -14.470   -17.400   -17.400 
  -16.830   -16.780   -18.970   -18.970 
  -18.840   -18.940   -19.710   -19.710 
  -20.000   -19.590   -20.360   -20.360 
  -21.530   -21.090   -21.380   -21.380 
  -22.910   -22.730   -23.500   -23.500 
  -24.930   -23.910   -23.960   -23.960 
  -25.950   -25.990   -26.820   -26.820 
  -27.940   -27.900   -29.780   -29.780 
  -31.570   -31.710   -31.810   -31.810 
  -34.560   -34.370   -33.110   -33.110 
  -37.370   -35.710   -33.290   -33.290 
  -37.990   -38.040   -33.290   -33.290 
  -39.020   -39.460   -33.290   -33.290 
  -38.970   -38.920   -33.570   -33.570 
  -40.170   -39.090   -33.940   -33.940 
  -41.250   -39.830   -34.950   -34.950 
  -41.540   -41.400   -35.510   -35.510 
  -41.660   -40.830   -36.010   -36.010 
  -42.990   -42.010   -36.010   -36.010 
  -43.230   -42.600   -36.010   -36.010 
  -43.080   -42.940   -36.010   -36.010 
  -43.750   -42.820   -36.010   -36.010 
  -44.560   -43.260   -36.010   -36.010 
  -43.130   -43.180   -36.010   -36.010 
  -42.570   -42.970   -36.010   -36.010 
  -43.730   -43.400   -36.010   -36.010 
  -44.020   -43.620   -36.010   -36.010 
  -43.820   -44.050   -36.010   -36.010 
  -43.950   -42.970   -36.010   -36.010 
  -43.910   -42.940   -36.010   -36.010 
  -43.700   -44.000   -36.010   -36.010 
  -43.510   -44.030   -36.010   -36.010 
  -43.750   -42.230   -36.010   -36.010 
  -43.480   -43.680   -36.010   -36.010 
  -44.020   -44.390   -36.010   -36.010 
  -43.900   -43.600   -36.010   -36.010 
  -43.800   -43.060   -36.010   -36.010 
  -43.530   -43.820   -36.010   -36.010 
  -43.620   -43.800   -36.010   -36.010 
  -44.290   -43.160   -36.010   -36.010 
  -43.900   -43.320   -36.010   -36.010 
  -43.410   -43.950   -36.010   -36.010 
  -44.340   -44.060   -36.010   -36.010 
  -44.700   -43.010   -36.010   -36.010 
  -43.600   -43.160   -36.010   -36.010 
  -43.360   -43.640   -36.010   -36.010 
  -44.440   -42.970   -36.010   -36.010 
  -44.470   -43.310   -36.010   -36.010 
  -43.700   -43.460   -36.010   -36.010 
  -43.360   -42.920   -36.010   -36.010 
  -44.560   -42.890   -36.010   -36.010 
  -43.950   -43.750   -36.010   -36.010 
  -43.620   -43.660   -36.010   -36.010 
  -44.360   -42.600   -36.010   -36.010 
  -44.840   -43.870   -36.010   -36.010 
  -44.290   -43.750   -36.010   -36.010 
  -43.640   -43.220   -36.010   -36.010 
  -43.900   -43.020   -36.010   -36.010 
  -43.850   -43.620   -36.010   -36.010 
  -43.880   -43.440   -36.010   -36.010 
  -44.140   -42.820   -36.010   -36.010 
  -43.290   -43.010   -36.010   -36.010 
  -43.750   -43.800   -36.010   -36.010 
  -43.940   -43.620   -36.010   -36.010 
  -44.120   -42.110   -36.010   -36.010 
  -43.120   -43.170   -36.010   -36.010 
  -43.600   -44.000   -36.010   -36.010 
  -43.610   -43.130   -36.010   -36.010 
  -44.150   -42.710   -36.010   -36.010 
  -43.780   -43.980   -36.010   -36.010 
  -43.890   -43.480   -36.010   -36.010 
  -44.290   -43.160   -36.010   -36.010 
  -43.640   -43.410   -36.010   -36.010 
  -43.360   -43.410   -36.010   -36.010 
  -44.240   -43.820   -36.010   -36.010 
  -44.320   -43.000   -36.010   -36.010 
  -43.460   -43.210   -32.730   -32.730 
  -42.730   -42.450   -22.670   -22.670 
  -38.680   -37.550   -19.990   -19.990 
  -33.350   -33.440   -10.100   -10.100 
  -25.160   -26.090    -4.100    -4.100 
  -14.670   -17.780    -1.880    -1.880 
  -10.010   -10.300     0.000     0.000 
   -4.760    -4.610     0.000     0.000 
   -0.270    -0.320     0.000     0.000 
    0.190     0.340     0.000     0.000 
    0.270     0.130     0.000     0.000 
    0.090     0.190     0.000     0.000 
    0.130     0.090     0.000     0.000 
    0.000     0.090     0.000     0.000 
    0.000     0.080     0.000     0.000 
    0.090     0.090     0.000     0.000 
    0.040     0.090     0.000     0.000 
    0.040     0.040     0.000     0.000 
    0.000     0.000    -2.440    -2.440 
   -0.040    -0.040    -9.180    -9.180 
   -2.690    -2.550   -12.970   -12.970 
   -7.200    -7.710   -13.620   -13.620 
  -10.210   -10.650   -13.520   -13.520 
  -11.990   -11.640   -13.430   -13.430 
  -13.000   -12.170   -13.430   -13.430 
  -13.450   -12.700   -13.250   -13.250 
  -13.000   -13.250   -11.950   -11.950 
  -12.670   -12.580   -11.680   -11.680 
  -12.570   -11.980   -10.380   -10.380 
  -10.840   -10.750    -5.670    -5.670 
   -9.080    -8.670     0.000     0.000 
   -4.370    -3.920     0.000     0.000 
   -1.710    -1.670     0.000     0.000 
    0.190    -0.240     0.000     0.000 
    0.040     0.000     0.000     0.000 
   -0.090     0.000     0.000     0.000 
    0.000     0.000     0.000     0.000 
    0.000     0.000     0.000     0.000 
    0.000     0.000     0.000     0.000 
    0.000     0.000     0.000     0.000 
    0.000     0.000     0.000     0.000 
    0.000     0.000     0.000     0.000 
    0.000     0.000     0.000     0.000 
    0.000     0.000    -4.430    -4.940 
   -1.120    -0.730    -4.790    -5.340 
   -0.570    -0.570    -6.910    -7.700 
   -0.880    -0.980    -9.200   -10.250 
   -2.230    -2.670   -13.800    -8.780 
   -5.510    -3.680   -14.880    -9.730 
   -8.200    -5.300   -15.080    -9.950 
   -9.730    -6.400   -15.640   -10.570 
  -11.390    -7.020   -16.030   -11.010 
  -12.750    -7.640   -16.090   -11.330 
  -12.570    -8.200   -16.980   -12.060 
  -13.100    -9.340   -19.070   -14.390 
  -14.330   -10.210   -23.280   -19.090 
  -17.710   -13.100   -26.460   -22.370 
  -21.500   -16.390   -28.870   -24.500 
  -24.600   -19.170   -30.210   -25.990 
  -26.860   -21.950   -30.370   -25.860 
  -29.610   -22.930   -30.370   -25.860 
  -30.400   -23.700   -30.380   -26.180 
  -31.210   -24.780   -30.730   -26.270 
  -32.580   -25.330   -31.450   -26.810 
  -33.150   -26.080   -33.640   -28.690 
  -34.530   -27.280   -35.810   -30.590 
  -36.090   -29.700   -36.940   -31.550 
  -38.130   -30.610   -37.830   -32.290 
  -39.320   -31.940   -40.060   -34.510 
  -42.090   -33.790   -40.450   -34.940 
  -42.730   -35.170   -40.800   -35.040 
  -44.430   -36.070   -42.080   -36.200 
  -45.530   -37.620   -42.610   -36.530 
  -46.660   -38.260   -42.410   -36.310 
  -47.390   -38.010   -42.280   -36.420 
  -48.690   -38.430   -42.470   -36.640 
  -48.850   -39.600   -42.570   -36.190 
  -48.320   -38.500   -42.710   -36.080 
  -48.720   -39.520   -42.710   -36.080 
  -50.070   -38.820   -45.760   -37.280 
  -50.830   -40.520   -46.090   -37.390 
  -51.780   -40.990   -46.150   -37.710 
  -52.910   -41.080   -46.150   -37.710 
  -53.540   -40.960   -46.150   -37.710 
  -53.490   -40.810   -48.430   -40.260 
  -54.910   -42.120   -53.630   -45.240 
  -57.660   -46.050   -55.210   -46.170 
  -59.770   -49.950   -55.730   -46.500 
  -62.280   -48.610   -55.730   -46.500 
  -63.600   -50.080   -55.730   -46.500 
  -64.450   -50.670   -55.730   -46.500 
  -65.580   -50.140   -55.890   -46.370 
  -66.170   -50.730   -55.890   -46.370 
  -64.730   -51.280   -55.730   -46.500 
  -66.670   -50.430   -55.730   -46.500 
  -66.560   -51.130   -55.730   -46.500 
  -67.080   -50.360   -55.730   -46.500 
  -66.770   -50.400   -55.540   -46.280 
  -67.440   -50.830   -54.910   -45.280 
  -66.880   -50.110   -54.880   -44.990 
  -66.340   -49.640   -54.300   -44.340 
  -66.650   -50.150   -54.240   -44.010 
  -66.330   -49.190   -53.840   -43.260 
  -66.460   -47.870   -53.940   -42.810 
  -66.410   -48.030   -53.940   -42.810 
  -66.140   -47.900   -53.580   -42.720 
  -65.480   -46.780   -53.940   -42.810 
  -65.090   -47.620   -53.740   -42.600 
  -65.320   -47.760   -53.680   -42.270 
  -64.140   -47.320   -52.420   -37.840 
  -64.430   -44.400   -51.540   -36.350 
  -63.540   -43.630   -50.960   -35.700 
  -62.110   -41.850   -50.760   -35.480 
  -61.940   -41.420   -45.040   -30.180 
  -58.990   -38.780   -42.450   -27.550 
  -57.080   -36.550   -41.280   -26.250 
  -55.280   -34.280   -41.280   -26.250 
  -54.190   -33.230   -26.500   -10.350 
  -48.850   -28.160   -15.860    -3.150 
  -35.560   -20.550    -6.030     4.790 
  -22.370   -12.590    -3.880     3.080 
  -15.160   -10.450    -3.590     2.850 
  -14.640    -7.800     0.000     0.000 
   -8.060    -5.060     4.230     4.720 
   -6.630    -2.500     4.850     5.400 
   -1.570    -0.490     5.040     5.620 
    0.780     0.630     5.240     5.840 
    1.790     1.660     5.630     6.270 
    1.860     2.400     5.820     6.490 
    2.190     2.710     6.440     7.180 
    2.340     2.250     8.610     9.600 
    3.300     3.110     9.810    10.940 
    4.270     5.060    10.430    11.620 
    5.750     5.800    13.610    15.160 
    7.520     7.820    13.610    15.160 
    8.420     9.960    25.770    28.720 
   14.940    14.050    28.560    31.830 
   27.860    19.310    29.140    32.480 
   27.180    22.510    29.950    33.380 
   27.810    26.320    31.960    35.620 
   30.570    29.300    33.550    37.390 
   32.930    33.270    33.750    37.610 
   33.480    35.780    34.750    38.730 
   34.130    36.930    37.350    41.620 
   38.190    39.510    39.330    43.820 
   40.810    42.630    41.310    46.030 
   43.710    46.270    42.730    47.620 
   45.790    47.940    43.320    48.270 
   45.490    50.350    43.900    48.920 
   45.560    52.490    44.120    49.170 
   47.530    52.650    44.710    49.820 
   47.700    54.450    44.710    49.820 
   48.750    56.590    53.080    59.150 
   56.240    58.490    53.080    59.150 
   54.470    63.670    54.670    60.920 
   58.150    65.770    56.290    62.720 
   61.200    67.990    57.070    63.590 
   61.030    69.640    57.070    63.590 
   60.630    71.440    58.070    64.710 
   60.900    73.090    58.270    64.930 
   63.200    73.580    61.060    68.040 
   66.820    76.870    63.460    70.710 
   70.870    77.750    63.650    70.930 
   72.370    80.090    64.460    71.830 
   74.750    79.920    64.460    71.830 
   72.040    81.630    64.650    72.050 
   70.430    84.290    64.650    72.050 
   71.530    84.790    64.650    72.050 
   75.640    84.730    64.650    72.050 
   72.740    86.950    64.460    71.830 
   72.400    88.030    64.460    71.830 
   71.950    87.160    64.460    71.830 
   70.790    88.790    64.460    71.830 
   73.130    87.130    64.040    71.370 
   73.180    88.400    63.650    70.930 
   72.150    89.310    63.650    70.930 
   71.810    87.930    63.460    70.710 
   70.870    88.890    62.260    69.380 
   70.920    86.810    60.860    67.820 
   69.220    88.530    57.880    64.500 
   66.010    85.570    50.480    56.260 
   64.880    80.530    46.500    51.810 
   59.600    77.510    42.120    46.930 
   55.470    73.890    42.120    46.930 
   52.880    71.410    42.120    46.930 
   51.260    69.690    41.920    46.720 
   49.730    66.600    37.350    41.620 
   46.590    64.430    33.360    37.170 
   43.490    60.180    28.360    31.610 
   39.170    55.690    26.580    29.620 
   36.430    51.830    24.370    27.160 
   33.140    47.600    23.370    26.040 
   30.880    45.440    21.980    24.490 
   28.010    42.580     7.410     8.260 
   22.190    34.360     6.830     7.610 
   16.460    26.230     6.240     6.960 
   13.780    22.290     5.820     6.490 
   11.800    19.620     5.820     6.490 
    8.740    17.190     5.630     6.270 
    6.580    14.400     5.240     5.840 
    5.350    11.820     5.040     5.620 
    5.010     9.980     4.850     5.400 
    3.980     8.110     4.230     4.720 
    2.700     6.100     0.000     0.000 
    1.570     3.190     0.000     0.000 
    0.300     1.730     0.000     0.000 
    0.250     0.720     0.000     0.000 
    0.000     0.040     0.000     0.000 
   -0.040    -0.040   -17.070   -11.610 
   -2.970    -2.410   -39.230   -34.100 
  -12.730   -12.980   -45.570   -40.350 
  -29.750   -29.450   -47.380   -41.850 
  -36.900   -37.150   -48.430   -42.450 
  -38.800   -45.660   -48.430   -42.450 
  -40.910   -42.020   -48.560   -42.340 
  -43.210   -42.530   -48.560   -42.340 
  -46.490   -42.160   -48.560   -42.340 
  -47.310   -43.820   -48.430   -42.450 
  -50.310   -41.670   -48.430   -42.450 
  -51.780   -42.440   -48.430   -42.450 
  -53.010   -42.950   -48.430   -42.450 
  -54.300   -43.030   -48.430   -42.450 
  -54.510   -44.040   -48.430   -42.450 
  -54.970   -44.970   -48.620   -42.670 
  -55.720   -46.080   -50.290   -44.270 
  -55.980   -47.770   -53.330   -47.660 
  -58.720   -48.760   -56.270   -50.070 
  -61.270   -51.080   -55.870   -49.340 
  -62.360   -51.280   -57.910   -51.730 
  -64.230   -53.990   -60.120   -53.710 
  -66.060   -56.500   -60.350   -53.990 
  -67.700   -56.690   -71.060   -64.860 
  -71.900   -64.970   -75.660   -68.870 
  -76.000   -75.950   -76.940   -70.040 
  -82.840   -74.600   -77.600   -70.210 
  -83.460   -76.380   -77.890   -69.980 
  -82.720   -81.240   -78.160   -69.760 
  -85.040   -79.100   -78.030   -69.870 
  -85.920   -81.310   -77.860   -69.680 
  -87.210   -80.370   -77.660   -69.460 
  -87.340   -81.940   -77.270   -69.030 
  -84.200   -83.590   -77.410   -68.920 
  -86.300   -84.040   -76.270   -67.650 
  -86.780   -84.520   -75.840   -66.870 
  -87.580   -83.860   -71.020   -60.670 
  -82.670   -81.400   -68.090   -57.140 
  -81.680   -79.630   -63.150   -51.640 
  -77.610   -77.950   -62.680   -51.130 
  -74.070   -76.340   -50.400   -37.700 
  -66.920   -71.730   -50.400   -37.700 
  -61.300   -67.960   -38.460   -28.230 
  -54.120   -62.870   -31.260   -22.660 
  -46.570   -56.660   -28.750   -19.600 
  -38.110   -48.820   -19.430   -10.600 
  -28.490   -40.310   -13.080    -5.420 
  -19.230   -29.510   -10.140    -2.700 
   -9.350   -20.770    -8.220    -0.560 
   -6.050   -16.810    -0.020     7.190 
    0.930    -7.770     0.400     6.850 
    4.720    -3.780     3.990     3.990 
   12.600    -2.610     3.990     3.990 
   12.050    -1.020     3.990     3.990 
   10.550     0.700     3.990     3.990 
    8.480     1.940     3.990     3.990 
    6.180     3.410     0.000     0.000 
    2.550     2.160     0.000     0.000 
    0.000     0.130     0.000     0.000 
   -0.440    -0.290     0.000     0.000 
   -0.090    -0.180     3.610     3.610 
    0.440     0.440     4.230     4.230 
    0.630     0.780     4.530     4.530 
    0.660     0.750     4.690     4.690 
    0.590     0.540     4.760     4.760 
    0.740     0.650   -16.140   -18.520 
   -3.780    -7.170   -28.580   -25.790 
  -10.190   -19.320   -32.810   -30.210 
  -21.360   -24.360   -33.870   -31.540 
  -26.720   -23.600   -37.060   -34.710 
  -29.460   -27.930   -37.060   -34.710 
  -33.440   -31.080   -37.060   -34.710 
  -34.060   -33.410   -33.520   -31.170 
  -33.790   -32.610   -32.360   -29.750 
  -32.700   -31.330   -31.840   -29.200 
  -32.740   -30.310   -31.310   -28.870 
  -33.080   -30.210   -31.180   -28.470 
  -31.750   -30.860   -30.660   -28.190 
  -30.810   -31.250   -30.040   -27.580 
  -31.400   -31.920   -28.820   -26.350 
  -27.950   -31.050   -28.350   -25.890 
  -27.990   -31.430   -28.280   -25.810 
  -26.910   -31.200   -28.220   -25.490 
  -25.830   -31.250   -27.960   -25.450 
  -24.520   -31.320   -28.100   -25.340 
  -23.390   -32.010   -28.120   -25.610 
  -23.350   -31.830   -28.120   -25.610 
  -23.560   -31.370   -32.110   -29.320 
  -31.030   -32.770   -35.500   -32.700 
  -31.300   -36.080   -35.500   -32.700 
  -33.050   -37.760   -35.500   -32.700 
  -33.160   -38.030   -35.500   -32.700 
  -33.140   -38.210   -35.360   -32.810 
  -34.550   -39.210   -37.440   -34.890 
  -37.010   -39.860   -38.640   -36.090 
  -39.810   -39.950   -42.520   -39.960 
  -43.010   -42.670   -42.650   -39.860 
  -47.150   -43.450   -42.370   -39.580 
  -49.160   -41.880   -38.870   -36.070 
  -48.210   -38.660   -35.500   -32.700 
  -46.240   -34.970   -35.500   -32.700 
  -44.750   -33.000   -35.500   -32.700 
  -43.610   -32.570   -35.500   -32.700 
  -43.380   -31.180   -35.500   -32.700 
  -43.290   -32.070   -35.500   -32.700 
  -42.540   -33.180   -35.500   -32.700 
  -42.410   -33.700   -35.500   -32.700 
  -42.280   -33.170   -35.500   -32.700 
  -41.980   -34.050   -35.500   -32.700 
  -42.030   -33.330   -35.500   -32.700 
  -42.040   -33.140   -35.500   -32.700 
  -41.910   -33.580   -35.500   -32.700 
  -41.930   -34.400   -35.500   -32.700 
  -42.200   -33.680   -35.500   -32.700 
  -41.400   -33.430   -35.500   -32.700 
  -41.730   -33.860   -35.500   -32.700 
  -42.170   -33.220   -35.500   -32.700 
  -41.820   -33.280   -35.500   -32.700 
  -41.420   -33.550   -35.500   -32.700 
  -42.050   -33.570   -35.500   -32.700 
  -40.990   -34.250   -31.960   -29.160 
  -38.490   -32.060   -30.120   -27.320 
  -35.720   -30.360   -30.040   -27.240 
  -34.300   -30.610   -30.040   -27.240 
  -32.420   -30.820   -30.190   -27.400 
  -31.290   -30.880   -30.190   -27.400 
  -31.230   -30.970   -35.500   -32.700 
  -34.640   -33.710   -35.500   -32.700 
  -34.070   -36.760   -35.500   -32.700 
  -35.740   -37.660   -33.570   -30.770 
  -35.980   -36.860   -33.260   -30.470 
  -35.580   -36.150   -33.260   -30.470 
  -35.330   -35.330   -33.570   -30.770 
  -37.080   -35.610   -35.500   -32.700 
  -38.190   -36.250   -35.500   -32.700 
  -38.600   -36.640   -35.500   -32.700 
  -38.510   -37.330   -35.500   -32.700 
  -38.790   -37.190   -35.500   -32.700 
  -39.620   -36.860   -35.500   -32.700 
  -40.750   -36.270   -35.500   -32.700 
  -40.560   -36.090   -35.500   -32.700 
  -40.630   -36.390   -35.500   -32.700 
  -40.530   -35.510   -35.500   -32.700 
  -41.050   -34.510   -35.500   -32.700 
  -41.240   -34.360   -35.630   -32.590 
  -41.070   -35.360   -35.630   -32.590 
  -39.980   -34.900   -35.440   -32.380 
  -40.180   -34.820   -35.830   -31.690 
  -40.650   -35.070   -35.830   -31.690 
  -39.800   -35.270   -35.500   -31.580 
  -40.180   -33.880   -35.500   -31.580 
  -39.670   -34.100   -35.500   -31.580 
  -40.270   -33.650   -31.270   -27.350 
  -38.370   -31.380   -29.810   -25.900 
  -36.420   -30.110   -29.510   -25.590 
  -33.820   -28.920   -29.430   -25.510 
  -32.160   -29.120   -29.510   -25.590 
  -31.670   -29.130   -31.270   -27.350 
  -30.830   -30.920   -32.040   -28.120 
  -31.190   -32.440   -33.190   -29.270 
  -32.060   -33.580   -35.500   -31.580 
  -34.540   -35.230   -35.500   -31.580 
  -36.720   -36.320   -35.500   -31.580 
  -36.790   -36.490   -35.500   -31.580 
  -38.280   -36.540   -35.500   -31.580 
  -38.120   -36.190   -35.300   -31.370 
  -38.170   -35.630   -35.300   -31.370 
  -38.510   -35.410   -35.300   -31.370 
  -39.070   -35.630   -35.080   -30.850 
  -39.790   -34.850   -34.230   -29.350 
  -39.010   -33.540   -33.580   -28.370 
  -38.840   -32.260   -30.480   -23.540 
  -37.500   -29.840   -29.770   -21.920 
  -36.470   -28.440   -26.770   -17.760 
  -35.130   -26.070   -25.820   -16.700 
  -33.440   -23.050   -24.420   -14.880 
  -31.730   -21.340   -16.670    -6.500 
  -28.610   -17.090    -9.750     0.140 
  -21.010   -11.040    -6.330     3.120 
  -15.590    -6.590    -6.050     3.420 
  -12.430    -3.840    -6.050     3.420 
   -8.960    -1.470    -6.250     3.200 
   -5.440    -0.690    -5.340     3.860 
   -3.590     0.440    -4.150     5.080 
   -2.800     1.110    -3.990     4.950 
   -0.930     2.110    -4.660     4.220 
   -0.290     2.560    -9.400    -0.770 
   -2.230     0.510   -13.790    -5.490 
   -6.160    -2.410   -13.850    -5.820 
   -7.680    -3.790   -14.330    -7.990 
   -8.720    -4.940   -14.920    -8.950 
  -10.780    -5.670   -14.920    -8.950 
   -9.650    -6.660   -14.890    -8.610 
  -11.080    -6.650   -14.720    -8.420 
  -11.980    -6.800   -14.720    -8.420 
  -11.670    -6.740   -14.720    -8.420 
  -10.850    -6.710   -14.720    -8.420 
  -10.690    -6.400   -14.720    -8.420 
  -10.740    -6.600   -14.520    -8.210 
  -12.440    -6.190   -14.520    -8.210 
  -12.170    -6.350   -14.520    -8.210 
  -11.190    -6.570   -13.380    -6.930 
  -10.530    -5.810    -8.510    -2.070 
   -8.950    -5.060    -3.880     3.080 
   -6.240    -2.630    -3.720     2.960 
   -3.540    -2.750    -3.590     2.850 
   -0.930    -0.650    -3.590     2.850 
    0.430     0.570    -3.590     2.850 
    0.040     0.040    -3.590     2.850 
    0.000    -0.040    -3.590     2.850 
    0.000     0.000    -3.590     2.850 
    0.000     0.000     0.000     0.000 
    0.140     0.000     0.000     0.000 
    0.080     0.000     0.000     0.000 
    0.000    -0.040     0.000     0.000 
    0.000     0.000     0.000     0.000 
    0.000     0.000     0.000     0.000 
    0.000     0.000     0.000     0.000 
    0.000     0.000     0.000     0.000 
