    0.020,    0.000,    0.020,    0.000,
    0.020,    0.000,    0.020,    0.000,
    0.020,    0.000,    0.020,    0.000,
    0.020,    0.000,    0.020,    0.000,
    0.020,    0.000,    0.020,    0.000,
    0.020,    0.000,    0.020,    0.000,
    0.020,    0.000,    0.020,    0.000,
    0.020,    0.000,    0.020,    0.000,
    0.000,   -0.030,    0.000,    0.000,
    0.030,    0.000,    0.030,    0.000,
    0.060,    0.030,    0.060,    0.000,
    0.040,    0.020,    0.040,    0.000,
    0.000,   -0.030,   -0.010,    0.000,
   -0.040,   -0.070,   -0.040,    0.000,
   -0.030,   -0.070,   -0.030,    0.000,
   -0.070,   -0.090,   -0.070,    0.000,
   -0.090,   -0.120,   -0.090,    0.000,
   -0.110,   -0.140,   -0.110,    0.000,
   -0.240,   -0.260,   -0.240,    0.000,
   -0.400,   -0.420,   -0.410,    0.000,
   -0.240,   -0.380,   -0.250,    0.000,
   -0.220,   -0.240,   -0.220,    0.000,
   -0.270,   -0.330,   -0.270,    0.000,
   -0.100,   -0.130,   -0.100,    0.000,
   -0.370,   -0.400,   -0.370,    0.000,
   -0.070,   -0.140,   -0.080,    0.000,
   -0.400,   -0.350,   -0.400,    0.000,
    0.120,    0.000,    0.110,    0.000,
    0.470,    0.370,    0.460,    0.000,
    0.600,    0.560,    0.600,    0.000,
    0.720,    0.800,    0.730,    0.000,
    0.620,    0.730,    0.630,    0.000,
    1.030,    0.850,    1.010,    0.000,
    0.960,    0.930,    0.960,    0.000,
    0.720,    0.830,    0.730,    0.000,
    0.950,    0.990,    0.950,    0.000,
    0.930,    1.100,    0.940,    0.000,
    0.130,    0.440,    0.150,    0.000,
   -0.030,    0.000,   -0.030,    0.000,
   -0.160,   -0.130,   -0.160,    0.000,
   -0.290,   -0.340,   -0.290,    0.000,
   -0.020,   -0.430,   -0.050,    0.000,
    0.960,   -0.660,    0.840,    0.000,
    0.020,   -0.130,    0.010,    0.000,
   -0.520,   -0.330,   -0.510,    0.000,
   -0.550,   -0.480,   -0.540,    0.000,
   -0.250,   -0.580,   -0.270,    0.000,
   -0.330,   -0.410,   -0.340,    0.000,
   -0.310,   -0.290,   -0.300,    0.000,
   -0.280,   -0.240,   -0.280,    0.000,
   -0.300,   -0.390,   -0.310,    0.000,
   -0.510,   -0.420,   -0.500,    0.000,
   -0.270,   -0.400,   -0.280,    0.000,
   -0.280,   -0.330,   -0.280,    0.000,
   -0.180,   -0.290,   -0.190,    0.000,
   -0.230,   -0.250,   -0.230,    0.000,
   -0.290,   -0.390,   -0.300,    0.000,
   -0.250,   -0.420,   -0.260,    0.000,
   -0.160,   -0.330,   -0.170,    0.000,
   -0.390,   -0.270,   -0.380,    0.000,
   -0.260,   -0.280,   -0.260,    0.000,
   -0.320,   -0.300,   -0.320,    0.000,
   -0.020,   -0.010,   -0.020,    0.000,
    0.130,    0.180,    0.130,    0.000,
    0.420,    0.300,    0.420,    0.000,
    0.380,    0.510,    0.390,    0.000,
    0.430,    0.460,    0.440,    0.000,
    0.390,    0.410,    0.390,    0.000,
    0.340,    0.320,    0.340,    0.000,
    0.390,    0.400,    0.390,    0.000,
    0.480,    0.460,    0.480,    0.000,
    0.530,    0.480,    0.530,    0.000,
    0.350,    0.380,    0.350,    0.000,
    0.240,    0.320,    0.250,    0.000,
    0.700,    0.520,    0.690,    0.000,
    0.560,    1.000,    0.590,    0.000,
    0.990,    0.740,    0.970,    0.000,
    0.930,    0.810,    0.920,    0.000,
    0.990,    0.830,    0.980,    0.000,
    0.880,    0.850,    0.880,    0.000,
    1.690,    1.540,    1.680,    0.000,
    2.510,    2.520,    2.510,    0.000,
    3.610,    3.550,    3.610,    0.000,
    4.260,    4.480,    4.280,    0.000,
    5.130,    5.390,    5.150,    0.000,
    6.190,    6.350,    6.210,    0.000,
    6.780,    7.170,    6.810,    0.000,
    7.140,    7.570,    7.170,    0.000,
    7.330,    7.630,    7.350,    0.000,
    7.300,    7.630,    7.320,    0.000,
    7.130,    7.590,    7.160,    0.000,
    6.980,    7.380,    7.010,    0.000,
    6.430,    6.690,    6.450,    0.000,
    4.670,    5.010,    4.690,    0.000,
    2.750,    3.060,    2.780,    0.000,
    2.180,    2.540,    2.210,    0.000,
    2.570,    2.610,    2.570,    0.000,
    2.940,    2.950,    2.940,    0.000,
    2.820,    2.920,    2.830,    0.000,
    0.810,    1.190,    0.840,    0.000,
    0.040,    0.160,    0.050,    0.000,
   -0.060,   -0.080,   -0.060,    0.000,
    0.130,    0.190,    0.140,    0.000,
    0.790,   -0.030,    0.730,    0.000,
    0.650,    0.450,    0.630,    0.000,
    0.880,    0.310,    0.830,    0.000,
    0.290,    0.650,    0.320,    0.000,
    1.190,    0.310,    1.120,    0.000,
    1.470,    0.440,    1.400,    0.000,
    0.980,    0.610,    0.960,    0.000,
    1.130,    0.300,    1.070,    0.000,
    1.220,    0.560,    1.170,    0.000,
    0.630,    0.780,    0.640,    0.000,
    0.500,    0.590,    0.510,    0.000,
    0.500,    0.500,    0.500,    0.000,
    0.520,    0.690,    0.530,    0.000,
    0.480,    0.560,    0.480,    0.000,
    0.510,    0.420,    0.510,    0.000,
    0.380,    0.520,    0.390,    0.000,
    0.500,    0.410,    0.490,    0.000,
    0.740,    0.270,    0.700,    0.000,
    0.610,    0.570,    0.610,    0.000,
    0.710,    0.480,    0.690,    0.000,
    0.760,    0.360,    0.730,    0.000,
    0.840,    0.600,    0.820,    0.000,
    0.620,    0.570,    0.620,    0.000,
    0.450,    0.530,    0.460,    0.000,
    0.610,    0.630,    0.610,    0.000,
    0.610,    0.440,    0.600,    0.000,
    0.440,    0.510,    0.450,    0.000,
    0.440,    0.480,    0.450,    0.000,
    0.160,   -0.290,    0.120,    0.000,
   -0.610,   -1.000,   -0.640,    0.000,
   -1.400,   -2.260,   -1.460,    0.000,
   -2.600,   -3.700,   -2.680,    0.000,
   -3.880,   -4.970,   -3.970,    0.000,
   -4.870,   -5.580,   -4.920,    0.000,
   -5.920,   -6.140,   -5.930,    0.000,
   -6.210,   -6.810,   -6.250,    0.000,
   -6.040,   -7.720,   -6.160,    0.000,
   -7.390,   -7.160,   -7.370,    0.000,
   -7.510,   -7.410,   -7.500,    0.000,
   -7.780,   -7.690,   -7.780,    0.000,
   -8.790,   -6.630,   -8.630,    0.000,
   -9.570,   -6.900,   -9.370,    0.000,
  -10.400,   -6.670,  -10.120,    0.000,
  -10.320,   -7.030,  -10.080,    0.000,
  -10.410,   -6.890,  -10.150,    0.000,
  -10.200,   -7.390,   -9.990,    0.000,
  -10.470,   -7.010,  -10.210,    0.000,
   -9.050,   -7.470,   -8.930,    0.000,
   -8.940,   -6.010,   -8.720,    0.000,
   -8.710,   -4.970,   -8.430,    0.000,
   -6.410,   -4.580,   -6.270,    0.000,
   -4.380,   -4.450,   -4.390,    0.000,
   -3.500,   -3.660,   -3.510,    0.000,
   -3.190,   -3.240,   -3.190,    0.000,
   -2.490,   -2.700,   -2.510,    0.000,
   -1.870,   -2.070,   -1.880,    0.000,
   -0.690,   -0.980,   -0.710,    0.000,
   -0.120,   -0.220,   -0.120,    0.000,
    0.090,    0.010,    0.080,    0.000,
    0.030,    0.000,    0.030,    0.000,
    0.010,    0.000,    0.010,    0.000,
    0.180,    0.220,    0.190,    0.000,
    0.580,    0.280,    0.550,    0.000,
    1.290,   -1.770,    1.060,    0.000,
    0.460,   -1.790,    0.290,    0.000,
    0.830,   -2.080,    0.610,    0.000,
    0.850,   -1.780,    0.650,    0.000,
    0.950,   -1.580,    0.760,    0.000,
   -0.570,   -0.930,   -0.600,    0.000,
   -0.770,   -1.040,   -0.790,    0.000,
   -0.830,   -1.600,   -0.890,    0.000,
   -0.690,   -1.640,   -0.760,    0.000,
   -1.350,   -1.750,   -1.380,    0.000,
   -1.930,   -2.390,   -1.960,    0.000,
   -2.560,   -3.010,   -2.600,    0.000,
   -3.070,   -3.500,   -3.100,    0.000,
   -3.870,   -3.650,   -3.850,    0.000,
   -4.120,   -4.300,   -4.130,    0.000,
   -4.330,   -4.500,   -4.350,    0.000,
   -4.360,   -4.800,   -4.400,    0.000,
   -4.550,   -4.980,   -4.580,    0.000,
   -4.350,   -4.860,   -4.390,    0.000,
   -4.370,   -5.070,   -4.420,    0.000,
   -4.480,   -5.160,   -4.530,    0.000,
   -4.500,   -4.610,   -4.510,    0.000,
   -3.490,   -3.460,   -3.490,    0.000,
   -2.160,   -0.900,   -2.060,    0.000,
   -1.470,   -0.520,   -1.400,    0.000,
   -0.520,   -0.100,   -0.490,    0.000,
    0.330,    0.000,    0.310,    0.000,
    0.630,   -0.060,    0.580,    0.000,
    0.110,   -0.140,    0.090,    0.000,
    0.030,   -0.160,    0.010,    0.000,
   -0.120,   -0.080,   -0.110,    0.000,
    0.060,    0.170,    0.060,    0.000,
    0.360,    0.410,    0.370,    0.000,
    0.750,    0.320,    0.710,    0.000,
    0.690,    0.400,    0.670,    0.000,
    0.570,    0.490,    0.570,    0.000,
    0.700,    0.460,    0.690,    0.000,
    0.690,    0.430,    0.670,    0.000,
    0.630,    0.570,    0.620,    0.000,
    0.530,    0.510,    0.530,    0.000,
    0.560,    0.500,    0.560,    0.000,
    0.470,    0.610,    0.480,    0.000,
    0.810,    0.390,    0.780,    0.000,
    0.580,    0.480,    0.570,    0.000,
    0.620,    0.690,    0.630,    0.000,
    0.490,    0.540,    0.500,    0.000,
    0.580,    0.440,    0.570,    0.000,
    0.540,    0.610,    0.540,    0.000,
    0.710,    0.470,    0.690,    0.000,
    0.330,    0.490,    0.340,    0.000,
    0.750,    1.060,    0.770,    0.000,
    1.240,    1.660,    1.270,    0.000,
    2.280,    3.340,    2.360,    0.000,
    4.200,    5.270,    4.280,    0.000,
    5.590,    6.440,    5.660,    0.000,
    6.570,    6.890,    6.600,    0.000,
    7.260,    8.540,    7.350,    0.000,
    7.190,    8.440,    7.280,    0.000,
    7.800,    9.150,    7.910,    0.000,
    8.530,    9.580,    8.610,    0.000,
    9.210,    9.860,    9.260,    0.000,
    9.590,   10.020,    9.620,    0.000,
    9.710,    9.980,    9.730,    0.000,
    9.850,   10.050,    9.860,    0.000,
    9.670,   10.160,    9.710,    0.000,
    9.540,   10.070,    9.580,    0.000,
    9.600,    9.980,    9.630,    0.000,
    9.430,    9.810,    9.460,    0.000,
    9.610,   10.190,    9.650,    0.000,
   10.160,   10.690,   10.200,    0.000,
   10.630,   11.310,   10.680,    0.000,
   11.120,   11.730,   11.160,    0.000,
   11.510,   12.060,   11.550,    0.000,
   12.000,   12.610,   12.050,    0.000,
   12.120,   12.810,   12.170,    0.000,
   12.240,   12.890,   12.290,    0.000,
   12.180,   12.860,   12.230,    0.000,
   12.420,   13.220,   12.480,    0.000,
   12.430,   13.360,   12.500,    0.000,
   12.780,   13.520,   12.840,    0.000,
   13.280,   13.960,   13.330,    0.000,
   13.510,   14.280,   13.570,    0.000,
   13.590,   14.490,   13.660,    0.000,
   13.870,   14.510,   13.920,    0.000,
   13.750,   14.430,   13.800,    0.000,
   14.060,   14.670,   14.100,    0.000,
   14.000,   14.750,   14.050,    0.000,
   13.970,   14.820,   14.040,    0.000,
   13.970,   14.660,   14.020,    0.000,
   13.840,   14.810,   13.920,    0.000,
   14.130,   14.760,   14.180,    0.000,
   14.080,   14.680,   14.120,    0.000,
   14.050,   14.800,   14.110,    0.000,
   13.970,   14.820,   14.030,    0.000,
   14.190,   14.800,   14.240,    0.000,
   14.070,   14.620,   14.110,    0.000,
   14.070,   14.750,   14.120,    0.000,
   14.080,   14.790,   14.130,    0.000,
   14.060,   14.850,   14.120,    0.000,
   14.130,   14.690,   14.180,    0.000,
   14.050,   14.870,   14.110,    0.000,
   13.680,   14.230,   13.720,    0.000,
    6.860,    0.350,    6.370,    0.000,
    1.100,    1.900,    1.160,    0.000,
    0.430,    0.860,    0.470,    0.000,
   -0.220,   -0.110,   -0.210,    0.000,
   -0.790,   -0.730,   -0.780,    0.000,
   -2.580,   -2.340,   -2.570,    0.000,
   -5.440,   -5.750,   -5.460,    0.000,
   -8.700,   -9.430,   -8.760,    0.000,
  -11.230,  -11.960,  -11.290,    0.000,
  -12.280,  -13.180,  -12.340,    0.000,
  -12.800,  -13.650,  -12.870,    0.000,
  -13.160,  -14.140,  -13.240,    0.000,
  -13.620,  -14.370,  -13.680,    0.000,
  -13.730,  -14.450,  -13.780,    0.000,
  -13.740,  -14.400,  -13.790,    0.000,
  -13.630,  -14.660,  -13.710,    0.000,
  -13.750,  -14.720,  -13.820,    0.000,
  -13.970,  -14.560,  -14.010,    0.000,
  -13.820,  -14.620,  -13.880,    0.000,
  -13.980,  -14.670,  -14.030,    0.000,
  -14.050,  -14.800,  -14.110,    0.000,
  -13.920,  -14.640,  -13.970,    0.000,
  -14.060,  -14.820,  -14.120,    0.000,
  -14.090,  -14.790,  -14.140,    0.000,
  -13.110,  -13.450,  -13.130,    0.000,
   -7.480,    1.800,   -6.780,    0.000,
    1.020,    7.560,    1.510,    0.000,
    5.690,   10.500,    6.050,    0.000,
   10.370,   11.060,   10.420,    0.000,
   11.960,   12.730,   12.020,    0.000,
   12.710,   13.360,   12.760,    0.000,
   13.100,   13.940,   13.160,    0.000,
   13.490,   14.330,   13.550,    0.000,
   13.720,   14.510,   13.780,    0.000,
   13.920,   14.430,   13.950,    0.000,
   13.940,   14.620,   13.990,    0.000,
   13.080,   13.390,   13.100,    0.000,
    6.880,    3.780,    6.650,    0.000,
    1.070,    1.200,    1.080,    0.000,
   -4.820,   -5.360,   -4.860,    0.000,
   -9.580,  -10.240,   -9.630,    0.000,
  -11.550,  -12.320,  -11.610,    0.000,
  -12.570,  -13.240,  -12.620,    0.000,
  -12.600,  -13.290,  -12.650,    0.000,
  -12.420,  -13.230,  -12.480,    0.000,
  -11.430,  -11.970,  -11.470,    0.000,
   -8.170,   -8.520,   -8.200,    0.000,
   -3.050,   -3.760,   -3.100,    0.000,
    0.860,    0.090,    0.800,    0.000,
    6.030,    6.260,    6.050,    0.000,
   10.070,   10.560,   10.110,    0.000,
   11.620,   12.550,   11.690,    0.000,
   12.690,   13.520,   12.750,    0.000,
   13.240,   13.860,   13.280,    0.000,
   13.660,   14.240,   13.700,    0.000,
   13.150,   13.220,   13.150,    0.000,
    6.820,    4.160,    6.620,    0.000,
    1.030,    1.430,    1.060,    0.000,
   -5.010,   -5.200,   -5.020,    0.000,
   -9.410,  -10.170,   -9.460,    0.000,
  -11.640,  -12.270,  -11.690,    0.000,
  -12.430,  -13.180,  -12.490,    0.000,
  -12.910,  -13.780,  -12.970,    0.000,
  -13.350,  -14.210,  -13.410,    0.000,
  -12.790,  -13.260,  -12.830,    0.000,
   -8.810,   -9.090,   -8.830,    0.000,
   -2.300,   -2.690,   -2.330,    0.000,
    4.690,    4.610,    4.680,    0.000,
    9.450,    9.830,    9.470,    0.000,
   11.540,   12.250,   11.590,    0.000,
   12.600,   13.330,   12.650,    0.000,
   13.250,   13.870,   13.300,    0.000,
   13.490,   14.070,   13.530,    0.000,
   13.760,   14.480,   13.810,    0.000,
   13.850,   14.620,   13.910,    0.000,
   13.960,   14.540,   14.010,    0.000,
   13.900,   14.550,   13.950,    0.000,
    7.580,   -1.730,    6.880,    0.000,
    0.440,    1.130,    0.490,    0.000,
   -2.810,   -2.390,   -2.780,    0.000,
   -7.510,   -8.580,   -7.590,    0.000,
  -10.620,  -11.220,  -10.660,    0.000,
  -12.120,  -12.820,  -12.170,    0.000,
  -12.840,  -13.620,  -12.890,    0.000,
  -13.410,  -13.950,  -13.450,    0.000,
  -13.510,  -14.110,  -13.560,    0.000,
  -13.590,  -14.480,  -13.650,    0.000,
  -13.000,  -13.360,  -13.030,    0.000,
   -9.070,   -9.330,   -9.090,    0.000,
   -3.550,   -4.290,   -3.600,    0.000,
   -1.020,   -1.440,   -1.050,    0.000,
    0.090,   -0.110,    0.070,    0.000,
    0.230,    0.170,    0.230,    0.000,
    0.180,    0.160,    0.170,    0.000,
    0.110,    0.100,    0.110,    0.000,
    0.040,    0.010,    0.040,    0.000,
    0.030,    0.000,    0.020,    0.000,
    0.020,    0.000,    0.020,    0.000,
    0.020,    0.000,    0.020,    0.000,
    0.020,    0.000,    0.020,    0.000,
    0.020,    0.000,    0.020,    0.000,
    0.020,    0.000,    0.020,    0.000,
    0.020,    0.000,    0.020,    0.000,
    0.020,    0.000,    0.020,    0.000,
    0.020,    0.000,    0.020,    0.000,
    0.020,    0.000,    0.020,    0.000,
    0.020,    0.000,    0.020,    0.000,
    0.430,    0.270,    0.420,    0.000,
    0.380,    0.410,    0.380,    0.000,
   -0.120,    0.830,   -0.050,    0.000,
   -1.080,    1.430,   -0.890,    0.000,
   -1.690,    1.480,   -1.450,    0.000,
   -1.300,    0.410,   -1.170,    0.000,
    0.180,   -0.680,    0.110,    0.000,
    0.000,    0.060,    0.010,    0.000,
   -0.230,    0.830,   -0.150,    0.000,
   -1.410,    1.900,   -1.160,    0.000,
   -1.530,    0.940,   -1.340,    0.000,
   -1.700,    1.460,   -1.460,    0.000,
   -1.180,    0.770,   -1.040,    0.000,
   -0.170,   -0.200,   -0.180,    0.000,
   -0.220,   -0.030,   -0.210,    0.000,
   -0.020,   -0.210,   -0.030,    0.000,
    0.220,   -0.260,    0.180,    0.000,
   -0.070,   -1.200,   -0.160,    0.000,
   -0.070,    0.010,   -0.060,    0.000,
    0.640,   -0.160,    0.580,    0.000,
    0.220,    0.190,    0.220,    0.000,
    0.200,   -0.090,    0.180,    0.000,
    0.040,    0.060,    0.050,    0.000,
   -0.170,   -0.110,   -0.160,    0.000,
   -0.220,   -0.240,   -0.230,    0.000,
   -0.290,   -0.390,   -0.300,    0.000,
   -0.090,   -0.170,   -0.100,    0.000,
    0.010,   -0.110,    0.000,    0.000,
    0.160,   -0.480,    0.110,    0.000,
    0.980,   -1.060,    0.830,    0.000,
    1.640,   -1.330,    1.420,    0.000,
    1.930,   -1.050,    1.700,    0.000,
    3.020,   -1.110,    2.710,    0.000,
    3.360,   -1.250,    3.020,    0.000,
    3.890,   -0.850,    3.530,    0.000,
    4.010,   -1.180,    3.620,    0.000,
    4.390,   -0.960,    3.990,    0.000,
    5.260,   -1.200,    4.780,    0.000,
    5.810,   -1.450,    5.270,    0.000,
    6.400,   -1.570,    5.800,    0.000,
    6.430,   -0.940,    5.870,    0.000,
    5.640,   -0.170,    5.210,    0.000,
    4.530,    0.870,    4.250,    0.000,
    3.430,    1.240,    3.260,    0.000,
    1.840,    1.080,    1.780,    0.000,
    1.140,    0.410,    1.080,    0.000,
    0.570,    0.510,    0.560,    0.000,
    0.150,    0.030,    0.140,    0.000,
    0.090,   -0.090,    0.070,    0.000,
   -0.150,   -0.180,   -0.160,    0.000,
   -0.270,   -0.280,   -0.270,    0.000,
   -0.200,   -0.250,   -0.200,    0.000,
   -0.070,   -0.140,   -0.080,    0.000,
    0.000,   -0.030,    0.000,    0.000,
    0.030,    0.000,    0.020,    0.000,
    0.010,    0.000,    0.010,    0.000,
    0.100,    0.130,    0.100,    0.000,
   -0.380,    1.010,   -0.280,    0.000,
   -0.590,    1.220,   -0.450,    0.000,
   -0.290,    0.700,   -0.220,    0.000,
   -2.490,    1.480,   -2.190,    0.000,
   -2.580,    1.550,   -2.270,    0.000,
   -1.140,   -0.420,   -1.090,    0.000,
   -0.770,    0.050,   -0.700,    0.000,
    0.050,    0.370,    0.070,    0.000,
    0.060,    0.370,    0.080,    0.000,
    0.480,    0.540,    0.490,    0.000,
    0.390,    0.570,    0.400,    0.000,
    0.510,    0.520,    0.510,    0.000,
    0.530,    0.460,    0.530,    0.000,
    0.600,    0.400,    0.590,    0.000,
    0.670,    0.450,    0.650,    0.000,
    0.500,    0.720,    0.520,    0.000,
    0.690,    0.440,    0.670,    0.000,
    0.320,    0.640,    0.340,    0.000,
    0.370,    0.590,    0.390,    0.000,
    0.430,    0.370,    0.430,    0.000,
    0.740,    0.540,    0.720,    0.000,
    0.490,    0.610,    0.500,    0.000,
    0.400,    0.530,    0.410,    0.000,
    0.350,    0.320,    0.340,    0.000,
   -0.550,   -4.920,   -0.880,    0.000,
   -0.360,   -1.670,   -0.460,    0.000,
   -0.470,   -0.470,   -0.470,    0.000,
    0.590,   -0.540,    0.500,    0.000,
    0.180,   -0.200,    0.150,    0.000,
   -0.230,   -0.060,   -0.210,    0.000,
    0.050,   -0.080,    0.040,    0.000,
    0.170,    0.100,    0.170,    0.000,
    0.210,    0.180,    0.210,    0.000,
    0.240,    0.240,    0.240,    0.000,
   -0.150,   -0.090,   -0.150,    0.000,
   -0.640,   -0.420,   -0.630,    0.000,
   -0.560,   -0.400,   -0.550,    0.000,
   -1.260,   -0.680,   -1.220,    0.000,
   -2.410,   -0.020,   -2.230,    0.000,
   -3.070,    0.270,   -2.820,    0.000,
   -4.750,    0.430,   -4.360,    0.000,
   -4.590,   -0.100,   -4.250,    0.000,
   -3.490,   -1.090,   -3.310,    0.000,
   -3.720,   -0.730,   -3.500,    0.000,
   -4.580,   -0.110,   -4.240,    0.000,
   -5.280,   -0.170,   -4.890,    0.000,
   -5.990,    0.570,   -5.500,    0.000,
   -6.090,    0.050,   -5.630,    0.000,
   -7.850,    0.970,   -7.190,    0.000,
   -8.220,    1.250,   -7.510,    0.000,
   -9.530,    1.390,   -8.710,    0.000,
   -8.960,    0.220,   -8.270,    0.000,
   -8.560,    0.050,   -7.920,    0.000,
   -6.800,   -1.320,   -6.390,    0.000,
   -4.790,   -1.670,   -4.560,    0.000,
   -1.800,   -1.570,   -1.790,    0.000,
   -1.150,   -1.270,   -1.160,    0.000,
   -0.550,   -0.630,   -0.550,    0.000,
   -0.290,   -0.350,   -0.300,    0.000,
   -0.080,   -0.130,   -0.090,    0.000,
    0.000,   -0.020,    0.000,    0.000,
    0.000,   -0.010,    0.000,    0.000,
    0.020,    0.000,    0.020,    0.000,
    0.020,    0.000,    0.020,    0.000,
    0.020,    0.000,    0.020,    0.000,
    0.020,    0.000,    0.020,    0.000,
    0.020,    0.000,    0.020,    0.000,
    0.020,    0.000,    0.020,    0.000,
    0.020,    0.000,    0.020,    0.000,
    0.020,    0.000,    0.020,    0.000,
    0.020,    0.000,    0.020,    0.000,
    0.020,    0.000,    0.020,    0.000,
   -0.080,   -0.110,   -0.090,    0.000,
   -0.150,   -0.150,   -0.150,    0.000,
   -0.460,   -0.150,   -0.440,    0.000,
   -1.090,   -0.090,   -1.020,    0.000,
   -2.070,   -0.460,   -1.950,    0.000,
   -1.990,   -0.430,   -1.870,    0.000,
   -2.920,   -0.230,   -2.720,    0.000,
   -3.800,    0.100,   -3.510,    0.000,
   -4.000,   -0.100,   -3.700,    0.000,
   -3.360,   -1.100,   -3.190,    0.000,
   -3.260,   -1.200,   -3.110,    0.000,
   -3.380,   -0.450,   -3.160,    0.000,
   -3.090,   -0.860,   -2.920,    0.000,
   -3.640,   -0.510,   -3.410,    0.000,
   -4.180,    0.400,   -3.840,    0.000,
   -3.750,   -0.160,   -3.480,    0.000,
   -4.680,   -0.270,   -4.350,    0.000,
   -4.720,   -0.050,   -4.370,    0.000,
   -5.220,    0.120,   -4.820,    0.000,
   -5.090,   -0.320,   -4.730,    0.000,
   -5.250,   -0.600,   -4.900,    0.000,
   -5.300,    0.010,   -4.900,    0.000,
   -4.150,   -0.360,   -3.860,    0.000,
   -2.790,   -1.100,   -2.670,    0.000,
   -1.990,   -1.050,   -1.920,    0.000,
   -1.560,   -0.750,   -1.500,    0.000,
   -0.740,   -0.510,   -0.720,    0.000,
   -0.120,   -0.300,   -0.130,    0.000,
   -0.030,   -0.130,   -0.030,    0.000,
    0.080,    0.000,    0.080,    0.000,
    0.240,    0.140,    0.230,    0.000,
    0.160,    0.170,    0.160,    0.000,
    0.060,    0.060,    0.060,    0.000,
    0.020,    0.010,    0.020,    0.000,
    0.020,    0.000,    0.020,    0.000,
    0.020,    0.000,    0.020,    0.000,
    0.020,    0.000,    0.020,    0.000,
    0.020,    0.000,    0.020,    0.000,
    0.020,    0.000,    0.020,    0.000,
    0.020,    0.000,    0.020,    0.000,
    0.300,    0.230,    0.300,    0.000,
    0.230,    0.310,    0.240,    0.000,
    0.540,    0.380,    0.530,    0.000,
    0.580,    0.210,    0.560,    0.000,
    1.200,    0.010,    1.110,    0.000,
    1.330,    0.390,    1.260,    0.000,
    1.600,    0.140,    1.490,    0.000,
    2.100,    0.110,    1.950,    0.000,
    1.380,    0.680,    1.330,    0.000,
    1.730,    0.470,    1.640,    0.000,
    0.890,    0.860,    0.890,    0.000,
   -0.230,    1.770,   -0.080,    0.000,
    1.350,   -0.310,    1.220,    0.000,
    1.640,   -0.230,    1.500,    0.000,
    1.920,    0.510,    1.810,    0.000,
    0.990,    0.580,    0.960,    0.000,
    1.010,    0.540,    0.980,    0.000,
    0.590,    0.810,    0.600,    0.000,
    0.040,    1.210,    0.130,    0.000,
    0.240,    0.590,    0.260,    0.000,
    0.320,    0.300,    0.320,    0.000,
    0.540,    0.180,    0.520,    0.000,
    0.570,    0.440,    0.560,    0.000,
   -0.920,  -11.820,   -1.740,    0.000,
   -2.120,   -9.860,   -2.700,    0.000,
   -2.800,   -3.210,   -2.830,    0.000,
   -2.700,   -0.510,   -2.530,    0.000,
   -2.180,   -0.270,   -2.030,    0.000,
   -2.190,    0.140,   -2.010,    0.000,
   -1.050,   -0.650,   -1.020,    0.000,
   -0.610,   -0.610,   -0.610,    0.000,
   -0.110,   -0.190,   -0.120,    0.000,
   -0.090,   -0.150,   -0.090,    0.000,
   -0.060,   -0.110,   -0.070,    0.000,
   -0.010,   -0.010,   -0.010,    0.000,
   -0.210,   -0.190,   -0.200,    0.000,
   -0.310,   -0.360,   -0.310,    0.000,
   -0.460,   -0.510,   -0.470,    0.000,
   -0.500,   -0.720,   -0.510,    0.000,
   -0.580,   -0.620,   -0.590,    0.000,
   -0.570,   -0.650,   -0.580,    0.000,
   -0.410,   -0.760,   -0.430,    0.000,
    0.060,   -1.160,   -0.020,    0.000,
   -0.160,   -0.440,   -0.180,    0.000,
   -0.270,   -0.970,   -0.320,    0.000,
    0.090,   -0.440,    0.050,    0.000,
   -0.590,   -0.320,   -0.570,    0.000,
   -0.670,   -0.290,   -0.650,    0.000,
   -1.480,   -0.070,   -1.370,    0.000,
   -1.780,    0.030,   -1.640,    0.000,
   -1.960,   -0.170,   -1.820,    0.000,
   -2.080,   -0.610,   -1.970,    0.000,
   -1.560,   -1.030,   -1.520,    0.000,
   -1.990,   -0.440,   -1.870,    0.000,
   -1.910,   -0.720,   -1.820,    0.000,
   -2.450,   -0.790,   -2.320,    0.000,
   -1.890,   -0.790,   -1.800,    0.000,
   -1.600,   -0.840,   -1.540,    0.000,
   -2.020,    0.210,   -1.860,    0.000,
   -2.750,    0.120,   -2.530,    0.000,
   -2.110,   -0.310,   -1.970,    0.000,
   -3.380,    0.940,   -3.060,    0.000,
   -1.650,   -0.970,   -1.600,    0.000,
   -1.670,   -0.320,   -1.570,    0.000,
   -1.660,   -0.340,   -1.560,    0.000,
   -0.860,   -0.600,   -0.840,    0.000,
   -0.780,   -0.320,   -0.750,    0.000,
   -0.420,   -0.220,   -0.400,    0.000,
    0.180,    0.130,    0.180,    0.000,
    0.340,    0.270,    0.330,    0.000,
    0.090,    0.140,    0.100,    0.000,
   -0.150,   -0.110,   -0.140,    0.000,
    0.020,   -0.040,    0.010,    0.000,
    0.000,   -0.040,    0.000,    0.000,
    0.020,    0.020,    0.020,    0.000,
   -0.020,    0.240,    0.000,    0.000,
   -0.460,    0.970,   -0.350,    0.000,
   -2.010,    1.340,   -1.760,    0.000,
   -2.430,    1.590,   -2.130,    0.000,
   -2.270,    0.580,   -2.060,    0.000,
   -1.250,   -0.090,   -1.170,    0.000,
    0.090,   -0.880,    0.010,    0.000,
    0.640,    0.100,    0.600,    0.000,
   -0.390,    0.990,   -0.290,    0.000,
   -0.450,    1.450,   -0.310,    0.000,
    0.980,   -0.100,    0.900,    0.000,
    0.990,   -0.140,    0.900,    0.000,
    0.480,    0.950,    0.520,    0.000,
    1.060,    0.250,    1.000,    0.000,
    0.490,    0.470,    0.480,    0.000,
    1.040,    0.370,    0.990,    0.000,
    0.810,    0.620,    0.800,    0.000,
    0.870,    0.520,    0.840,    0.000,
    0.530,    0.520,    0.530,    0.000,
    0.850,    0.020,    0.790,    0.000,
    0.700,   -5.870,    0.210,    0.000,
    0.470,   -2.480,    0.250,    0.000,
    0.690,   -0.240,    0.620,    0.000,
    0.960,   -0.100,    0.880,    0.000,
    1.150,   -0.080,    1.060,    0.000,
    0.720,    0.000,    0.670,    0.000,
    0.620,    0.040,    0.580,    0.000,
    0.190,    0.160,    0.190,    0.000,
   -0.200,   -0.090,   -0.190,    0.000,
   -0.160,   -0.220,   -0.170,    0.000,
   -0.110,   -0.210,   -0.110,    0.000,
   -0.540,   -0.380,   -0.530,    0.000,
   -1.320,   -0.040,   -1.220,    0.000,
   -1.920,   -0.130,   -1.790,    0.000,
   -1.870,   -0.530,   -1.770,    0.000,
   -2.250,   -0.420,   -2.110,    0.000,
   -2.830,   -0.220,   -2.640,    0.000,
   -3.380,   -0.280,   -3.150,    0.000,
   -4.830,    0.320,   -4.440,    0.000,
   -6.510,    0.940,   -5.950,    0.000,
   -7.830,    1.030,   -7.170,    0.000,
   -8.170,    0.730,   -7.500,    0.000,
   -8.830,    0.220,   -8.150,    0.000,
   -9.570,    0.420,   -8.820,    0.000,
  -10.720,    0.890,   -9.850,    0.000,
  -11.350,    0.860,  -10.430,    0.000,
  -13.080,    0.600,  -12.050,    0.000,
  -13.100,    0.160,  -12.110,    0.000,
  -13.370,    0.220,  -12.350,    0.000,
  -14.100,    0.140,  -13.030,    0.000,
  -12.530,   -0.910,  -11.660,    0.000,
   -9.740,  -10.290,   -9.780,    0.000,
   -6.980,   -6.820,   -6.970,    0.000,
   -2.540,   -3.240,   -2.600,    0.000,
   -0.710,   -1.040,   -0.740,    0.000,
   -0.090,   -0.230,   -0.100,    0.000,
    0.160,    0.010,    0.150,    0.000,
    0.090,    0.080,    0.090,    0.000,
    0.040,    0.010,    0.030,    0.000,
    0.020,    0.000,    0.020,    0.000,
    0.020,    0.000,    0.020,    0.000,
    0.020,    0.000,    0.020,    0.000,
    0.030,    0.000,    0.020,    0.000,
    0.020,    0.000,    0.020,    0.000,
    0.030,    0.000,    0.020,    0.000,
    0.020,    0.000,    0.020,    0.000,
    0.020,    0.000,    0.020,    0.000,
    0.020,    0.000,    0.020,    0.000,
    0.020,    0.000,    0.020,    0.000,
    0.020,    0.000,    0.020,    0.000,
    0.020,    0.000,    0.020,    0.000,
    0.020,    0.000,    0.020,    0.000,
    0.020,    0.000,    0.020,    0.000,
    0.020,    0.000,    0.020,    0.000,
    0.020,    0.000,    0.020,    0.000,
    0.020,    0.000,    0.020,    0.000,
    0.020,    0.000,    0.020,    0.000,
    0.020,    0.000,    0.020,    0.000,
    0.020,    0.000,    0.020,    0.000,
    0.020,    0.000,    0.020,    0.000,
    0.020,    0.000,    0.020,    0.000,
    0.020,    0.000,    0.020,    0.000,
    0.000,   -0.020,    0.000,    0.000,
    0.090,    0.010,    0.090,    0.000,
    0.170,    0.060,    0.160,    0.000,
   -0.610,    0.530,   -0.530,    0.000,
   -2.010,    1.040,   -1.780,    0.000,
   -1.660,    0.510,   -1.500,    0.000,
   -0.980,   -0.310,   -0.930,    0.000,
   -1.240,   -0.390,   -1.170,    0.000,
   -0.020,   -0.810,   -0.080,    0.000,
    0.760,   -1.020,    0.630,    0.000,
    0.270,    0.110,    0.250,    0.000,
    0.690,   -0.050,    0.640,    0.000,
   -0.160,    0.370,   -0.120,    0.000,
   -1.350,    0.620,   -1.200,    0.000,
   -1.500,    0.220,   -1.370,    0.000,
   -2.330,    0.590,   -2.110,    0.000,
   -2.880,    0.040,   -2.660,    0.000,
   -1.900,   -0.480,   -1.800,    0.000,
   -1.680,   -0.440,   -1.590,    0.000,
   -0.540,   -0.920,   -0.570,    0.000,
   -1.030,    0.160,   -0.940,    0.000,
   -2.240,    0.810,   -2.010,    0.000,
   -2.510,    0.240,   -2.310,    0.000,
   -3.290,    0.260,   -3.020,    0.000,
   -5.970,    1.420,   -5.410,    0.000,
   -7.910,    1.100,   -7.240,    0.000,
   -9.650,    1.740,   -8.800,    0.000,
  -10.690,    0.830,   -9.830,    0.000,
   -6.870,   -2.590,   -6.550,    0.000,
   -3.910,   -3.580,   -3.890,    0.000,
   -2.310,   -2.440,   -2.320,    0.000,
   -0.740,   -1.130,   -0.770,    0.000,
    0.120,   -0.330,    0.080,    0.000,
    0.120,   -0.020,    0.110,    0.000,
    0.390,    0.100,    0.370,    0.000,
    0.380,    0.280,    0.370,    0.000,
    0.050,    0.190,    0.060,    0.000,
    0.020,   -0.020,    0.010,    0.000,
    0.260,    0.120,    0.250,    0.000,
    0.150,    0.140,    0.150,    0.000,
    0.010,    0.030,    0.010,    0.000,
    0.040,    0.000,    0.040,    0.000,
    0.010,    0.000,    0.010,    0.000,
    0.020,    0.000,    0.020,    0.000,
    0.030,    0.010,    0.030,    0.000,
   -0.130,    0.110,   -0.110,    0.000,
   -0.320,   -0.050,   -0.300,    0.000,
   -2.550,    1.210,   -2.270,    0.000,
   -3.090,    0.770,   -2.800,    0.000,
   -2.610,   -0.010,   -2.420,    0.000,
   -0.510,   -0.520,   -0.510,    0.000,
    0.840,   -1.180,    0.690,    0.000,
    2.120,   -0.830,    1.900,    0.000,
    3.650,   -1.470,    3.260,    0.000,
    4.420,   -0.540,    4.050,    0.000,
    4.580,   -0.340,    4.210,    0.000,
    5.010,   -0.460,    4.600,    0.000,
    5.610,   -0.630,    5.140,    0.000,
    2.670,    1.750,    2.600,    0.000,
    1.740,    0.930,    1.680,    0.000,
    1.640,    0.390,    1.550,    0.000,
    0.370,    0.480,    0.380,    0.000,
   -0.260,    0.690,   -0.190,    0.000,
    0.920,   -0.770,    0.800,    0.000,
    0.930,   -0.280,    0.830,    0.000,
    1.730,   -0.600,    1.560,    0.000,
    0.280,    0.780,    0.320,    0.000,
    0.890,    0.100,    0.830,    0.000,
    0.310,    0.150,    0.300,    0.000,
    1.150,    0.060,    1.070,    0.000,
    0.840,    0.300,    0.800,    0.000,
    0.430,    0.120,    0.400,    0.000,
    0.270,    0.220,    0.260,    0.000,
    0.780,    0.390,    0.760,    0.000,
    0.280,   -1.640,    0.130,    0.000,
    0.310,   -0.270,    0.270,    0.000,
    0.680,    0.000,    0.630,    0.000,
    0.690,    0.110,    0.640,    0.000,
    0.800,    0.270,    0.760,    0.000,
    0.450,    0.190,    0.430,    0.000,
    0.140,    0.010,    0.130,    0.000,
    0.020,    0.500,    0.060,    0.000,
   -1.300,    0.740,   -1.140,    0.000,
   -2.740,    1.500,   -2.420,    0.000,
   -4.750,    1.440,   -4.280,    0.000,
   -6.670,    1.480,   -6.050,    0.000,
   -5.950,   -0.390,   -5.530,    0.000,
   -4.730,   -1.270,   -4.470,    0.000,
   -3.330,   -1.240,   -3.170,    0.000,
   -2.740,   -0.580,   -2.580,    0.000,
   -1.940,   -0.840,   -1.860,    0.000,
   -1.070,   -0.750,   -1.040,    0.000,
   -1.320,   -0.220,   -1.240,    0.000,
   -0.460,   -0.970,   -0.500,    0.000,
    0.640,   -0.590,    0.540,    0.000,
    0.900,   -0.340,    0.810,    0.000,
    0.490,    0.500,    0.490,    0.000,
   -0.170,    0.510,   -0.120,    0.000,
   -0.250,   -0.510,   -0.270,    0.000,
   -0.310,   -0.200,   -0.300,    0.000,
    1.040,   -0.810,    0.900,    0.000,
    0.740,   -0.390,    0.650,    0.000,
    0.960,   -0.400,    0.860,    0.000,
    1.850,   -0.550,    1.670,    0.000,
    2.340,   -0.750,    2.100,    0.000,
    3.740,   -0.990,    3.380,    0.000,
    3.780,   -1.020,    3.420,    0.000,
    3.180,   -0.070,    2.940,    0.000,
    0.940,    1.170,    0.960,    0.000,
   -1.840,  -11.070,   -2.540,    0.000,
   -5.050,   -8.440,   -5.310,    0.000,
   -5.200,   -4.380,   -5.140,    0.000,
   -4.210,   -1.530,   -4.010,    0.000,
   -2.600,   -1.240,   -2.500,    0.000,
   -1.690,   -0.700,   -1.620,    0.000,
   -0.880,   -0.750,   -0.870,    0.000,
   -0.370,   -0.260,   -0.360,    0.000,
   -0.160,   -0.280,   -0.170,    0.000,
    0.010,   -0.060,    0.000,    0.000,
    0.040,    0.040,    0.040,    0.000,
    0.050,    0.020,    0.040,    0.000,
    0.290,   -0.420,    0.240,    0.000,
    1.960,   -0.950,    1.750,    0.000,
    2.890,   -0.400,    2.640,    0.000,
    4.980,   -0.990,    4.530,    0.000,
    4.800,    0.400,    4.470,    0.000,
    5.090,   -0.270,    4.690,    0.000,
    4.610,    0.260,    4.280,    0.000,
    1.560,    2.210,    1.610,    0.000,
   -0.460,    2.100,   -0.270,    0.000,
   -1.340,    0.960,   -1.170,    0.000,
   -1.580,    0.000,   -1.460,    0.000,
   -1.480,    0.320,   -1.350,    0.000,
   -1.410,   -0.040,   -1.310,    0.000,
   -1.030,   -0.490,   -0.990,    0.000,
   -1.680,    0.450,   -1.520,    0.000,
   -3.030,    1.090,   -2.720,    0.000,
   -3.570,    0.840,   -3.240,    0.000,
   -4.210,    1.110,   -3.810,    0.000,
   -4.710,    0.630,   -4.310,    0.000,
   -5.570,    0.920,   -5.080,    0.000,
   -5.620,    0.430,   -5.160,    0.000,
   -6.500,    0.420,   -5.980,    0.000,
   -6.490,    0.450,   -5.970,    0.000,
   -7.390,    0.970,   -6.770,    0.000,
   -8.150,    0.930,   -7.470,    0.000,
   -9.230,    0.910,   -8.470,    0.000,
   -9.190,    0.540,   -8.460,    0.000,
  -10.000,    1.060,   -9.170,    0.000,
   -8.140,   -0.220,   -7.550,    0.000,
   -5.340,   -4.310,   -5.260,    0.000,
   -2.070,   -2.450,   -2.100,    0.000,
   -0.620,   -0.850,   -0.640,    0.000,
    0.140,   -0.020,    0.120,    0.000,
    0.060,    0.050,    0.060,    0.000,
    0.020,    0.000,    0.020,    0.000,
    0.020,    0.000,    0.020,    0.000,
    0.020,    0.000,    0.020,    0.000,
    0.020,    0.000,    0.020,    0.000,
    0.020,    0.000,    0.020,    0.000,
    0.020,    0.000,    0.020,    0.000,
    0.000,   -0.050,    0.000,    0.000,
    0.040,   -0.010,    0.040,    0.000,
    0.030,    0.000,    0.020,    0.000,
    0.060,    0.000,    0.060,    0.000,
    0.170,    0.200,    0.170,    0.000,
    0.100,    0.130,    0.100,    0.000,
    0.110,    0.040,    0.100,    0.000,
   -2.350,    0.610,   -2.120,    0.000,
   -3.500,    0.890,   -3.170,    0.000,
   -4.300,    1.100,   -3.890,    0.000,
   -5.560,    0.890,   -5.070,    0.000,
   -5.270,    0.230,   -4.850,    0.000,
   -5.580,    0.260,   -5.140,    0.000,
   -7.290,    1.190,   -6.650,    0.000,
   -7.570,    0.610,   -6.960,    0.000,
   -8.840,    1.080,   -8.100,    0.000,
   -8.870,    0.380,   -8.170,    0.000,
   -9.100,    0.260,   -8.400,    0.000,
   -8.980,    0.540,   -8.260,    0.000,
   -9.400,    0.570,   -8.650,    0.000,
  -10.550,    0.940,   -9.680,    0.000,
  -10.370,    0.570,   -9.550,    0.000,
   -7.220,   -0.710,   -6.740,    0.000,
   -3.450,   -4.000,   -3.490,    0.000,
   -1.220,   -1.720,   -1.260,    0.000,
   -0.350,   -0.550,   -0.370,    0.000,
    0.160,    0.020,    0.150,    0.000,
    0.120,    0.100,    0.120,    0.000,
    0.030,    0.000,    0.020,    0.000,
    0.050,    0.020,    0.050,    0.000,
   -0.100,    0.150,   -0.080,    0.000,
   -0.600,    0.260,   -0.530,    0.000,
   -0.870,    0.310,   -0.790,    0.000,
   -1.740,    0.680,   -1.560,    0.000,
   -2.050,    0.340,   -1.870,    0.000,
   -1.750,    0.280,   -1.600,    0.000,
   -1.920,    0.290,   -1.760,    0.000,
   -1.710,    0.210,   -1.560,    0.000,
   -1.230,    0.360,   -1.110,    0.000,
   -1.250,    0.270,   -1.140,    0.000,
   -0.910,    0.210,   -0.830,    0.000,
   -0.900,    0.190,   -0.820,    0.000,
   -0.730,   -0.070,   -0.680,    0.000,
   -0.740,    0.010,   -0.680,    0.000,
   -1.740,    0.880,   -1.540,    0.000,
   -2.890,    1.140,   -2.590,    0.000,
   -3.560,    0.850,   -3.220,    0.000,
   -4.280,    0.810,   -3.900,    0.000,
   -4.190,    0.110,   -3.860,    0.000,
   -3.720,   -0.220,   -3.460,    0.000,
   -3.440,    0.560,   -3.140,    0.000,
   -4.180,    0.690,   -3.810,    0.000,
   -4.830,    0.530,   -4.430,    0.000,
   -3.580,   -0.390,   -3.340,    0.000,
   -0.670,   -1.140,   -0.710,    0.000,
   -1.590,    1.040,   -1.390,    0.000,
   -3.310,    1.080,   -2.980,    0.000,
   -4.690,    1.080,   -4.260,    0.000,
   -5.620,    1.190,   -5.100,    0.000,
   -6.630,    1.040,   -6.060,    0.000,
   -6.830,    0.620,   -6.270,    0.000,
   -7.110,    0.320,   -6.560,    0.000,
   -6.760,    0.000,   -6.260,    0.000,
   -6.990,    0.270,   -6.440,    0.000,
   -5.980,   -0.180,   -5.550,    0.000,
   -5.910,   -0.220,   -5.480,    0.000,
   -6.140,    0.420,   -5.650,    0.000,
   -5.270,    0.260,   -4.860,    0.000,
   -2.700,   -0.650,   -2.540,    0.000,
   -0.760,   -1.100,   -0.780,    0.000,
   -0.150,   -0.350,   -0.160,    0.000,
    0.150,    0.020,    0.140,    0.000,
    0.040,    0.060,    0.040,    0.000,
    0.000,    0.000,    0.000,    0.000,
    0.050,    0.000,    0.050,    0.000,
    0.000,    0.000,    0.000,    0.000,
    0.030,    0.000,    0.020,    0.000,
    0.170,    0.040,    0.160,    0.000,
    0.280,    0.320,    0.280,    0.000,
    0.810,   -0.630,    0.700,    0.000,
    1.380,   -0.870,    1.210,    0.000,
    0.540,   -0.220,    0.480,    0.000,
    0.030,   -0.220,    0.010,    0.000,
    0.140,   -0.050,    0.120,    0.000,
   -0.780,    0.340,   -0.700,    0.000,
   -0.940,    0.150,   -0.850,    0.000,
   -0.390,   -0.110,   -0.370,    0.000,
   -0.310,    0.240,   -0.270,    0.000,
   -0.490,    0.030,   -0.450,    0.000,
    0.620,   -0.800,    0.510,    0.000,
    1.260,   -0.540,    1.120,    0.000,
    2.930,   -1.010,    2.640,    0.000,
    4.800,   -1.380,    4.340,    0.000,
    4.740,   -0.160,    4.370,    0.000,
    3.370,    0.890,    3.190,    0.000,
    1.000,    1.860,    1.070,    0.000,
    0.430,    0.900,    0.460,    0.000,
    0.980,   -0.290,    0.890,    0.000,
    1.600,   -0.580,    1.430,    0.000,
    3.310,   -1.050,    2.990,    0.000,
    3.990,   -0.920,    3.620,    0.000,
    4.450,   -0.820,    4.050,    0.000,
    5.470,   -0.810,    4.990,    0.000,
    6.690,   -1.300,    6.090,    0.000,
    7.390,   -0.880,    6.770,    0.000,
    6.910,   -0.080,    6.390,    0.000,
    8.420,   -0.910,    7.720,    0.000,
    8.370,   -0.630,    7.690,    0.000,
    7.560,   -0.140,    6.980,    0.000,
    6.710,    0.080,    6.210,    0.000,
    0.860,   -0.490,    0.760,    0.000,
    0.040,    0.030,    0.040,    0.000,
    0.140,    0.160,    0.140,    0.000,
    0.170,    0.110,    0.160,    0.000,
    0.000,    0.050,    0.000,    0.000,
    0.030,   -0.010,    0.020,    0.000,
    0.040,    0.030,    0.040,    0.000,
    0.060,    0.030,    0.060,    0.000,
    0.030,    0.010,    0.030,    0.000,
   -0.070,   -0.180,   -0.080,    0.000,
   -0.680,    0.520,   -0.590,    0.000,
   -2.020,    0.770,   -1.810,    0.000,
   -2.600,    0.860,   -2.340,    0.000,
   -2.300,    0.510,   -2.090,    0.000,
   -1.900,    0.060,   -1.760,    0.000,
   -2.150,    0.330,   -1.970,    0.000,
   -2.630,    0.270,   -2.410,    0.000,
   -1.500,   -0.460,   -1.420,    0.000,
   -2.210,    0.340,   -2.020,    0.000,
   -1.960,    0.260,   -1.790,    0.000,
   -1.700,    0.180,   -1.560,    0.000,
   -2.730,    0.620,   -2.480,    0.000,
   -2.790,    0.240,   -2.560,    0.000,
   -1.850,   -0.230,   -1.720,    0.000,
   -1.900,   -0.030,   -1.760,    0.000,
   -0.900,   -0.130,   -0.840,    0.000,
   -1.430,    0.470,   -1.280,    0.000,
   -2.720,    1.030,   -2.440,    0.000,
   -3.250,    0.770,   -2.950,    0.000,
   -4.030,    0.690,   -3.680,    0.000,
   -4.210,    0.480,   -3.860,    0.000,
   -3.500,    0.330,   -3.210,    0.000,
   -3.140,    0.130,   -2.890,    0.000,
   -2.940,    0.000,   -2.720,    0.000,
   -2.060,   -0.170,   -1.920,    0.000,
   -2.120,    0.090,   -1.960,    0.000,
   -2.740,    0.510,   -2.490,    0.000,
   -2.590,    0.410,   -2.360,    0.000,
   -2.800,    0.180,   -2.580,    0.000,
   -1.410,   -0.470,   -1.340,    0.000,
   -0.400,   -0.430,   -0.400,    0.000,
   -0.430,   -0.260,   -0.410,    0.000,
   -0.260,   -0.320,   -0.260,    0.000,
    0.190,    0.090,    0.180,    0.000,
    0.270,    0.240,    0.270,    0.000,
    0.020,    0.050,    0.020,    0.000,
    0.060,    0.010,    0.050,    0.000,
    0.020,    0.010,    0.020,    0.000,
    0.020,    0.000,    0.020,    0.000,
    0.020,    0.000,    0.020,    0.000,
    0.020,    0.000,    0.020,    0.000,
    0.020,    0.010,    0.020,    0.000,
    0.040,    0.000,    0.030,    0.000,
    0.020,    0.000,    0.020,    0.000,
    0.020,    0.000,    0.020,    0.000,
    0.040,    0.090,    0.050,    0.000,
    0.040,    0.030,    0.040,    0.000,
    0.020,    0.000,    0.020,    0.000,
    0.020,    0.000,    0.020,    0.000,
    0.010,    0.000,    0.010,    0.000,
   -0.980,    0.880,   -0.840,    0.000,
   -0.700,    0.220,   -0.630,    0.000,
   -0.890,    0.850,   -0.760,    0.000,
   -0.720,    0.300,   -0.640,    0.000,
   -1.640,    0.700,   -1.470,    0.000,
   -1.950,    0.810,   -1.740,    0.000,
   -2.070,    0.340,   -1.890,    0.000,
   -1.790,    0.190,   -1.640,    0.000,
   -1.000,   -0.350,   -0.950,    0.000,
   -0.620,   -0.140,   -0.590,    0.000,
   -0.300,   -0.190,   -0.290,    0.000,
   -0.110,   -0.050,   -0.110,    0.000,
    0.350,    0.030,    0.330,    0.000,
    0.640,    0.290,    0.610,    0.000,
    0.900,    0.280,    0.850,    0.000,
    0.550,    0.420,    0.540,    0.000,
    0.650,    0.180,    0.610,    0.000,
    0.430,    0.230,    0.420,    0.000,
    0.300,    0.210,    0.290,    0.000,
   -0.080,    0.390,   -0.040,    0.000,
    0.020,    0.110,    0.020,    0.000,
    0.080,    0.090,    0.080,    0.000,
   -0.150,    0.290,   -0.110,    0.000,
    0.060,    0.160,    0.070,    0.000,
    0.420,    0.080,    0.400,    0.000,
    0.320,    0.110,    0.310,    0.000,
    0.280,    0.140,    0.270,    0.000,
    0.400,   -0.110,    0.360,    0.000,
    0.160,    0.030,    0.150,    0.000,
    0.030,    0.110,    0.030,    0.000,
   -0.120,    0.190,   -0.100,    0.000,
    0.070,    0.190,    0.070,    0.000,
   -0.030,    0.230,   -0.010,    0.000,
    0.400,   -0.140,    0.360,    0.000,
    0.320,   -0.180,    0.280,    0.000,
   -0.060,    0.010,   -0.060,    0.000,
    0.040,    0.000,    0.040,    0.000,
    0.040,    0.120,    0.050,    0.000,
    0.280,    0.010,    0.260,    0.000,
    0.200,    0.390,    0.210,    0.000,
    0.210,    0.120,    0.200,    0.000,
    0.080,    0.060,    0.080,    0.000,
    0.320,    0.040,    0.300,    0.000,
    0.050,   -0.040,    0.040,    0.000,
    0.080,    0.050,    0.070,    0.000,
    0.260,    0.100,    0.250,    0.000,
    0.180,    0.140,    0.180,    0.000,
    0.150,    0.350,    0.160,    0.000,
    0.190,    0.010,    0.180,    0.000,
    0.230,   -0.030,    0.210,    0.000,
    0.000,    0.080,    0.000,    0.000,
   -0.110,   -0.160,   -0.120,    0.000,
    0.200,   -0.120,    0.180,    0.000,
   -0.040,    0.210,   -0.020,    0.000,
    0.040,    0.270,    0.050,    0.000,
    0.140,    0.180,    0.150,    0.000,
    0.250,   -0.050,    0.230,    0.000,
    0.250,   -0.100,    0.220,    0.000,
    0.210,   -0.130,    0.190,    0.000,
    0.190,    0.180,    0.190,    0.000,
    0.410,    0.320,    0.410,    0.000,
    0.330,    0.170,    0.320,    0.000,
    0.220,    0.180,    0.220,    0.000,
    0.210,    0.190,    0.200,    0.000,
    0.200,    0.180,    0.200,    0.000,
    0.290,    0.260,    0.280,    0.000,
    0.000,    0.040,    0.000,    0.000,
   -0.080,   -0.040,   -0.080,    0.000,
    0.000,   -0.040,    0.000,    0.000,
    0.040,    0.000,    0.030,    0.000,
    0.020,    0.000,    0.020,    0.000,
    0.060,    0.050,    0.060,    0.000,
    0.220,   -0.050,    0.200,    0.000,
    0.300,   -0.240,    0.260,    0.000,
   -0.120,    0.030,   -0.110,    0.000,
    0.000,    0.140,    0.010,    0.000,
    0.060,   -0.150,    0.040,    0.000,
    0.080,   -0.020,    0.070,    0.000,
   -0.190,    0.000,   -0.180,    0.000,
    0.110,   -0.300,    0.080,    0.000,
   -0.010,   -0.180,   -0.020,    0.000,
    0.100,    0.010,    0.090,    0.000,
   -0.020,    0.150,   -0.010,    0.000,
    0.080,    0.050,    0.080,    0.000,
    0.070,    0.150,    0.070,    0.000,
   -0.040,    0.180,   -0.030,    0.000,
   -0.180,   -0.090,   -0.180,    0.000,
   -0.250,   -0.260,   -0.260,    0.000,
   -0.450,   -0.220,   -0.430,    0.000,
   -0.380,   -0.360,   -0.380,    0.000,
   -0.080,   -0.340,   -0.100,    0.000,
   -0.290,   -0.330,   -0.290,    0.000,
   -0.060,   -0.350,   -0.090,    0.000,
    0.120,   -0.270,    0.090,    0.000,
   -0.310,    0.070,   -0.280,    0.000,
   -0.190,    0.020,   -0.180,    0.000,
    0.100,   -0.040,    0.090,    0.000,
   -0.160,    0.030,   -0.150,    0.000,
   -0.230,    0.250,   -0.200,    0.000,
   -0.140,    0.080,   -0.120,    0.000,
    0.110,   -0.120,    0.090,    0.000,
    0.010,   -0.070,    0.000,    0.000,
    0.140,   -0.190,    0.110,    0.000,
   -0.240,   -0.140,   -0.230,    0.000,
   -0.230,   -0.180,   -0.220,    0.000,
   -0.090,   -0.130,   -0.090,    0.000,
   -0.010,   -0.070,   -0.010,    0.000,
   -0.250,    0.040,   -0.230,    0.000,
    0.030,   -0.150,    0.020,    0.000,
   -0.300,    0.130,   -0.270,    0.000,
    0.080,   -0.080,    0.070,    0.000,
    0.030,   -0.140,    0.020,    0.000,
   -0.100,   -0.050,   -0.090,    0.000,
    0.050,   -0.080,    0.040,    0.000,
   -0.100,   -0.140,   -0.100,    0.000,
   -0.360,    0.040,   -0.330,    0.000,
   -0.140,   -0.060,   -0.140,    0.000,
   -0.250,   -0.020,   -0.230,    0.000,
    0.030,   -0.070,    0.020,    0.000,
   -0.020,   -0.060,   -0.020,    0.000,
   -0.340,    0.120,   -0.310,    0.000,
   -0.150,   -0.130,   -0.150,    0.000,
   -0.260,   -0.150,   -0.250,    0.000,
   -0.560,   -0.060,   -0.520,    0.000,
   -0.260,   -0.270,   -0.260,    0.000,
   -0.280,   -0.050,   -0.270,    0.000,
    0.070,   -0.150,    0.050,    0.000,
    0.140,   -0.050,    0.120,    0.000,
   -0.560,    0.280,   -0.490,    0.000,
   -0.610,    0.160,   -0.550,    0.000,
   -0.900,    0.180,   -0.820,    0.000,
   -0.340,   -0.280,   -0.340,    0.000,
   -0.510,   -0.030,   -0.470,    0.000,
   -0.520,    0.050,   -0.480,    0.000,
   -0.300,   -0.030,   -0.280,    0.000,
   -0.160,    0.060,   -0.140,    0.000,
   -0.660,    0.290,   -0.590,    0.000,
   -0.130,   -0.230,   -0.130,    0.000,
   -0.340,   -0.340,   -0.340,    0.000,
    0.100,   -0.100,    0.090,    0.000,
   -0.110,    0.110,   -0.090,    0.000,
   -0.190,    0.280,   -0.150,    0.000,
   -0.150,    0.130,   -0.130,    0.000,
    0.030,   -0.130,    0.010,    0.000,
   -0.260,   -0.320,   -0.260,    0.000,
   -0.040,   -0.390,   -0.060,    0.000,
   -0.150,    0.160,   -0.130,    0.000,
   -0.530,    0.220,   -0.470,    0.000,
   -0.200,   -0.140,   -0.200,    0.000,
    0.130,   -0.270,    0.100,    0.000,
    0.070,   -0.290,    0.040,    0.000,
   -0.070,   -0.210,   -0.080,    0.000,
   -0.180,    0.000,   -0.170,    0.000,
   -0.080,    0.040,   -0.070,    0.000,
   -0.180,    0.160,   -0.150,    0.000,
   -0.160,    0.090,   -0.140,    0.000,
   -0.040,   -0.050,   -0.040,    0.000,
   -0.120,   -0.200,   -0.130,    0.000,
    0.070,   -0.040,    0.060,    0.000,
    0.090,   -0.030,    0.080,    0.000,
    0.050,    0.030,    0.050,    0.000,
    0.010,    0.040,    0.010,    0.000,
    0.080,    0.150,    0.090,    0.000,
    0.170,   -0.060,    0.150,    0.000,
    0.010,   -0.130,    0.000,    0.000,
    0.050,   -0.060,    0.040,    0.000,
   -0.050,    0.040,   -0.040,    0.000,
    0.000,   -0.080,    0.000,    0.000,
    0.210,   -0.080,    0.190,    0.000,
    0.360,    0.030,    0.340,    0.000,
    0.000,    0.150,    0.000,    0.000,
   -0.050,    0.000,   -0.040,    0.000,
   -0.170,   -0.010,   -0.160,    0.000,
   -0.130,   -0.040,   -0.130,    0.000,
    0.020,    0.000,    0.020,    0.000,
   -0.070,   -0.110,   -0.070,    0.000,
   -0.130,   -0.170,   -0.140,    0.000,
   -0.120,   -0.240,   -0.130,    0.000,
   -0.220,   -0.250,   -0.220,    0.000,
   -0.100,   -0.060,   -0.090,    0.000,
   -0.060,   -0.120,   -0.060,    0.000,
    0.080,    0.030,    0.070,    0.000,
    0.120,    0.070,    0.120,    0.000,
    0.080,    0.060,    0.070,    0.000,
    0.010,    0.000,    0.010,    0.000,
    0.030,    0.000,    0.020,    0.000,
    0.020,    0.000,    0.020,    0.000,
    0.020,    0.000,    0.020,    0.000,
    0.080,    0.150,    0.080,    0.000,
    0.720,    0.660,    0.720,    0.000,
    2.050,    1.830,    2.030,    0.000,
    3.120,    3.320,    3.130,    0.000,
    3.900,    4.040,    3.910,    0.000,
    4.560,    4.640,    4.560,    0.000,
    5.150,    5.350,    5.160,    0.000,
    5.920,    6.170,    5.940,    0.000,
    7.190,    7.430,    7.200,    0.000,
    8.520,    8.940,    8.550,    0.000,
    9.820,   10.460,    9.870,    0.000,
   11.040,   11.650,   11.080,    0.000,
   11.570,   12.190,   11.620,    0.000,
   11.890,   12.530,   11.940,    0.000,
   12.190,   12.890,   12.240,    0.000,
   12.380,   13.030,   12.430,    0.000,
   12.450,   13.070,   12.500,    0.000,
   12.280,   13.030,   12.330,    0.000,
   12.600,   13.200,   12.640,    0.000,
   12.700,   13.260,   12.750,    0.000,
   12.460,   13.280,   12.520,    0.000,
   12.480,   13.200,   12.530,    0.000,
   12.540,   13.220,   12.590,    0.000,
   12.760,   13.200,   12.790,    0.000,
   12.700,   13.360,   12.750,    0.000,
   12.590,   13.170,   12.630,    0.000,
   12.570,   13.240,   12.620,    0.000,
   12.620,   13.290,   12.670,    0.000,
   12.520,   13.310,   12.580,    0.000,
   12.510,   13.180,   12.560,    0.000,
   12.580,   13.210,   12.620,    0.000,
   12.510,   13.300,   12.570,    0.000,
   12.530,   13.290,   12.590,    0.000,
   12.610,   13.170,   12.650,    0.000,
   12.430,   13.210,   12.480,    0.000,
   12.850,   13.250,   12.880,    0.000,
   12.640,   13.390,   12.700,    0.000,
   12.530,   13.270,   12.580,    0.000,
   12.410,   13.140,   12.460,    0.000,
   12.340,   12.690,   12.360,    0.000,
   11.290,   11.840,   11.330,    0.000,
    9.820,   10.240,    9.850,    0.000,
    7.330,    7.360,    7.330,    0.000,
    4.200,    4.610,    4.230,    0.000,
    2.410,    2.690,    2.430,    0.000,
    0.710,    0.990,    0.730,    0.000,
    0.100,    0.150,    0.110,    0.000,
   -0.060,   -0.040,   -0.060,    0.000,
   -0.010,   -0.040,   -0.010,    0.000,
    0.030,    0.000,    0.030,    0.000,
    1.300,    1.090,    1.280,    0.000,
    3.650,    3.660,    3.650,    0.000,
    5.070,    5.170,    5.070,    0.000,
    5.040,    5.380,    5.070,    0.000,
    1.270,    2.100,    1.330,    0.000,
    0.190,    0.340,    0.200,    0.000,
   -0.210,   -0.080,   -0.200,    0.000,
   -0.140,   -0.190,   -0.140,    0.000,
   -0.080,   -0.120,   -0.080,    0.000,
    0.010,   -0.020,    0.010,    0.000,
    0.020,    0.000,    0.020,    0.000,
    0.020,    0.000,    0.020,    0.000,
    0.020,    0.000,    0.020,    0.000,
   -0.010,   -0.010,   -0.010,    0.000,
    0.070,    0.010,    0.060,    0.000,
    0.130,    0.380,    0.150,    0.000,
    0.080,    0.240,    0.090,    0.000,
    0.320,    0.370,    0.330,    0.000,
    0.620,    0.340,    0.600,    0.000,
    0.290,    0.450,    0.300,    0.000,
    0.450,    0.450,    0.450,    0.000,
    0.570,    0.580,    0.570,    0.000,
    0.620,    0.430,    0.610,    0.000,
    0.460,    0.340,    0.450,    0.000,
    0.320,    0.420,    0.330,    0.000,
    0.390,    0.330,    0.390,    0.000,
    0.360,    0.470,    0.370,    0.000,
    0.630,    0.530,    0.630,    0.000,
    0.840,    0.920,    0.850,    0.000,
    1.190,    1.270,    1.200,    0.000,
    1.340,    1.470,    1.350,    0.000,
    1.430,    1.550,    1.440,    0.000,
    1.440,    1.480,    1.440,    0.000,
    1.250,    1.110,    1.240,    0.000,
    0.740,    0.800,    0.750,    0.000,
    0.560,    0.610,    0.570,    0.000,
    0.440,    0.490,    0.450,    0.000,
    0.500,    0.390,    0.490,    0.000,
    0.560,    0.490,    0.550,    0.000,
    0.530,    0.450,    0.530,    0.000,
    0.610,    0.350,    0.590,    0.000,
    0.220,    0.420,    0.230,    0.000,
    0.150,    0.430,    0.170,    0.000,
    0.290,    0.380,    0.290,    0.000,
    0.520,    0.390,    0.510,    0.000,
    0.470,    0.350,    0.470,    0.000,
    0.450,    0.380,    0.450,    0.000,
    0.390,    0.360,    0.390,    0.000,
   -0.300,   -0.470,   -0.320,    0.000,
   -0.790,   -0.910,   -0.790,    0.000,
   -1.190,   -1.330,   -1.200,    0.000,
   -1.230,   -1.620,   -1.260,    0.000,
   -1.440,   -1.760,   -1.470,    0.000,
   -1.410,   -1.620,   -1.420,    0.000,
   -1.310,   -1.360,   -1.320,    0.000,
   -1.160,   -1.450,   -1.190,    0.000,
   -1.260,   -1.370,   -1.270,    0.000,
   -1.130,   -1.370,   -1.150,    0.000,
   -1.250,   -1.240,   -1.250,    0.000,
   -1.040,   -1.170,   -1.050,    0.000,
   -1.100,   -1.080,   -1.100,    0.000,
   -0.620,   -0.600,   -0.620,    0.000,
   -0.210,   -0.310,   -0.220,    0.000,
   -0.220,   -0.180,   -0.220,    0.000,
   -0.130,   -0.070,   -0.130,    0.000,
    0.050,    0.040,    0.050,    0.000,
    0.180,    0.120,    0.170,    0.000,
    0.250,    0.200,    0.240,    0.000,
    0.230,    0.190,    0.220,    0.000,
    0.360,    0.270,    0.350,    0.000,
    0.490,    0.300,    0.470,    0.000,
    0.440,    0.260,    0.430,    0.000,
    0.470,    0.250,    0.460,    0.000,
    0.400,    0.310,    0.390,    0.000,
    0.570,    0.300,    0.550,    0.000,
    0.150,    0.300,    0.160,    0.000,
    0.340,    0.300,    0.340,    0.000,
    0.130,    0.350,    0.140,    0.000,
    0.420,    0.180,    0.400,    0.000,
    0.260,    0.350,    0.270,    0.000,
    0.350,    0.440,    0.350,    0.000,
    0.500,    0.380,    0.490,    0.000,
    0.520,    0.380,    0.510,    0.000,
    0.320,    0.320,    0.320,    0.000,
    0.140,   -0.020,    0.120,    0.000,
    0.120,    0.080,    0.120,    0.000,
    0.260,    0.220,    0.260,    0.000,
    0.260,    0.250,    0.260,    0.000,
    0.150,    0.140,    0.150,    0.000,
    0.090,    0.080,    0.090,    0.000,
    0.070,    0.050,    0.070,    0.000,
    0.050,    0.020,    0.040,    0.000,
    0.030,    0.010,    0.030,    0.000,
    0.130,    0.140,    0.130,    0.000,
    0.190,    0.180,    0.190,    0.000,
    0.170,    0.150,    0.170,    0.000,
    0.150,    0.130,    0.150,    0.000,
    0.160,    0.140,    0.160,    0.000,
   -0.130,   -0.100,   -0.130,    0.000,
   -0.350,   -0.350,   -0.350,    0.000,
   -0.540,   -0.550,   -0.540,    0.000,
   -0.730,   -0.780,   -0.730,    0.000,
   -0.300,   -0.550,   -0.320,    0.000,
   -0.320,   -0.340,   -0.320,    0.000,
   -0.420,   -0.460,   -0.430,    0.000,
   -0.430,   -0.540,   -0.440,    0.000,
   -0.270,   -0.360,   -0.280,    0.000,
   -0.350,   -0.380,   -0.350,    0.000,
   -0.150,   -0.210,   -0.160,    0.000,
   -0.180,   -0.210,   -0.180,    0.000,
   -0.030,   -0.100,   -0.030,    0.000,
    0.160,    0.120,    0.160,    0.000,
    0.070,    0.050,    0.060,    0.000,
    0.010,    0.000,    0.010,    0.000,
    0.010,    0.000,    0.010,    0.000,
    0.020,    0.000,    0.020,    0.000,
   -0.040,   -0.060,   -0.040,    0.000,
   -0.120,   -0.150,   -0.130,    0.000,
   -0.020,   -0.060,   -0.020,    0.000,
    0.030,    0.000,    0.020,    0.000,
    0.080,    0.050,    0.080,    0.000,
    0.110,    0.110,    0.110,    0.000,
    0.140,    0.120,    0.140,    0.000,
    0.110,    0.080,    0.110,    0.000,
    0.180,    0.160,    0.180,    0.000,
    0.290,    0.250,    0.290,    0.000,
    0.430,    0.410,    0.430,    0.000,
    0.240,    0.340,    0.250,    0.000,
    0.150,    0.130,    0.150,    0.000,
    0.260,    0.230,    0.260,    0.000,
    0.340,    0.300,    0.340,    0.000,
    0.470,    0.430,    0.470,    0.000,
    0.360,    0.440,    0.370,    0.000,
    0.210,    0.200,    0.210,    0.000,
    0.290,    0.260,    0.290,    0.000,
    0.470,    0.440,    0.470,    0.000,
    0.400,    0.450,    0.400,    0.000,
   -0.250,   -0.150,   -0.240,    0.000,
   -0.540,   -0.580,   -0.540,    0.000,
   -0.560,   -0.610,   -0.570,    0.000,
   -0.630,   -0.690,   -0.630,    0.000,
   -0.420,   -0.590,   -0.430,    0.000,
   -0.610,   -0.620,   -0.610,    0.000,
   -0.800,   -0.840,   -0.810,    0.000,
   -0.570,   -0.670,   -0.570,    0.000,
   -0.760,   -0.780,   -0.760,    0.000,
   -0.220,   -0.330,   -0.230,    0.000,
   -0.030,   -0.070,   -0.030,    0.000,
    0.040,    0.000,    0.040,    0.000,
    0.180,    0.140,    0.180,    0.000,
    0.200,    0.180,    0.200,    0.000,
    0.320,    0.290,    0.320,    0.000,
    0.330,    0.370,    0.340,    0.000,
    0.110,    0.130,    0.110,    0.000,
    0.170,    0.110,    0.160,    0.000,
    0.360,    0.330,    0.360,    0.000,
    0.380,    0.390,    0.380,    0.000,
    0.390,    0.370,    0.390,    0.000,
    0.400,    0.430,    0.400,    0.000,
    0.100,    0.150,    0.100,    0.000,
   -0.100,    0.000,   -0.090,    0.000,
    0.010,   -0.030,    0.000,    0.000,
    0.050,    0.000,    0.040,    0.000,
    0.010,    0.000,    0.010,    0.000,
    0.020,    0.000,    0.020,    0.000,
    0.020,    0.000,    0.020,    0.000,
