    0.020,    0.000,    0.000,    0.000,
    0.020,    0.000,    0.000,    0.000,
    0.020,    0.000,    0.000,    0.000,
    0.020,    0.000,    0.000,    0.000,
    0.020,    0.000,    0.000,    0.000,
    0.020,    0.000,    0.000,    0.000,
    0.020,    0.000,    0.000,    0.000,
    0.020,    0.000,    0.000,    0.000,
    0.020,    0.000,    0.000,    0.000,
    0.020,    0.000,    0.000,    0.000,
    0.020,    0.000,    0.000,    0.000,
    0.020,    0.000,    0.000,    0.000,
    0.020,    0.000,    0.000,    0.000,
    0.020,    0.000,    0.000,    0.000,
    0.020,    0.000,    0.000,    0.000,
    0.020,    0.000,    0.000,    0.000,
    0.020,    0.000,    0.000,    0.000,
   -0.070,   -0.100,   -0.100,    0.000,
   -0.170,   -0.190,   -0.190,    0.000,
   -0.100,   -0.140,   -0.140,    0.000,
   -0.080,   -0.110,   -0.110,    0.000,
   -0.080,   -0.110,   -0.110,    0.000,
   -0.010,   -0.060,   -0.060,    0.000,
   -0.040,   -0.070,   -0.060,    0.000,
   -0.070,   -0.100,   -0.100,    0.000,
   -0.090,   -0.110,   -0.110,    0.000,
   -0.110,   -0.150,   -0.150,    0.000,
   -0.100,   -0.140,   -0.140,    0.000,
   -0.060,   -0.100,   -0.090,    0.000,
   -0.070,   -0.110,   -0.110,    0.000,
   -0.080,   -0.100,   -0.100,    0.000,
   -0.080,   -0.110,   -0.110,    0.000,
   -0.150,   -0.170,   -0.170,    0.000,
   -0.200,   -0.210,   -0.210,    0.000,
   -0.200,   -0.220,   -0.220,    0.000,
   -0.230,   -0.250,   -0.250,    0.000,
   -0.140,   -0.190,   -0.190,    0.000,
   -0.080,   -0.130,   -0.130,    0.000,
   -0.110,   -0.140,   -0.140,    0.000,
   -0.140,   -0.160,   -0.160,    0.000,
   -0.230,   -0.240,   -0.240,    0.000,
   -0.350,   -0.370,   -0.370,    0.000,
   -0.530,   -0.580,   -0.580,    0.000,
   -0.370,   -0.450,   -0.450,    0.000,
   -0.590,   -0.580,   -0.580,    0.000,
   -0.380,   -0.510,   -0.510,    0.000,
   -0.370,   -0.390,   -0.390,    0.000,
   -0.230,   -0.340,   -0.330,    0.000,
   -0.090,   -0.030,   -0.030,    0.000,
   -0.300,   -0.320,   -0.320,    0.000,
   -0.040,   -0.170,   -0.170,    0.000,
   -0.060,   -0.050,   -0.050,    0.000,
   -0.140,   -0.200,   -0.200,    0.000,
    0.370,    0.240,    0.250,    0.000,
    0.550,    0.540,    0.540,    0.000,
    0.790,    0.770,    0.770,    0.000,
    0.560,    0.630,    0.630,    0.000,
    0.500,    0.580,    0.580,    0.000,
    0.700,    0.660,    0.660,    0.000,
    0.660,    0.810,    0.810,    0.000,
    0.610,    0.620,    0.620,    0.000,
    0.780,    0.750,    0.750,    0.000,
    0.630,    0.620,    0.620,    0.000,
    0.730,    0.750,    0.750,    0.000,
    0.480,    0.520,    0.520,    0.000,
    0.470,    0.460,    0.460,    0.000,
    0.430,    0.270,    0.280,    0.000,
    0.450,    0.230,    0.240,    0.000,
    0.390,    0.330,    0.330,    0.000,
    0.610,    0.530,    0.530,    0.000,
    0.180,    0.140,    0.140,    0.000,
    0.150,    0.000,    0.000,    0.000,
   -0.160,   -0.040,   -0.050,    0.000,
   -0.100,   -0.150,   -0.150,    0.000,
   -0.130,   -0.090,   -0.090,    0.000,
   -0.210,   -0.170,   -0.170,    0.000,
   -0.170,   -0.250,   -0.250,    0.000,
   -0.310,   -0.420,   -0.410,    0.000,
   -0.330,   -0.410,   -0.410,    0.000,
   -0.240,   -0.310,   -0.310,    0.000,
   -0.150,   -0.230,   -0.220,    0.000,
   -0.140,   -0.120,   -0.120,    0.000,
   -0.180,   -0.100,   -0.110,    0.000,
   -0.240,   -0.160,   -0.160,    0.000,
    0.020,    0.120,    0.120,    0.000,
    0.270,    0.200,    0.200,    0.000,
    0.320,    0.280,    0.290,    0.000,
    0.550,    0.400,    0.410,    0.000,
    0.610,    0.560,    0.570,    0.000,
    0.590,    0.670,    0.660,    0.000,
    0.710,    0.620,    0.620,    0.000,
    0.680,    0.770,    0.770,    0.000,
    0.600,    0.620,    0.620,    0.000,
    0.520,    0.570,    0.570,    0.000,
    0.590,    0.620,    0.620,    0.000,
    0.710,    0.730,    0.730,    0.000,
    0.690,    0.730,    0.730,    0.000,
    0.620,    0.670,    0.670,    0.000,
    0.250,    0.230,    0.230,    0.000,
   -0.050,   -0.090,   -0.090,    0.000,
   -0.280,   -0.270,   -0.270,    0.000,
   -0.270,   -0.280,   -0.280,    0.000,
   -0.270,   -0.340,   -0.330,    0.000,
    0.030,   -0.300,   -0.290,    0.000,
   -0.240,   -0.340,   -0.340,    0.000,
   -0.250,   -0.100,   -0.110,    0.000,
   -0.250,   -0.430,   -0.430,    0.000,
   -0.400,   -0.380,   -0.380,    0.000,
   -0.350,   -0.320,   -0.320,    0.000,
   -0.280,   -0.230,   -0.230,    0.000,
   -0.270,   -0.200,   -0.210,    0.000,
   -0.350,   -0.440,   -0.440,    0.000,
   -0.420,   -0.450,   -0.450,    0.000,
   -0.230,   -0.340,   -0.330,    0.000,
   -0.220,   -0.270,   -0.270,    0.000,
   -0.220,   -0.230,   -0.230,    0.000,
   -0.370,   -0.450,   -0.450,    0.000,
   -0.220,   -0.370,   -0.370,    0.000,
   -0.220,   -0.180,   -0.180,    0.000,
   -0.140,   -0.200,   -0.200,    0.000,
   -0.330,   -0.350,   -0.350,    0.000,
   -0.200,   -0.470,   -0.460,    0.000,
   -0.210,   -0.270,   -0.270,    0.000,
   -0.210,   -0.160,   -0.160,    0.000,
   -0.210,   -0.200,   -0.200,    0.000,
   -0.200,   -0.360,   -0.360,    0.000,
   -0.300,   -0.310,   -0.310,    0.000,
   -0.180,   -0.240,   -0.240,    0.000,
   -0.130,   -0.180,   -0.180,    0.000,
   -0.320,   -0.390,   -0.390,    0.000,
   -0.340,   -0.450,   -0.450,    0.000,
   -0.320,   -0.320,   -0.320,    0.000,
   -0.220,   -0.280,   -0.280,    0.000,
   -0.320,   -0.210,   -0.220,    0.000,
   -0.260,   -0.360,   -0.360,    0.000,
   -0.410,   -0.350,   -0.350,    0.000,
   -0.340,   -0.100,   -0.110,    0.000,
    0.010,   -0.020,   -0.020,    0.000,
    0.060,    0.030,    0.030,    0.000,
    0.070,    0.020,    0.020,    0.000,
    0.160,   -0.050,   -0.040,    0.000,
    0.030,   -0.320,   -0.310,    0.000,
   -0.010,    0.000,    0.000,    0.000,
   -0.060,   -0.080,   -0.070,    0.000,
    0.110,   -0.040,   -0.040,    0.000,
   -0.060,   -0.060,   -0.060,    0.000,
    0.030,    0.000,    0.000,    0.000,
    0.020,    0.000,    0.000,    0.000,
    0.010,    0.000,    0.000,    0.000,
    0.020,    0.000,    0.000,    0.000,
    0.020,    0.000,    0.000,    0.000,
    0.020,    0.000,    0.000,    0.000,
    0.020,    0.000,    0.000,    0.000,
    0.020,    0.000,    0.000,    0.000,
    0.140,    0.210,    0.210,    0.000,
    0.660,    0.580,    0.580,    0.000,
    1.640,    1.480,    1.480,    0.000,
    2.130,    2.270,    2.270,    0.000,
    2.480,    2.500,    2.500,    0.000,
    2.420,    2.590,    2.590,    0.000,
    2.470,    2.730,    2.720,    0.000,
    2.690,    2.840,    2.830,    0.000,
    2.680,    2.940,    2.940,    0.000,
    3.110,    3.270,    3.260,    0.000,
    4.170,    4.250,    4.250,    0.000,
    5.060,    5.290,    5.280,    0.000,
    5.410,    5.680,    5.670,    0.000,
    5.640,    5.910,    5.900,    0.000,
    5.570,    6.030,    6.010,    0.000,
    5.630,    5.980,    5.970,    0.000,
    5.500,    5.930,    5.910,    0.000,
    5.380,    5.880,    5.860,    0.000,
    5.440,    5.890,    5.880,    0.000,
    5.980,    6.190,    6.180,    0.000,
    6.350,    6.570,    6.570,    0.000,
    6.830,    7.180,    7.170,    0.000,
    7.520,    8.080,    8.060,    0.000,
    7.920,    8.590,    8.570,    0.000,
    8.410,    8.780,    8.770,    0.000,
    8.520,    8.810,    8.800,    0.000,
    8.520,    9.020,    9.000,    0.000,
    8.470,    9.170,    9.150,    0.000,
    8.540,    9.220,    9.200,    0.000,
    8.750,    9.220,    9.210,    0.000,
    8.980,    9.420,    9.410,    0.000,
    9.410,   10.010,    9.990,    0.000,
   10.020,   10.560,   10.540,    0.000,
   10.460,   11.130,   11.110,    0.000,
   11.170,   11.860,   11.840,    0.000,
   11.640,   12.700,   12.670,    0.000,
   12.540,   13.470,   13.440,    0.000,
   13.270,   14.020,   13.990,    0.000,
   13.610,   14.440,   14.420,    0.000,
   13.910,   14.410,   14.390,    0.000,
   13.800,   14.600,   14.570,    0.000,
   13.860,   14.990,   14.960,    0.000,
   14.050,   14.800,   14.780,    0.000,
   14.100,   14.770,   14.750,    0.000,
   14.190,   14.900,   14.880,    0.000,
   14.250,   14.980,   14.950,    0.000,
   14.180,   14.840,   14.820,    0.000,
   14.260,   14.900,   14.880,    0.000,
   14.140,   14.980,   14.960,    0.000,
   14.310,   15.040,   15.010,    0.000,
   14.340,   14.780,   14.770,    0.000,
   13.950,   14.970,   14.940,    0.000,
   14.280,   15.010,   14.990,    0.000,
   14.130,   14.810,   14.790,    0.000,
   14.120,   14.950,   14.920,    0.000,
   14.240,   15.040,   15.020,    0.000,
   14.050,   15.060,   15.030,    0.000,
   14.160,   14.770,   14.750,    0.000,
   14.120,   14.930,   14.910,    0.000,
   14.210,   15.060,   15.030,    0.000,
   14.170,   14.930,   14.910,    0.000,
   14.310,   14.940,   14.920,    0.000,
   14.070,   15.150,   15.110,    0.000,
   14.380,   14.960,   14.940,    0.000,
   14.070,   14.830,   14.810,    0.000,
   14.290,   14.960,   14.940,    0.000,
   14.310,   15.020,   15.000,    0.000,
   14.110,   14.920,   14.900,    0.000,
   14.270,   14.860,   14.840,    0.000,
   14.140,   15.080,   15.050,    0.000,
   14.300,   15.100,   15.080,    0.000,
   14.250,   14.840,   14.820,    0.000,
   14.140,   14.930,   14.910,    0.000,
   14.040,   15.140,   15.100,    0.000,
   14.360,   14.910,   14.900,    0.000,
   14.250,   14.960,   14.930,    0.000,
   14.170,   15.060,   15.030,    0.000,
   14.390,   15.110,   15.090,    0.000,
   14.080,   14.840,   14.810,    0.000,
   14.260,   14.920,   14.900,    0.000,
   14.140,   15.020,   14.990,    0.000,
   14.280,   15.040,   15.020,    0.000,
   14.140,   14.830,   14.810,    0.000,
   14.000,   15.070,   15.040,    0.000,
   14.080,   14.990,   14.960,    0.000,
   14.020,   14.760,   14.740,    0.000,
   14.150,   14.900,   14.880,    0.000,
   14.060,   15.010,   14.980,    0.000,
   14.240,   14.980,   14.960,    0.000,
   14.020,   14.820,   14.800,    0.000,
   14.250,   15.040,   15.020,    0.000,
   14.170,   15.060,   15.030,    0.000,
   14.380,   14.820,   14.810,    0.000,
   14.300,   14.870,   14.850,    0.000,
   14.080,   15.110,   15.080,    0.000,
   14.290,   14.990,   14.970,    0.000,
   14.140,   14.930,   14.910,    0.000,
   14.250,   15.050,   15.030,    0.000,
   14.280,   15.090,   15.060,    0.000,
   14.240,   14.890,   14.870,    0.000,
   14.180,   14.800,   14.780,    0.000,
   14.160,   15.020,   14.990,    0.000,
   14.240,   15.110,   15.080,    0.000,
   14.270,   14.780,   14.770,    0.000,
   13.970,   15.010,   14.980,    0.000,
   14.210,   15.050,   15.030,    0.000,
   14.260,   14.830,   14.810,    0.000,
   14.150,   14.880,   14.860,    0.000,
   14.270,   14.980,   14.960,    0.000,
   14.180,   15.030,   15.010,    0.000,
   14.220,   14.810,   14.800,    0.000,
   14.060,   14.930,   14.900,    0.000,
   14.190,   15.030,   15.010,    0.000,
   14.190,   14.950,   14.920,    0.000,
   14.220,   14.790,   14.770,    0.000,
   14.020,   15.140,   15.110,    0.000,
   14.140,   14.980,   14.960,    0.000,
   14.100,   14.850,   14.830,    0.000,
   14.140,   14.950,   14.930,    0.000,
   14.300,   14.990,   14.970,    0.000,
   14.210,   14.930,   14.910,    0.000,
   14.240,   14.820,   14.800,    0.000,
   14.200,   15.040,   15.020,    0.000,
   14.320,   15.100,   15.080,    0.000,
   14.320,   14.810,   14.800,    0.000,
   14.080,   15.030,   15.010,    0.000,
   14.100,   15.150,   15.120,    0.000,
   14.410,   14.900,   14.890,    0.000,
   14.240,   14.970,   14.950,    0.000,
   14.280,   15.120,   15.090,    0.000,
   14.310,   15.060,   15.040,    0.000,
   14.240,   14.880,   14.870,    0.000,
   14.140,   14.950,   14.930,    0.000,
   14.100,   15.080,   15.050,    0.000,
   14.230,   14.980,   14.950,    0.000,
   14.110,   14.780,   14.760,    0.000,
   14.020,   15.090,   15.060,    0.000,
   14.060,   14.930,   14.900,    0.000,
   14.190,   14.810,   14.790,    0.000,
   14.010,   14.980,   14.950,    0.000,
   14.360,   14.990,   14.970,    0.000,
   14.150,   14.920,   14.900,    0.000,
   14.210,   14.810,   14.790,    0.000,
   14.160,   15.030,   15.010,    0.000,
   14.220,   15.060,   15.030,    0.000,
   14.310,   14.840,   14.830,    0.000,
   14.160,   14.900,   14.870,    0.000,
   14.070,   15.130,   15.100,    0.000,
   14.390,   14.910,   14.890,    0.000,
   14.150,   14.850,   14.830,    0.000,
   14.150,   15.040,   15.020,    0.000,
   14.110,   15.060,   15.030,    0.000,
   14.220,   14.980,   14.960,    0.000,
   14.120,   14.870,   14.850,    0.000,
   14.220,   15.010,   14.980,    0.000,
   14.350,   15.020,   15.000,    0.000,
   14.380,   14.830,   14.820,    0.000,
   14.050,   15.110,   15.080,    0.000,
   14.210,   15.110,   15.080,    0.000,
   14.240,   14.850,   14.830,    0.000,
   14.170,   14.840,   14.820,    0.000,
   14.060,   14.850,   14.830,    0.000,
   14.040,   14.740,   14.720,    0.000,
   13.860,   14.630,   14.600,    0.000,
   13.770,   14.700,   14.670,    0.000,
   13.720,   14.710,   14.680,    0.000,
   14.030,   14.580,   14.560,    0.000,
   13.740,   14.320,   14.310,    0.000,
   13.640,   14.510,   14.480,    0.000,
   13.730,   14.380,   14.360,    0.000,
   13.670,   14.250,   14.240,    0.000,
   13.700,   14.290,   14.270,    0.000,
   13.490,   14.300,   14.270,    0.000,
   13.550,   14.140,   14.120,    0.000,
   13.430,   13.990,   13.980,    0.000,
   13.380,   14.080,   14.060,    0.000,
   13.280,   14.150,   14.120,    0.000,
   13.390,   14.060,   14.040,    0.000,
   13.360,   13.860,   13.850,    0.000,
   13.190,   14.050,   14.020,    0.000,
   13.280,   14.020,   13.990,    0.000,
   13.120,   13.840,   13.820,    0.000,
   12.990,   13.690,   13.670,    0.000,
   12.910,   13.680,   13.650,    0.000,
   13.070,   13.580,   13.570,    0.000,
   12.780,   13.480,   13.460,    0.000,
   12.740,   13.140,   13.130,    0.000,
   12.480,   13.190,   13.160,    0.000,
   12.410,   13.230,   13.200,    0.000,
   12.420,   13.110,   13.090,    0.000,
   12.440,   12.870,   12.850,    0.000,
   12.230,   13.040,   13.020,    0.000,
   12.300,   13.020,   13.000,    0.000,
   12.280,   12.850,   12.840,    0.000,
   12.130,   12.850,   12.830,    0.000,
   12.040,   12.820,   12.800,    0.000,
   12.000,   12.850,   12.820,    0.000,
   11.910,   12.750,   12.730,    0.000,
   12.000,   12.580,   12.570,    0.000,
   11.950,   12.670,   12.650,    0.000,
   11.850,   12.780,   12.750,    0.000,
   12.070,   12.660,   12.650,    0.000,
   12.030,   12.500,   12.490,    0.000,
   11.800,   12.530,   12.510,    0.000,
   11.640,   12.640,   12.610,    0.000,
   11.860,   12.390,   12.370,    0.000,
   11.730,   12.240,   12.230,    0.000,
   11.280,   11.850,   11.830,    0.000,
   10.940,   11.630,   11.610,    0.000,
   10.720,   11.370,   11.350,    0.000,
   10.460,   11.040,   11.020,    0.000,
   10.060,   10.620,   10.600,    0.000,
    9.760,   10.420,   10.400,    0.000,
    9.680,   10.360,   10.340,    0.000,
    9.660,   10.430,   10.400,    0.000,
    9.880,   10.390,   10.380,    0.000,
    9.880,   10.310,   10.300,    0.000,
    9.680,   10.220,   10.210,    0.000,
    9.510,   10.330,   10.310,    0.000,
    9.630,   10.310,   10.290,    0.000,
    9.820,   10.240,   10.230,    0.000,
    9.740,   10.300,   10.280,    0.000,
    9.620,   10.240,   10.220,    0.000,
    9.800,   10.220,   10.200,    0.000,
    9.810,   10.350,   10.330,    0.000,
    9.790,   10.340,   10.320,    0.000,
    9.550,   10.340,   10.320,    0.000,
    9.630,   10.130,   10.110,    0.000,
    9.570,   10.130,   10.110,    0.000,
    9.640,   10.250,   10.230,    0.000,
    9.720,   10.350,   10.330,    0.000,
    9.840,   10.330,   10.310,    0.000,
    9.730,   10.250,   10.230,    0.000,
    9.570,   10.180,   10.160,    0.000,
    9.560,   10.250,   10.230,    0.000,
    9.730,   10.240,   10.220,    0.000,
    9.830,   10.260,   10.250,    0.000,
    9.740,   10.280,   10.270,    0.000,
    9.560,   10.190,   10.170,    0.000,
    9.630,   10.130,   10.120,    0.000,
    9.750,   10.170,   10.160,    0.000,
    9.570,   10.110,   10.100,    0.000,
    9.380,   10.000,    9.980,    0.000,
    9.240,    9.760,    9.750,    0.000,
    9.270,    9.680,    9.670,    0.000,
    9.200,    9.710,    9.700,    0.000,
    9.210,    9.840,    9.820,    0.000,
    9.310,    9.790,    9.770,    0.000,
    9.140,    9.630,    9.620,    0.000,
    8.890,    9.500,    9.480,    0.000,
    8.840,    9.540,    9.520,    0.000,
    8.960,    9.430,    9.420,    0.000,
    8.960,    9.330,    9.320,    0.000,
    8.770,    9.330,    9.310,    0.000,
    8.610,    9.110,    9.100,    0.000,
    8.580,    9.040,    9.020,    0.000,
    8.670,    9.060,    9.050,    0.000,
    8.630,    9.010,    9.000,    0.000,
    8.350,    8.940,    8.920,    0.000,
    8.100,    8.800,    8.780,    0.000,
    8.140,    8.490,    8.480,    0.000,
    7.790,    8.350,    8.330,    0.000,
    7.820,    8.290,    8.270,    0.000,
    7.870,    8.340,    8.330,    0.000,
    7.820,    8.270,    8.250,    0.000,
    7.910,    8.260,    8.250,    0.000,
    7.590,    8.100,    8.090,    0.000,
    7.550,    7.910,    7.900,    0.000,
    7.460,    7.850,    7.830,    0.000,
    7.450,    7.880,    7.860,    0.000,
    7.560,    7.880,    7.870,    0.000,
    7.550,    7.910,    7.900,    0.000,
    7.330,    7.890,    7.870,    0.000,
    7.290,    7.710,    7.700,    0.000,
    7.290,    7.590,    7.580,    0.000,
    7.260,    7.590,    7.580,    0.000,
    7.360,    7.760,    7.740,    0.000,
    7.320,    7.770,    7.760,    0.000,
    7.050,    7.760,    7.740,    0.000,
    7.120,    7.750,    7.730,    0.000,
    7.260,    7.620,    7.610,    0.000,
    7.170,    7.490,    7.480,    0.000,
    7.020,    7.520,    7.500,    0.000,
    7.180,    7.700,    7.680,    0.000,
    7.320,    7.690,    7.680,    0.000,
    7.190,    7.500,    7.490,    0.000,
    6.980,    7.310,    7.300,    0.000,
    6.590,    7.060,    7.040,    0.000,
    6.240,    6.750,    6.730,    0.000,
    6.160,    6.650,    6.640,    0.000,
    6.250,    6.740,    6.730,    0.000,
    6.380,    6.730,    6.720,    0.000,
    6.430,    6.840,    6.830,    0.000,
    6.470,    6.810,    6.800,    0.000,
    6.390,    6.780,    6.770,    0.000,
    6.400,    6.750,    6.740,    0.000,
    6.300,    6.620,    6.610,    0.000,
    6.310,    6.570,    6.570,    0.000,
    6.350,    6.770,    6.760,    0.000,
    6.350,    6.780,    6.770,    0.000,
    6.190,    6.800,    6.780,    0.000,
    6.130,    6.760,    6.740,    0.000,
    6.240,    6.740,    6.730,    0.000,
    6.360,    6.720,    6.710,    0.000,
    6.130,    6.560,    6.550,    0.000,
    5.920,    6.480,    6.470,    0.000,
    5.990,    6.510,    6.490,    0.000,
    6.210,    6.620,    6.600,    0.000,
    6.290,    6.680,    6.660,    0.000,
    6.320,    6.680,    6.670,    0.000,
    6.370,    6.700,    6.690,    0.000,
    6.290,    6.630,    6.620,    0.000,
    6.040,    6.320,    6.310,    0.000,
    5.740,    6.220,    6.210,    0.000,
    5.840,    6.140,    6.130,    0.000,
    5.820,    6.110,    6.100,    0.000,
    5.790,    6.140,    6.130,    0.000,
    5.700,    6.060,    6.050,    0.000,
    5.490,    5.950,    5.930,    0.000,
    5.590,    5.800,    5.800,    0.000,
    5.410,    5.580,    5.580,    0.000,
    5.090,    5.350,    5.340,    0.000,
    4.990,    5.320,    5.310,    0.000,
    5.030,    5.250,    5.250,    0.000,
    4.900,    5.240,    5.230,    0.000,
    4.930,    5.120,    5.110,    0.000,
    4.570,    5.040,    5.030,    0.000,
    4.560,    4.890,    4.880,    0.000,
    4.310,    4.870,    4.860,    0.000,
    4.490,    4.730,    4.720,    0.000,
    4.550,    4.780,    4.770,    0.000,
    4.340,    4.700,    4.690,    0.000,
    4.010,    4.340,    4.330,    0.000,
    3.220,    3.420,    3.410,    0.000,
    2.220,    2.480,    2.470,    0.000,
    1.590,    1.930,    1.920,    0.000,
    0.970,    0.960,    0.960,    0.000,
    0.670,    0.800,    0.800,    0.000,
    0.270,    0.420,    0.410,    0.000,
    0.120,    0.230,    0.220,    0.000,
    0.060,    0.110,    0.100,    0.000,
    0.000,    0.030,    0.030,    0.000,
   -0.040,   -0.050,   -0.050,    0.000,
   -0.080,   -0.100,   -0.100,    0.000,
   -0.040,   -0.060,   -0.060,    0.000,
    0.020,   -0.010,   -0.010,    0.000,
    0.020,    0.000,    0.000,    0.000,
    0.020,    0.000,    0.000,    0.000,
    0.020,    0.000,    0.000,    0.000,
    0.020,    0.000,    0.000,    0.000,
    0.020,    0.000,    0.000,    0.000,
    0.000,   -0.040,   -0.040,    0.000,
   -0.580,   -0.670,   -0.660,    0.000,
   -1.090,   -0.990,   -0.990,    0.000,
   -1.310,   -1.380,   -1.380,    0.000,
   -1.870,   -1.930,   -1.930,    0.000,
   -2.420,   -2.650,   -2.650,    0.000,
   -2.850,   -2.920,   -2.920,    0.000,
   -3.080,   -3.100,   -3.100,    0.000,
   -3.000,   -3.240,   -3.240,    0.000,
   -3.050,   -3.350,   -3.340,    0.000,
   -3.050,   -3.450,   -3.440,    0.000,
   -3.050,   -3.440,   -3.430,    0.000,
   -3.120,   -3.470,   -3.460,    0.000,
   -3.170,   -3.520,   -3.510,    0.000,
   -3.200,   -3.630,   -3.620,    0.000,
   -3.350,   -3.690,   -3.680,    0.000,
   -3.470,   -3.740,   -3.730,    0.000,
   -3.610,   -3.810,   -3.800,    0.000,
   -3.620,   -3.810,   -3.810,    0.000,
   -3.570,   -3.780,   -3.780,    0.000,
   -3.410,   -3.690,   -3.680,    0.000,
   -3.520,   -3.730,   -3.730,    0.000,
   -3.610,   -3.870,   -3.860,    0.000,
   -3.840,   -4.090,   -4.080,    0.000,
   -4.130,   -4.320,   -4.320,    0.000,
   -4.050,   -4.480,   -4.470,    0.000,
   -4.210,   -4.530,   -4.520,    0.000,
   -4.270,   -4.520,   -4.520,    0.000,
   -4.300,   -4.570,   -4.570,    0.000,
   -4.230,   -4.650,   -4.640,    0.000,
   -4.310,   -4.590,   -4.580,    0.000,
   -4.350,   -4.590,   -4.580,    0.000,
   -4.220,   -4.570,   -4.560,    0.000,
   -4.250,   -4.470,   -4.460,    0.000,
   -4.050,   -4.410,   -4.400,    0.000,
   -4.070,   -4.340,   -4.330,    0.000,
   -4.110,   -4.400,   -4.390,    0.000,
   -4.130,   -4.500,   -4.490,    0.000,
   -4.330,   -4.550,   -4.540,    0.000,
   -4.310,   -4.710,   -4.700,    0.000,
   -4.420,   -4.700,   -4.690,    0.000,
   -4.320,   -4.700,   -4.690,    0.000,
   -4.560,   -4.710,   -4.710,    0.000,
   -4.390,   -4.690,   -4.680,    0.000,
   -4.500,   -4.760,   -4.750,    0.000,
   -4.580,   -4.780,   -4.780,    0.000,
   -4.470,   -4.770,   -4.760,    0.000,
   -4.460,   -4.730,   -4.730,    0.000,
   -4.420,   -4.790,   -4.780,    0.000,
   -4.450,   -4.850,   -4.840,    0.000,
   -4.500,   -5.000,   -4.980,    0.000,
   -4.660,   -5.170,   -5.150,    0.000,
   -4.810,   -5.290,   -5.280,    0.000,
   -5.150,   -5.360,   -5.350,    0.000,
   -5.070,   -5.480,   -5.470,    0.000,
   -5.160,   -5.480,   -5.470,    0.000,
   -5.040,   -5.390,   -5.380,    0.000,
   -4.900,   -5.300,   -5.290,    0.000,
   -4.810,   -5.210,   -5.200,    0.000,
   -4.950,   -5.190,   -5.180,    0.000,
   -4.920,   -5.310,   -5.300,    0.000,
   -5.200,   -5.440,   -5.430,    0.000,
   -5.290,   -5.420,   -5.420,    0.000,
   -5.040,   -5.500,   -5.490,    0.000,
   -5.240,   -5.540,   -5.530,    0.000,
   -5.160,   -5.450,   -5.440,    0.000,
   -4.980,   -5.430,   -5.420,    0.000,
   -4.940,   -5.330,   -5.320,    0.000,
   -4.920,   -5.280,   -5.270,    0.000,
   -5.010,   -5.260,   -5.250,    0.000,
   -5.130,   -5.390,   -5.390,    0.000,
   -5.200,   -5.530,   -5.520,    0.000,
   -5.390,   -5.680,   -5.670,    0.000,
   -5.440,   -5.780,   -5.770,    0.000,
   -5.500,   -5.910,   -5.890,    0.000,
   -5.580,   -5.950,   -5.940,    0.000,
   -5.630,   -5.990,   -5.980,    0.000,
   -5.430,   -5.840,   -5.830,    0.000,
   -5.410,   -5.800,   -5.790,    0.000,
   -5.430,   -5.880,   -5.870,    0.000,
   -5.590,   -5.930,   -5.920,    0.000,
   -5.690,   -6.090,   -6.080,    0.000,
   -5.740,   -6.100,   -6.090,    0.000,
   -5.740,   -6.130,   -6.120,    0.000,
   -5.700,   -6.060,   -6.050,    0.000,
   -5.680,   -6.020,   -6.010,    0.000,
   -5.490,   -5.890,   -5.870,    0.000,
   -5.410,   -5.790,   -5.780,    0.000,
   -5.370,   -5.850,   -5.830,    0.000,
   -5.580,   -5.980,   -5.970,    0.000,
   -5.690,   -6.020,   -6.010,    0.000,
   -5.870,   -6.120,   -6.110,    0.000,
   -5.850,   -6.190,   -6.180,    0.000,
   -5.810,   -6.300,   -6.290,    0.000,
   -5.790,   -6.230,   -6.220,    0.000,
   -5.770,   -6.100,   -6.090,    0.000,
   -5.690,   -6.050,   -6.040,    0.000,
   -5.610,   -5.990,   -5.980,    0.000,
   -5.780,   -6.120,   -6.110,    0.000,
   -5.820,   -6.140,   -6.130,    0.000,
   -5.840,   -6.160,   -6.150,    0.000,
   -5.750,   -6.210,   -6.200,    0.000,
   -5.840,   -6.310,   -6.300,    0.000,
   -6.000,   -6.380,   -6.370,    0.000,
   -6.100,   -6.500,   -6.490,    0.000,
   -6.180,   -6.550,   -6.540,    0.000,
   -6.360,   -6.740,   -6.720,    0.000,
   -6.570,   -6.860,   -6.850,    0.000,
   -6.710,   -6.930,   -6.920,    0.000,
   -6.710,   -7.030,   -7.020,    0.000,
   -6.650,   -7.040,   -7.030,    0.000,
   -6.500,   -6.910,   -6.900,    0.000,
   -6.360,   -6.860,   -6.840,    0.000,
   -6.310,   -6.770,   -6.760,    0.000,
   -6.460,   -6.770,   -6.760,    0.000,
   -6.480,   -6.920,   -6.910,    0.000,
   -6.460,   -6.960,   -6.950,    0.000,
   -6.560,   -7.080,   -7.060,    0.000,
   -6.440,   -7.170,   -7.150,    0.000,
   -6.500,   -7.130,   -7.110,    0.000,
   -6.560,   -7.010,   -7.000,    0.000,
   -6.530,   -6.930,   -6.920,    0.000,
   -6.580,   -6.990,   -6.980,    0.000,
   -6.510,   -7.080,   -7.060,    0.000,
   -6.710,   -7.110,   -7.090,    0.000,
   -6.690,   -7.150,   -7.140,    0.000,
   -6.690,   -7.150,   -7.140,    0.000,
   -6.520,   -7.070,   -7.060,    0.000,
   -6.470,   -6.950,   -6.930,    0.000,
   -6.370,   -6.880,   -6.870,    0.000,
   -6.400,   -7.100,   -7.080,    0.000,
   -6.630,   -7.110,   -7.090,    0.000,
   -6.620,   -7.220,   -7.200,    0.000,
   -6.720,   -7.240,   -7.220,    0.000,
   -6.840,   -7.150,   -7.140,    0.000,
   -6.720,   -7.090,   -7.080,    0.000,
   -6.670,   -7.040,   -7.030,    0.000,
   -6.800,   -7.180,   -7.160,    0.000,
   -7.090,   -7.430,   -7.420,    0.000,
   -6.950,   -7.610,   -7.600,    0.000,
   -7.160,   -7.730,   -7.710,    0.000,
   -7.050,   -7.800,   -7.780,    0.000,
   -7.220,   -7.690,   -7.680,    0.000,
   -7.050,   -7.520,   -7.500,    0.000,
   -7.060,   -7.490,   -7.480,    0.000,
   -7.000,   -7.540,   -7.520,    0.000,
   -7.250,   -7.630,   -7.620,    0.000,
   -7.260,   -7.680,   -7.670,    0.000,
   -7.160,   -7.720,   -7.710,    0.000,
   -6.980,   -7.680,   -7.660,    0.000,
   -7.340,   -7.620,   -7.620,    0.000,
   -7.290,   -7.630,   -7.620,    0.000,
   -7.260,   -7.800,   -7.790,    0.000,
   -7.430,   -7.940,   -7.930,    0.000,
   -7.680,   -8.050,   -8.040,    0.000,
   -7.560,   -8.090,   -8.080,    0.000,
   -7.530,   -8.040,   -8.030,    0.000,
   -8.050,   -8.490,   -8.480,    0.000,
   -8.320,   -8.760,   -8.750,    0.000,
   -8.570,   -9.070,   -9.060,    0.000,
   -8.650,   -9.270,   -9.250,    0.000,
   -8.610,   -9.410,   -9.390,    0.000,
   -8.770,   -9.230,   -9.220,    0.000,
   -8.850,   -9.200,   -9.190,    0.000,
   -8.730,   -9.160,   -9.140,    0.000,
   -8.650,   -9.250,   -9.240,    0.000,
   -8.750,   -9.230,   -9.220,    0.000,
   -8.760,   -9.360,   -9.340,    0.000,
   -8.740,   -9.260,   -9.240,    0.000,
   -8.620,   -9.170,   -9.160,    0.000,
   -8.670,   -9.320,   -9.300,    0.000,
   -8.820,   -9.390,   -9.370,    0.000,
   -8.910,   -9.550,   -9.530,    0.000,
   -9.130,   -9.660,   -9.640,    0.000,
   -9.260,   -9.780,   -9.770,    0.000,
   -9.440,   -9.870,   -9.850,    0.000,
   -9.730,  -10.170,  -10.160,    0.000,
   -9.860,  -10.400,  -10.380,    0.000,
   -9.810,  -10.590,  -10.560,    0.000,
  -10.030,  -10.570,  -10.560,    0.000,
  -10.090,  -10.570,  -10.550,    0.000,
   -9.910,  -10.620,  -10.600,    0.000,
  -10.090,  -10.830,  -10.810,    0.000,
  -10.460,  -11.020,  -11.010,    0.000,
  -10.540,  -11.160,  -11.140,    0.000,
  -10.370,  -11.240,  -11.210,    0.000,
  -10.630,  -11.300,  -11.280,    0.000,
  -10.850,  -11.480,  -11.460,    0.000,
  -10.890,  -11.640,  -11.610,    0.000,
  -11.160,  -11.860,  -11.840,    0.000,
  -11.320,  -11.950,  -11.930,    0.000,
  -11.540,  -12.220,  -12.200,    0.000,
  -11.600,  -12.540,  -12.510,    0.000,
  -11.850,  -12.690,  -12.660,    0.000,
  -12.140,  -12.650,  -12.640,    0.000,
  -11.970,  -12.750,  -12.720,    0.000,
  -12.190,  -12.810,  -12.790,    0.000,
  -12.320,  -12.990,  -12.970,    0.000,
  -12.210,  -13.050,  -13.030,    0.000,
  -12.240,  -12.890,  -12.870,    0.000,
  -12.280,  -12.960,  -12.940,    0.000,
  -12.280,  -13.110,  -13.080,    0.000,
  -12.610,  -13.200,  -13.180,    0.000,
  -12.660,  -13.240,  -13.230,    0.000,
  -12.830,  -13.580,  -13.560,    0.000,
  -12.890,  -13.890,  -13.860,    0.000,
  -13.190,  -13.820,  -13.800,    0.000,
  -13.060,  -13.900,  -13.880,    0.000,
  -13.220,  -13.970,  -13.940,    0.000,
  -13.320,  -14.100,  -14.070,    0.000,
  -13.330,  -14.120,  -14.100,    0.000,
  -13.290,  -14.110,  -14.090,    0.000,
  -13.590,  -14.200,  -14.180,    0.000,
  -13.640,  -14.420,  -14.390,    0.000,
  -13.720,  -14.450,  -14.420,    0.000,
  -13.770,  -14.470,  -14.450,    0.000,
  -13.690,  -14.710,  -14.680,    0.000,
  -13.950,  -14.710,  -14.690,    0.000,
  -13.890,  -14.620,  -14.590,    0.000,
  -13.910,  -14.650,  -14.630,    0.000,
  -13.870,  -14.700,  -14.670,    0.000,
  -13.950,  -14.760,  -14.740,    0.000,
  -13.870,  -14.630,  -14.600,    0.000,
  -14.000,  -14.740,  -14.720,    0.000,
  -14.080,  -14.920,  -14.890,    0.000,
  -13.940,  -14.800,  -14.780,    0.000,
  -13.990,  -14.750,  -14.720,    0.000,
  -14.130,  -15.000,  -14.980,    0.000,
  -14.220,  -14.940,  -14.920,    0.000,
  -14.060,  -14.830,  -14.810,    0.000,
  -14.280,  -14.850,  -14.840,    0.000,
  -14.080,  -15.000,  -14.970,    0.000,
  -14.070,  -15.020,  -15.000,    0.000,
  -14.250,  -14.750,  -14.740,    0.000,
  -14.190,  -14.940,  -14.920,    0.000,
  -14.260,  -15.050,  -15.020,    0.000,
  -14.240,  -14.870,  -14.850,    0.000,
  -14.110,  -14.900,  -14.870,    0.000,
  -14.190,  -15.080,  -15.050,    0.000,
  -14.040,  -14.990,  -14.960,    0.000,
  -14.100,  -14.800,  -14.780,    0.000,
  -14.200,  -14.880,  -14.860,    0.000,
  -13.930,  -14.970,  -14.940,    0.000,
  -14.240,  -14.880,  -14.860,    0.000,
  -14.040,  -14.800,  -14.770,    0.000,
  -14.240,  -14.960,  -14.940,    0.000,
  -14.230,  -14.990,  -14.970,    0.000,
  -14.120,  -14.740,  -14.720,    0.000,
  -14.120,  -14.960,  -14.930,    0.000,
  -14.150,  -15.070,  -15.040,    0.000,
  -14.290,  -14.890,  -14.870,    0.000,
  -14.100,  -14.820,  -14.800,    0.000,
  -14.110,  -14.920,  -14.890,    0.000,
  -14.030,  -15.000,  -14.970,    0.000,
  -14.080,  -14.840,  -14.820,    0.000,
  -14.210,  -14.830,  -14.810,    0.000,
  -14.030,  -14.980,  -14.950,    0.000,
  -14.160,  -14.940,  -14.910,    0.000,
  -14.170,  -14.750,  -14.730,    0.000,
  -13.970,  -15.030,  -15.000,    0.000,
  -14.250,  -15.010,  -14.990,    0.000,
  -14.090,  -14.840,  -14.820,    0.000,
  -14.110,  -14.830,  -14.810,    0.000,
  -14.240,  -14.940,  -14.920,    0.000,
  -14.150,  -14.980,  -14.960,    0.000,
  -14.050,  -14.830,  -14.810,    0.000,
  -14.060,  -14.930,  -14.900,    0.000,
  -13.870,  -14.860,  -14.830,    0.000,
  -13.910,  -14.450,  -14.440,    0.000,
  -13.140,  -13.750,  -13.730,    0.000,
  -12.570,  -13.310,  -13.290,    0.000,
  -11.920,  -12.680,  -12.660,    0.000,
  -11.460,  -12.110,  -12.090,    0.000,
  -10.600,  -11.010,  -11.000,    0.000,
   -9.680,  -10.260,  -10.250,    0.000,
   -9.010,   -9.580,   -9.560,    0.000,
   -8.340,   -8.910,   -8.890,    0.000,
   -7.920,   -8.360,   -8.350,    0.000,
   -7.480,   -7.960,   -7.950,    0.000,
   -7.040,   -7.500,   -7.490,    0.000,
   -6.530,   -7.030,   -7.010,    0.000,
   -6.160,   -6.730,   -6.710,    0.000,
   -5.740,   -6.130,   -6.120,    0.000,
   -4.810,   -5.220,   -5.210,    0.000,
   -2.430,   -2.950,   -2.940,    0.000,
   -0.720,   -1.050,   -1.040,    0.000,
   -0.220,   -0.350,   -0.340,    0.000,
   -0.010,   -0.080,   -0.080,    0.000,
   -0.010,   -0.050,   -0.050,    0.000,
   -0.010,   -0.030,   -0.030,    0.000,
    0.020,    0.000,    0.000,    0.000,
    0.010,    0.000,    0.000,    0.000,
    0.020,    0.000,    0.000,    0.000,
    0.020,    0.000,    0.000,    0.000,
    0.020,    0.000,    0.000,    0.000,
    0.020,    0.000,    0.000,    0.000,
    0.020,    0.000,    0.000,    0.000,
    0.020,    0.000,    0.000,    0.000,
    0.020,    0.000,    0.000,    0.000,
    0.020,    0.000,    0.000,    0.000,
    0.020,    0.000,    0.000,    0.000,
    0.020,    0.000,    0.000,    0.000,
    0.020,    0.000,    0.000,    0.000,
    0.020,    0.000,    0.000,    0.000,
    0.020,    0.000,    0.000,    0.000,
    0.020,    0.000,    0.000,    0.000,
    0.020,    0.000,    0.000,    0.000,
    0.020,    0.000,    0.000,    0.000,
    0.020,    0.000,    0.000,    0.000,
    0.020,    0.000,    0.000,    0.000,
    0.020,    0.000,    0.000,    0.000,
    0.020,    0.000,    0.000,    0.000,
    0.020,    0.000,    0.000,    0.000,
    0.020,    0.000,    0.000,    0.000,
    0.020,    0.000,    0.000,    0.000,
    0.020,    0.000,    0.000,    0.000,
    0.020,    0.000,    0.000,    0.000,
   -0.050,   -0.100,   -0.100,    0.000,
   -0.050,   -0.090,   -0.090,    0.000,
    0.050,    0.000,    0.000,    0.000,
    0.040,    0.010,    0.010,    0.000,
    0.000,   -0.010,   -0.010,    0.000,
    0.010,   -0.010,   -0.010,    0.000,
    0.020,   -0.010,   -0.010,    0.000,
    0.480,   -0.220,   -0.190,    0.000,
    1.130,    0.130,    0.160,    0.000,
    0.990,    0.310,    0.330,    0.000,
    1.030,   -0.070,   -0.030,    0.000,
    1.120,    0.000,    0.030,    0.000,
    1.540,   -0.090,   -0.040,    0.000,
    1.770,    0.100,    0.150,    0.000,
    1.220,    0.470,    0.490,    0.000,
    0.410,    0.990,    0.970,    0.000,
   -0.150,    0.980,    0.950,    0.000,
    0.330,    0.280,    0.290,    0.000,
    0.210,    0.590,    0.580,    0.000,
   -0.370,    0.400,    0.370,    0.000,
   -0.240,    0.220,    0.200,    0.000,
    0.010,    0.000,    0.000,    0.000,
    0.200,    0.030,    0.040,    0.000,
    0.340,    0.070,    0.070,    0.000,
    0.400,    0.300,    0.300,    0.000,
    0.520,    0.290,    0.300,    0.000,
    0.620,    0.460,    0.470,    0.000,
    0.410,    0.490,    0.490,    0.000,
    0.670,    0.340,    0.350,    0.000,
    0.330,    0.340,    0.340,    0.000,
    0.270,    0.200,    0.210,    0.000,
    0.230,    0.190,    0.190,    0.000,
    0.120,    0.170,    0.170,    0.000,
    0.050,    0.070,    0.070,    0.000,
   -0.050,    0.350,    0.340,    0.000,
    0.200,    0.130,    0.130,    0.000,
    0.190,    0.430,    0.420,    0.000,
    0.420,    0.210,    0.220,    0.000,
    0.320,    0.190,    0.190,    0.000,
   -0.170,    0.310,    0.290,    0.000,
   -0.340,    0.070,    0.060,    0.000,
   -0.090,   -0.120,   -0.120,    0.000,
   -0.310,    0.030,    0.020,    0.000,
   -0.350,    0.110,    0.100,    0.000,
   -0.170,    0.210,    0.200,    0.000,
   -0.420,    0.280,    0.260,    0.000,
    0.180,   -0.260,   -0.250,    0.000,
    0.140,   -0.100,   -0.100,    0.000,
    0.160,    0.060,    0.060,    0.000,
    0.400,   -0.140,   -0.130,    0.000,
    0.460,    0.050,    0.060,    0.000,
    0.510,    0.240,    0.250,    0.000,
    0.580,    0.310,    0.310,    0.000,
    0.480,    0.370,    0.370,    0.000,
    0.470,    0.200,    0.210,    0.000,
    0.620,    0.190,    0.200,    0.000,
    0.280,    0.280,    0.280,    0.000,
    0.310,    0.130,    0.140,    0.000,
    0.000,    0.280,    0.270,    0.000,
    0.610,   -0.060,   -0.040,    0.000,
    0.440,    0.380,    0.380,    0.000,
    0.390,    0.390,    0.390,    0.000,
    0.910,   -0.040,   -0.010,    0.000,
    0.210,    0.430,    0.420,    0.000,
    0.190,    0.300,    0.300,    0.000,
    0.050,    0.110,    0.110,    0.000,
   -0.090,    0.160,    0.150,    0.000,
    0.270,   -0.020,   -0.010,    0.000,
    0.320,    0.270,    0.270,    0.000,
    0.410,    0.550,    0.550,    0.000,
    0.430,    0.450,    0.450,    0.000,
    0.200,    0.330,    0.320,    0.000,
    0.240,    0.210,    0.210,    0.000,
    0.140,    0.250,    0.250,    0.000,
    0.110,    0.060,    0.060,    0.000,
    0.050,    0.130,    0.130,    0.000,
    0.130,    0.050,    0.060,    0.000,
    0.020,    0.050,    0.050,    0.000,
    0.080,   -0.030,   -0.020,    0.000,
    0.150,    0.170,    0.170,    0.000,
    0.050,    0.020,    0.020,    0.000,
    0.050,    0.050,    0.050,    0.000,
    0.010,    0.000,    0.000,    0.000,
    0.020,    0.000,    0.000,    0.000,
    0.020,    0.000,    0.000,    0.000,
    0.020,    0.000,    0.000,    0.000,
    0.020,    0.000,    0.000,    0.000,
    0.020,    0.000,    0.000,    0.000,
    0.020,    0.000,    0.000,    0.000,
    0.020,    0.000,    0.000,    0.000,
    0.020,    0.000,    0.000,    0.000,
    0.020,    0.000,    0.000,    0.000,
    0.020,    0.000,    0.000,    0.000,
    0.020,    0.050,    0.050,    0.000,
    0.040,    0.000,    0.000,    0.000,
    0.000,   -0.030,   -0.030,    0.000,
    0.070,    0.040,    0.040,    0.000,
   -0.030,   -0.050,   -0.050,    0.000,
   -0.030,   -0.060,   -0.060,    0.000,
    0.010,   -0.020,   -0.020,    0.000,
    0.020,    0.000,    0.000,    0.000,
    0.020,    0.000,    0.000,    0.000,
   -0.060,   -0.060,   -0.060,    0.000,
   -0.100,   -0.130,   -0.130,    0.000,
   -0.230,   -0.230,   -0.230,    0.000,
   -0.240,   -0.240,   -0.240,    0.000,
   -0.300,   -0.340,   -0.340,    0.000,
   -0.020,   -0.210,   -0.210,    0.000,
   -0.190,   -0.320,   -0.320,    0.000,
   -0.100,   -0.540,   -0.530,    0.000,
    0.300,   -0.240,   -0.220,    0.000,
    0.130,   -0.120,   -0.110,    0.000,
    0.150,    0.040,    0.050,    0.000,
    0.150,    0.320,    0.310,    0.000,
    0.160,    0.130,    0.130,    0.000,
    0.130,   -0.180,   -0.170,    0.000,
   -0.190,   -0.320,   -0.320,    0.000,
   -0.060,   -0.560,   -0.540,    0.000,
   -0.270,   -0.380,   -0.370,    0.000,
    0.120,   -0.470,   -0.450,    0.000,
   -0.310,   -0.270,   -0.270,    0.000,
   -0.110,   -0.280,   -0.270,    0.000,
   -0.350,   -0.180,   -0.190,    0.000,
   -0.080,   -0.420,   -0.410,    0.000,
   -0.450,   -0.170,   -0.170,    0.000,
   -0.130,   -0.110,   -0.110,    0.000,
   -0.900,    0.260,    0.220,    0.000,
    0.000,   -0.530,   -0.520,    0.000,
   -0.420,   -0.300,   -0.310,    0.000,
   -0.710,   -0.400,   -0.410,    0.000,
   -0.420,   -0.190,   -0.200,    0.000,
   -0.390,   -0.270,   -0.280,    0.000,
    0.260,   -0.430,   -0.410,    0.000,
    0.340,   -0.210,   -0.190,    0.000,
    0.190,    0.100,    0.110,    0.000,
    0.140,   -0.130,   -0.120,    0.000,
   -0.160,   -0.050,   -0.060,    0.000,
   -0.390,   -0.450,   -0.450,    0.000,
    0.280,   -0.380,   -0.360,    0.000,
   -0.230,   -0.090,   -0.100,    0.000,
   -0.310,    0.150,    0.130,    0.000,
   -0.210,   -0.200,   -0.200,    0.000,
   -0.540,   -0.160,   -0.170,    0.000,
   -0.400,   -0.300,   -0.300,    0.000,
   -0.250,   -0.210,   -0.210,    0.000,
   -0.360,   -0.110,   -0.110,    0.000,
   -0.500,   -0.300,   -0.310,    0.000,
   -0.700,   -0.160,   -0.170,    0.000,
   -0.770,   -0.190,   -0.210,    0.000,
   -0.820,   -0.050,   -0.070,    0.000,
   -0.450,   -0.200,   -0.210,    0.000,
   -0.520,   -0.280,   -0.280,    0.000,
   -0.460,   -0.380,   -0.380,    0.000,
   -0.380,   -0.130,   -0.130,    0.000,
   -0.400,   -0.020,   -0.030,    0.000,
    0.030,   -0.390,   -0.380,    0.000,
   -0.040,   -0.370,   -0.360,    0.000,
   -0.160,   -0.280,   -0.270,    0.000,
   -0.500,    0.080,    0.070,    0.000,
   -0.200,   -0.030,   -0.040,    0.000,
   -0.240,   -0.070,   -0.070,    0.000,
   -0.230,   -0.160,   -0.170,    0.000,
   -0.270,   -0.310,   -0.310,    0.000,
   -0.260,   -0.420,   -0.420,    0.000,
   -0.300,   -0.250,   -0.250,    0.000,
   -0.190,   -0.190,   -0.190,    0.000,
    0.000,   -0.160,   -0.150,    0.000,
    0.020,   -0.260,   -0.250,    0.000,
   -0.140,   -0.030,   -0.030,    0.000,
    0.320,   -0.340,   -0.320,    0.000,
   -0.220,   -0.240,   -0.240,    0.000,
   -0.400,   -0.110,   -0.110,    0.000,
   -0.530,   -0.440,   -0.440,    0.000,
    0.000,   -0.120,   -0.110,    0.000,
    0.130,    0.080,    0.080,    0.000,
    0.000,    0.060,    0.060,    0.000,
    0.000,   -0.010,   -0.010,    0.000,
   -0.030,   -0.050,   -0.050,    0.000,
   -0.140,    0.000,    0.000,    0.000,
   -0.480,    0.130,    0.110,    0.000,
   -1.670,    1.140,    1.060,    0.000,
   -1.940,    0.740,    0.660,    0.000,
   -2.450,    0.250,    0.170,    0.000,
   -2.760,    0.460,    0.370,    0.000,
   -2.870,    0.410,    0.320,    0.000,
   -3.190,    0.570,    0.460,    0.000,
   -2.850,    0.290,    0.200,    0.000,
   -2.390,   -0.110,   -0.170,    0.000,
   -1.530,    0.120,    0.070,    0.000,
   -0.960,   -0.030,   -0.060,    0.000,
   -0.400,   -0.330,   -0.330,    0.000,
   -0.640,    0.180,    0.160,    0.000,
   -0.130,   -0.140,   -0.140,    0.000,
   -0.080,    0.180,    0.180,    0.000,
   -0.130,    0.280,    0.270,    0.000,
   -0.110,    0.530,    0.510,    0.000,
    0.000,    0.150,    0.150,    0.000,
   -0.230,    0.150,    0.140,    0.000,
   -0.320,    0.100,    0.090,    0.000,
   -0.550,    0.110,    0.090,    0.000,
   -0.450,    0.190,    0.170,    0.000,
   -0.070,    0.160,    0.150,    0.000,
    0.610,    0.060,    0.070,    0.000,
    0.770,    0.060,    0.090,    0.000,
    0.550,    0.100,    0.110,    0.000,
    0.320,    0.230,    0.240,    0.000,
    0.140,    0.260,    0.250,    0.000,
   -0.250,    0.540,    0.510,    0.000,
   -0.080,    0.170,    0.160,    0.000,
   -0.070,    0.010,    0.010,    0.000,
   -0.380,    0.160,    0.140,    0.000,
   -0.530,    0.050,    0.030,    0.000,
    0.160,   -0.280,   -0.270,    0.000,
    0.260,    0.150,    0.150,    0.000,
    0.290,    0.080,    0.080,    0.000,
   -0.060,    0.340,    0.330,    0.000,
   -0.180,    0.320,    0.310,    0.000,
    0.200,    0.110,    0.110,    0.000,
    0.470,    0.170,    0.180,    0.000,
    0.590,    0.180,    0.190,    0.000,
    0.630,    0.220,    0.230,    0.000,
    0.330,    0.190,    0.190,    0.000,
    0.510,    0.250,    0.250,    0.000,
    0.550,    0.180,    0.190,    0.000,
    0.270,    0.520,    0.510,    0.000,
   -0.170,    0.540,    0.520,    0.000,
    0.040,    0.080,    0.080,    0.000,
    0.180,    0.010,    0.020,    0.000,
    0.240,    0.090,    0.100,    0.000,
    0.190,    0.260,    0.260,    0.000,
    0.380,    0.270,    0.270,    0.000,
    0.290,    0.080,    0.080,    0.000,
    0.300,    0.100,    0.110,    0.000,
    0.010,    0.160,    0.150,    0.000,
    0.130,    0.030,    0.030,    0.000,
    0.110,    0.260,    0.260,    0.000,
    0.330,    0.210,    0.210,    0.000,
    0.330,    0.280,    0.280,    0.000,
    0.400,    0.370,    0.380,    0.000,
    0.400,    0.390,    0.390,    0.000,
    0.260,    0.270,    0.270,    0.000,
    0.020,    0.040,    0.040,    0.000,
   -0.170,   -0.170,   -0.170,    0.000,
    0.010,   -0.060,   -0.050,    0.000,
    0.050,    0.010,    0.020,    0.000,
    0.000,    0.000,    0.000,    0.000,
    0.020,    0.000,    0.000,    0.000,
    0.020,    0.000,    0.000,    0.000,
    0.020,    0.000,    0.000,    0.000,
   -0.120,   -0.100,   -0.110,    0.000,
   -0.140,   -0.130,   -0.130,    0.000,
   -0.070,   -0.150,   -0.150,    0.000,
   -0.230,   -0.240,   -0.240,    0.000,
   -0.470,   -0.410,   -0.410,    0.000,
   -0.220,   -0.330,   -0.330,    0.000,
   -0.120,   -0.340,   -0.330,    0.000,
   -0.270,   -0.070,   -0.080,    0.000,
   -0.290,   -0.080,   -0.090,    0.000,
   -0.180,   -0.280,   -0.280,    0.000,
   -0.220,   -0.090,   -0.090,    0.000,
    0.000,   -0.140,   -0.140,    0.000,
    0.480,   -0.180,   -0.160,    0.000,
    0.100,    0.340,    0.330,    0.000,
   -0.860,    0.610,    0.560,    0.000,
    0.610,   -0.850,   -0.810,    0.000,
    0.580,   -0.610,   -0.580,    0.000,
    1.740,   -0.670,   -0.600,    0.000,
    1.570,   -0.180,   -0.130,    0.000,
    1.910,   -0.270,   -0.200,    0.000,
    0.740,    0.470,    0.480,    0.000,
    1.610,   -0.880,   -0.810,    0.000,
    0.620,   -0.210,   -0.180,    0.000,
    0.280,    0.130,    0.140,    0.000,
    0.950,   -0.890,   -0.840,    0.000,
    1.280,   -0.260,   -0.220,    0.000,
    0.960,   -0.360,   -0.320,    0.000,
    1.900,   -0.510,   -0.440,    0.000,
    3.380,   -1.040,   -0.910,    0.000,
    4.350,   -0.930,   -0.770,    0.000,
    5.380,   -0.900,   -0.710,    0.000,
    5.410,   -0.600,   -0.420,    0.000,
    6.130,   -0.560,   -0.360,    0.000,
    6.670,   -0.300,   -0.100,    0.000,
    8.000,   -0.810,   -0.540,    0.000,
    8.950,   -1.400,   -1.090,    0.000,
   10.430,   -1.280,   -0.930,    0.000,
   12.180,   -1.820,   -1.400,    0.000,
   13.700,   -1.800,   -1.340,    0.000,
   14.310,   -1.340,   -0.870,    0.000,
   13.700,    0.030,    0.440,    0.000,
   12.340,    0.490,    0.840,    0.000,
   11.880,    0.020,    0.370,    0.000,
    8.920,    1.260,    1.490,    0.000,
    5.490,    2.170,    2.270,    0.000,
    1.600,    2.080,    2.060,    0.000,
    0.460,    0.860,    0.850,    0.000,
   -0.020,    0.050,    0.050,    0.000,
   -0.050,   -0.060,   -0.060,    0.000,
    0.010,    0.000,    0.000,    0.000,
    0.040,    0.000,    0.000,    0.000,
    0.010,    0.000,    0.000,    0.000,
    0.010,    0.000,    0.000,    0.000,
    0.020,    0.000,    0.000,    0.000,
    0.020,    0.000,    0.000,    0.000,
    0.040,    0.030,    0.030,    0.000,
    0.040,    0.010,    0.010,    0.000,
    0.010,    0.000,    0.000,    0.000,
    0.000,    0.000,    0.000,    0.000,
    0.030,    0.000,    0.000,    0.000,
    0.010,    0.000,    0.000,    0.000,
    0.020,    0.000,    0.000,    0.000,
    0.020,    0.000,    0.000,    0.000,
    0.220,    0.080,    0.080,    0.000,
    0.450,   -0.030,   -0.020,    0.000,
    1.330,   -0.840,   -0.780,    0.000,
    0.640,   -0.060,   -0.040,    0.000,
    0.190,    0.050,    0.050,    0.000,
   -0.010,   -0.340,   -0.330,    0.000,
    0.010,   -0.530,   -0.510,    0.000,
   -0.090,   -0.800,   -0.780,    0.000,
    0.410,   -0.610,   -0.580,    0.000,
    0.890,   -0.860,   -0.810,    0.000,
    0.850,   -0.470,   -0.440,    0.000,
    0.790,   -0.250,   -0.210,    0.000,
    0.970,   -0.260,   -0.230,    0.000,
    1.000,   -0.210,   -0.180,    0.000,
    1.120,   -0.380,   -0.340,    0.000,
    1.760,   -0.640,   -0.570,    0.000,
   -0.250,    0.460,    0.430,    0.000,
   -0.770,    0.370,    0.340,    0.000,
   -0.810,   -0.060,   -0.080,    0.000,
   -0.530,   -0.330,   -0.340,    0.000,
    0.090,   -0.500,   -0.480,    0.000,
    1.030,   -0.710,   -0.660,    0.000,
    2.790,   -1.650,   -1.510,    0.000,
    5.000,   -1.880,   -1.680,    0.000,
    5.730,   -1.410,   -1.190,    0.000,
    7.300,   -1.340,   -1.090,    0.000,
    7.610,   -0.840,   -0.590,    0.000,
    9.240,   -1.220,   -0.910,    0.000,
    9.850,   -1.090,   -0.760,    0.000,
   11.210,   -1.270,   -0.900,    0.000,
   12.580,   -1.300,   -0.890,    0.000,
   14.300,   -1.580,   -1.100,    0.000,
   14.730,   -0.850,   -0.390,    0.000,
   13.480,    0.460,    0.850,    0.000,
   12.470,    0.720,    1.070,    0.000,
   11.720,    0.070,    0.420,    0.000,
    8.800,    0.950,    1.180,    0.000,
    4.980,    2.180,    2.260,    0.000,
    1.630,    2.110,    2.090,    0.000,
    0.450,    0.560,    0.560,    0.000,
   -0.020,    0.040,    0.040,    0.000,
   -0.010,   -0.030,   -0.030,    0.000,
    0.030,    0.000,    0.000,    0.000,
    0.010,    0.000,    0.000,    0.000,
    0.020,    0.000,    0.000,    0.000,
    0.020,    0.000,    0.000,    0.000,
    0.030,    0.020,    0.020,    0.000,
    0.030,    0.000,    0.000,    0.000,
    0.090,    0.060,    0.060,    0.000,
    0.150,    0.250,    0.250,    0.000,
    0.050,    0.530,    0.510,    0.000,
    0.090,    0.060,    0.060,    0.000,
    0.290,    0.410,    0.410,    0.000,
   -0.380,    0.830,    0.790,    0.000,
   -1.060,    1.040,    0.980,    0.000,
   -1.380,    0.830,    0.760,    0.000,
   -1.970,    0.870,    0.780,    0.000,
   -1.450,    0.430,    0.370,    0.000,
   -1.490,    0.360,    0.310,    0.000,
   -1.370,    0.200,    0.150,    0.000,
   -1.020,   -0.050,   -0.080,    0.000,
   -0.640,    0.050,    0.030,    0.000,
   -0.240,    0.060,    0.050,    0.000,
   -0.440,    0.230,    0.210,    0.000,
   -0.290,    0.080,    0.070,    0.000,
    0.420,    0.000,    0.000,    0.000,
    0.310,    0.270,    0.270,    0.000,
    0.670,    0.120,    0.140,    0.000,
    0.630,   -0.070,   -0.050,    0.000,
    0.570,    0.090,    0.110,    0.000,
    0.430,    0.290,    0.290,    0.000,
    0.370,    0.380,    0.380,    0.000,
    0.150,    0.320,    0.310,    0.000,
   -0.210,    0.780,    0.750,    0.000,
   -0.460,    0.290,    0.270,    0.000,
   -0.550,    0.220,    0.200,    0.000,
   -0.420,    0.130,    0.120,    0.000,
   -0.600,    0.460,    0.430,    0.000,
   -0.490,    0.400,    0.370,    0.000,
   -0.540,    0.140,    0.120,    0.000,
    0.570,   -0.430,   -0.400,    0.000,
   -0.300,    0.710,    0.680,    0.000,
   -1.120,    1.080,    1.010,    0.000,
   -2.070,    0.900,    0.810,    0.000,
   -0.490,   -0.840,   -0.830,    0.000,
   -1.360,    0.690,    0.630,    0.000,
   -2.120,    1.070,    0.980,    0.000,
   -3.460,    1.400,    1.260,    0.000,
   -3.900,    1.310,    1.150,    0.000,
   -5.050,    1.200,    1.020,    0.000,
   -5.580,    0.780,    0.590,    0.000,
   -5.130,   -0.540,   -0.680,    0.000,
   -6.020,    1.050,    0.840,    0.000,
   -6.920,    0.730,    0.500,    0.000,
   -7.940,    0.920,    0.650,    0.000,
   -8.470,    1.010,    0.720,    0.000,
   -7.600,    0.950,    0.690,    0.000,
   -4.430,   -1.150,   -1.250,    0.000,
   -2.140,   -1.490,   -1.510,    0.000,
   -0.710,   -0.930,   -0.920,    0.000,
   -0.260,   -0.410,   -0.400,    0.000,
    0.000,   -0.060,   -0.060,    0.000,
    0.090,    0.060,    0.060,    0.000,
    0.060,    0.030,    0.030,    0.000,
    0.010,    0.000,    0.000,    0.000,
    0.010,    0.000,    0.000,    0.000,
    0.020,    0.000,    0.000,    0.000,
    0.020,    0.000,    0.000,    0.000,
    0.020,    0.000,    0.000,    0.000,
    0.020,    0.000,    0.000,    0.000,
    0.020,    0.000,    0.000,    0.000,
    0.020,    0.000,    0.000,    0.000,
    0.020,    0.000,    0.000,    0.000,
    0.080,    0.040,    0.040,    0.000,
    0.070,    0.080,    0.070,    0.000,
    0.030,    0.000,    0.000,    0.000,
    0.130,    0.050,    0.050,    0.000,
   -0.140,    0.140,    0.140,    0.000,
   -1.900,    1.360,    1.260,    0.000,
   -2.510,    0.910,    0.810,    0.000,
   -1.960,    0.870,    0.780,    0.000,
   -2.100,    0.740,    0.660,    0.000,
   -1.870,    0.670,    0.590,    0.000,
   -1.770,    0.340,    0.270,    0.000,
   -1.140,    0.180,    0.140,    0.000,
   -0.300,   -0.210,   -0.210,    0.000,
   -0.390,    0.000,    0.000,    0.000,
   -0.400,    0.380,    0.360,    0.000,
   -0.090,    0.030,    0.020,    0.000,
   -0.410,    0.390,    0.360,    0.000,
   -0.210,    0.160,    0.150,    0.000,
   -1.050,    0.830,    0.780,    0.000,
   -2.560,    1.360,    1.240,    0.000,
   -3.890,    1.490,    1.330,    0.000,
   -4.600,    1.310,    1.130,    0.000,
   -5.330,    0.860,    0.680,    0.000,
   -5.660,    0.730,    0.540,    0.000,
   -6.310,    0.550,    0.350,    0.000,
   -6.280,    0.370,    0.170,    0.000,
   -6.960,    0.550,    0.320,    0.000,
   -5.820,   -0.640,   -0.800,    0.000,
   -7.530,    1.010,    0.750,    0.000,
   -8.150,    1.180,    0.900,    0.000,
   -8.880,    1.030,    0.740,    0.000,
   -9.200,    0.820,    0.520,    0.000,
   -9.570,    0.830,    0.520,    0.000,
  -11.040,    1.210,    0.840,    0.000,
   -8.580,   -0.500,   -0.740,    0.000,
   -4.580,   -1.440,   -1.530,    0.000,
   -1.630,   -2.260,   -2.240,    0.000,
   -0.420,   -0.610,   -0.610,    0.000,
    0.160,    0.000,    0.000,    0.000,
    0.130,    0.120,    0.120,    0.000,
    0.120,    0.090,    0.090,    0.000,
    0.050,    0.030,    0.030,    0.000,
    0.010,    0.000,    0.000,    0.000,
    0.020,    0.000,    0.000,    0.000,
    0.020,    0.000,    0.000,    0.000,
    0.020,    0.000,    0.000,    0.000,
    0.020,    0.000,    0.000,    0.000,
    0.020,    0.000,    0.000,    0.000,
    0.020,    0.000,    0.000,    0.000,
    0.020,    0.000,    0.000,    0.000,
    0.020,    0.000,    0.000,    0.000,
    0.020,    0.000,    0.000,    0.000,
    0.100,    0.060,    0.060,    0.000,
    0.260,    0.180,    0.180,    0.000,
    0.430,   -0.170,   -0.150,    0.000,
    0.210,   -0.040,   -0.030,    0.000,
    0.590,   -0.330,   -0.310,    0.000,
    0.790,   -0.420,   -0.380,    0.000,
   -0.410,    0.470,    0.440,    0.000,
   -1.430,    0.150,    0.100,    0.000,
   -1.600,   -0.530,   -0.560,    0.000,
   -1.670,   -0.390,   -0.430,    0.000,
   -2.110,    0.350,    0.270,    0.000,
   -2.960,    0.530,    0.430,    0.000,
   -2.300,   -0.120,   -0.190,    0.000,
   -0.450,   -1.290,   -1.260,    0.000,
   -0.290,    0.220,    0.200,    0.000,
   -0.220,   -0.160,   -0.160,    0.000,
   -0.120,   -0.310,   -0.300,    0.000,
    0.120,   -0.860,   -0.830,    0.000,
    0.220,   -0.360,   -0.340,    0.000,
   -0.220,    0.100,    0.090,    0.000,
    0.260,   -0.340,   -0.320,    0.000,
    0.710,   -0.490,   -0.460,    0.000,
    2.180,   -0.740,   -0.660,    0.000,
    3.350,   -0.920,   -0.790,    0.000,
    3.350,   -0.630,   -0.510,    0.000,
    3.020,    0.110,    0.190,    0.000,
    3.230,   -0.280,   -0.180,    0.000,
    4.580,   -0.830,   -0.670,    0.000,
    5.730,   -1.350,   -1.140,    0.000,
    6.910,   -1.450,   -1.200,    0.000,
    8.620,   -1.350,   -1.050,    0.000,
   10.120,   -1.310,   -0.970,    0.000,
   10.570,   -1.130,   -0.780,    0.000,
   10.850,   -0.590,   -0.250,    0.000,
    9.210,    0.470,    0.730,    0.000,
    9.890,   -0.800,   -0.480,    0.000,
   10.870,   -0.810,   -0.460,    0.000,
    8.890,    0.890,    1.130,    0.000,
    7.580,    0.810,    1.010,    0.000,
    6.520,    0.040,    0.240,    0.000,
    1.350,   -5.550,   -5.340,    0.000,
   -1.240,   -2.300,   -2.270,    0.000,
   -0.890,   -1.040,   -1.030,    0.000,
   -0.180,   -0.320,   -0.310,    0.000,
    0.080,    0.050,    0.050,    0.000,
    0.020,    0.000,    0.000,    0.000,
    0.030,    0.000,    0.000,    0.000,
    0.020,    0.000,    0.000,    0.000,
    0.020,    0.000,    0.000,    0.000,
    0.020,    0.000,    0.000,    0.000,
    0.020,    0.000,    0.000,    0.000,
    0.020,    0.000,    0.000,    0.000,
    0.020,    0.000,    0.000,    0.000,
    0.040,   -0.010,   -0.010,    0.000,
    0.050,    0.030,    0.030,    0.000,
    0.110,    0.070,    0.070,    0.000,
    0.130,    0.140,    0.140,    0.000,
   -0.280,    0.640,    0.610,    0.000,
   -1.300,    0.740,    0.680,    0.000,
   -2.630,    1.090,    0.980,    0.000,
   -3.120,    0.610,    0.500,    0.000,
   -2.800,   -0.060,   -0.140,    0.000,
   -2.980,    0.230,    0.130,    0.000,
   -3.260,    0.140,    0.040,    0.000,
   -3.510,    0.160,    0.050,    0.000,
   -3.370,    0.350,    0.240,    0.000,
   -3.080,    0.230,    0.130,    0.000,
   -3.020,    0.180,    0.080,    0.000,
   -2.840,    0.120,    0.030,    0.000,
   -2.740,   -0.020,   -0.100,    0.000,
   -1.940,   -0.100,   -0.160,    0.000,
   -1.850,    0.260,    0.200,    0.000,
   -0.630,    0.180,    0.160,    0.000,
   -1.350,    0.430,    0.370,    0.000,
   -1.730,    0.770,    0.700,    0.000,
   -2.350,    0.760,    0.670,    0.000,
   -2.910,    0.830,    0.720,    0.000,
   -3.010,    0.670,    0.560,    0.000,
   -3.020,    0.190,    0.090,    0.000,
   -2.440,   -0.050,   -0.130,    0.000,
   -2.730,    0.390,    0.300,    0.000,
   -3.200,    0.460,    0.350,    0.000,
   -2.770,    0.150,    0.060,    0.000,
   -1.190,   -0.370,   -0.400,    0.000,
   -0.440,   -0.500,   -0.500,    0.000,
   -0.510,   -0.110,   -0.120,    0.000,
   -0.100,   -0.260,   -0.260,    0.000,
   -0.180,   -0.110,   -0.110,    0.000,
   -0.080,   -0.150,   -0.140,    0.000,
    0.050,    0.030,    0.030,    0.000,
    0.020,    0.020,    0.020,    0.000,
    0.010,    0.000,    0.000,    0.000,
   -0.010,   -0.040,   -0.040,    0.000,
   -0.100,   -0.020,   -0.020,    0.000,
   -0.250,   -0.410,   -0.400,    0.000,
   -0.480,   -0.070,   -0.080,    0.000,
   -0.640,   -0.350,   -0.360,    0.000,
   -0.350,   -0.760,   -0.750,    0.000,
   -1.660,    0.390,    0.320,    0.000,
   -0.620,   -1.000,   -0.990,    0.000,
    0.260,   -1.050,   -1.010,    0.000,
   -0.410,   -0.180,   -0.190,    0.000,
   -0.570,   -0.090,   -0.100,    0.000,
   -0.740,    0.500,    0.460,    0.000,
    0.110,   -0.550,   -0.530,    0.000,
    0.450,   -0.610,   -0.570,    0.000,
   -0.450,    0.180,    0.160,    0.000,
   -0.460,    0.100,    0.090,    0.000,
   -0.340,    0.060,    0.040,    0.000,
   -0.040,   -0.800,   -0.780,    0.000,
    1.000,   -0.860,   -0.800,    0.000,
    0.720,   -0.280,   -0.250,    0.000,
    1.170,   -0.290,   -0.240,    0.000,
    0.270,    0.410,    0.410,    0.000,
    0.580,   -0.270,   -0.250,    0.000,
    1.620,   -0.820,   -0.740,    0.000,
    2.350,   -1.080,   -0.980,    0.000,
    3.530,   -1.100,   -0.960,    0.000,
    3.890,   -0.750,   -0.610,    0.000,
    4.110,   -0.540,   -0.400,    0.000,
    4.400,   -0.610,   -0.460,    0.000,
    4.760,   -0.500,   -0.340,    0.000,
    4.790,    0.100,    0.240,    0.000,
    5.040,   -0.250,   -0.090,    0.000,
    5.840,   -0.760,   -0.560,    0.000,
    6.940,   -1.120,   -0.880,    0.000,
    8.890,   -1.640,   -1.330,    0.000,
   10.880,   -1.590,   -1.210,    0.000,
   11.940,   -1.570,   -1.170,    0.000,
   12.630,   -1.120,   -0.710,    0.000,
   12.950,   -0.940,   -0.520,    0.000,
   10.450,   -0.010,    0.300,    0.000,
    4.130,   -0.510,   -0.370,    0.000,
    0.830,    0.970,    0.970,    0.000,
    0.080,    0.370,    0.360,    0.000,
   -0.190,   -0.010,   -0.020,    0.000,
    0.030,   -0.020,   -0.020,    0.000,
    0.060,    0.010,    0.010,    0.000,
    0.000,    0.000,    0.000,    0.000,
    0.130,   -0.020,   -0.020,    0.000,
    0.060,    0.040,    0.040,    0.000,
    0.030,    0.150,    0.150,    0.000,
    0.410,    0.200,    0.200,    0.000,
    0.210,    0.760,    0.750,    0.000,
    0.120,    0.760,    0.740,    0.000,
   -1.010,    1.240,    1.170,    0.000,
   -0.180,    0.000,   -0.010,    0.000,
    0.050,   -0.410,   -0.400,    0.000,
   -0.040,   -0.120,   -0.110,    0.000,
   -0.510,    0.210,    0.190,    0.000,
   -0.640,    0.380,    0.350,    0.000,
   -0.410,   -0.160,   -0.160,    0.000,
   -0.330,    0.040,    0.030,    0.000,
   -0.220,    0.200,    0.180,    0.000,
    0.520,    0.280,    0.280,    0.000,
   -0.080,    0.720,    0.700,    0.000,
   -0.590,    0.370,    0.340,    0.000,
   -0.880,    0.510,    0.470,    0.000,
   -1.480,    0.370,    0.310,    0.000,
   -1.470,    0.230,    0.180,    0.000,
   -1.090,    0.220,    0.180,    0.000,
   -0.920,    0.170,    0.130,    0.000,
   -0.720,    0.100,    0.080,    0.000,
   -0.320,   -0.060,   -0.070,    0.000,
   -0.210,    0.030,    0.020,    0.000,
    0.030,   -0.070,   -0.070,    0.000,
    0.330,    0.160,    0.160,    0.000,
   -0.070,    0.630,    0.610,    0.000,
   -0.230,    0.420,    0.400,    0.000,
   -0.790,    0.210,    0.180,    0.000,
   -0.800,    0.420,    0.380,    0.000,
   -0.450,    0.110,    0.090,    0.000,
   -0.790,    0.500,    0.470,    0.000,
   -0.600,    0.210,    0.190,    0.000,
   -1.180,    0.570,    0.520,    0.000,
   -1.080,    0.240,    0.200,    0.000,
   -1.940,    0.760,    0.680,    0.000,
   -1.190,   -0.260,   -0.280,    0.000,
   -2.000,    0.810,    0.730,    0.000,
   -2.030,    0.820,    0.740,    0.000,
   -2.260,    0.510,    0.420,    0.000,
   -2.900,    0.680,    0.580,    0.000,
   -1.990,    0.330,    0.260,    0.000,
   -0.640,   -0.030,   -0.050,    0.000,
   -0.590,    0.050,    0.030,    0.000,
    0.190,   -0.450,   -0.430,    0.000,
   -0.280,   -0.580,   -0.570,    0.000,
   -0.010,   -0.130,   -0.130,    0.000,
   -0.070,    0.010,    0.010,    0.000,
   -0.160,   -0.150,   -0.150,    0.000,
   -0.110,   -0.150,   -0.150,    0.000,
    0.030,   -0.020,   -0.010,    0.000,
    0.010,    0.000,    0.000,    0.000,
    0.030,    0.000,    0.000,    0.000,
    0.000,   -0.010,   -0.010,    0.000,
   -0.220,   -0.130,   -0.130,    0.000,
    0.320,   -0.420,   -0.400,    0.000,
   -0.150,   -0.140,   -0.140,    0.000,
   -1.070,    0.330,    0.290,    0.000,
   -0.020,   -0.810,   -0.790,    0.000,
    1.400,   -0.870,   -0.800,    0.000,
    1.750,   -0.250,   -0.190,    0.000,
    1.460,    0.000,    0.040,    0.000,
    1.440,   -0.250,   -0.200,    0.000,
    1.460,    0.020,    0.060,    0.000,
    1.320,   -0.190,   -0.140,    0.000,
    0.750,    0.140,    0.160,    0.000,
    1.160,   -0.210,   -0.170,    0.000,
   -0.040,    0.430,    0.410,    0.000,
    0.520,   -0.870,   -0.830,    0.000,
    1.350,   -0.840,   -0.780,    0.000,
    1.470,   -0.470,   -0.410,    0.000,
    0.770,    0.070,    0.090,    0.000,
    1.040,    0.130,    0.160,    0.000,
    0.770,   -0.210,   -0.180,    0.000,
    1.010,   -0.490,   -0.450,    0.000,
    1.730,   -0.360,   -0.300,    0.000,
    1.720,   -0.170,   -0.110,    0.000,
    1.740,   -0.290,   -0.230,    0.000,
    2.050,   -0.280,   -0.210,    0.000,
    1.840,   -0.370,   -0.300,    0.000,
    1.780,   -0.200,   -0.140,    0.000,
    1.150,    0.380,    0.400,    0.000,
    2.010,   -0.580,   -0.500,    0.000,
    2.340,   -0.390,   -0.300,    0.000,
    2.650,   -0.130,   -0.050,    0.000,
    2.250,   -0.210,   -0.140,    0.000,
    2.180,    0.080,    0.150,    0.000,
    1.340,    0.350,    0.380,    0.000,
    1.670,   -0.210,   -0.160,    0.000,
    1.840,   -0.110,   -0.050,    0.000,
    2.250,   -0.570,   -0.490,    0.000,
    1.450,   -0.100,   -0.050,    0.000,
    1.290,   -0.170,   -0.130,    0.000,
    1.800,   -0.180,   -0.120,    0.000,
    1.580,   -0.150,   -0.100,    0.000,
    1.780,   -0.400,   -0.340,    0.000,
    1.430,   -0.060,   -0.010,    0.000,
    1.650,   -0.220,   -0.160,    0.000,
    1.800,   -0.610,   -0.530,    0.000,
    1.820,   -0.490,   -0.420,    0.000,
    1.880,   -0.140,   -0.080,    0.000,
    1.530,    0.010,    0.050,    0.000,
    0.810,    0.370,    0.380,    0.000,
    1.180,   -0.360,   -0.310,    0.000,
    1.470,   -0.470,   -0.410,    0.000,
    1.180,   -0.210,   -0.170,    0.000,
    0.920,    0.000,    0.030,    0.000,
    1.180,   -0.340,   -0.290,    0.000,
    0.900,   -0.100,   -0.070,    0.000,
    1.950,   -0.620,   -0.550,    0.000,
    1.070,    0.010,    0.040,    0.000,
    0.690,   -0.040,   -0.020,    0.000,
    0.810,   -0.110,   -0.080,    0.000,
    0.940,   -0.560,   -0.510,    0.000,
    0.690,   -0.230,   -0.200,    0.000,
    0.960,   -0.130,   -0.090,    0.000,
    0.810,   -0.160,   -0.130,    0.000,
    0.520,    0.150,    0.160,    0.000,
    1.300,   -0.610,   -0.550,    0.000,
    0.870,   -0.280,   -0.250,    0.000,
    0.560,   -0.280,   -0.260,    0.000,
    0.010,    0.080,    0.080,    0.000,
    0.260,   -0.220,   -0.210,    0.000,
    0.680,   -0.220,   -0.200,    0.000,
    1.790,   -0.870,   -0.790,    0.000,
    0.540,    0.100,    0.120,    0.000,
    0.770,   -0.140,   -0.110,    0.000,
    0.300,    0.300,    0.300,    0.000,
    0.210,    0.740,    0.720,    0.000,
    0.200,    0.920,    0.890,    0.000,
    0.800,    0.040,    0.070,    0.000,
    1.030,    0.550,    0.560,    0.000,
    1.540,    0.270,    0.310,    0.000,
    1.020,    0.890,    0.890,    0.000,
    0.970,    1.030,    1.020,    0.000,
    0.800,    0.470,    0.480,    0.000,
    0.810,    0.840,    0.840,    0.000,
    0.920,    0.940,    0.940,    0.000,
    1.030,    0.990,    0.990,    0.000,
    1.090,    0.980,    0.980,    0.000,
    0.950,    0.900,    0.900,    0.000,
    1.050,    1.070,    1.070,    0.000,
    0.760,    0.820,    0.820,    0.000,
    0.770,    0.730,    0.730,    0.000,
    0.590,    0.530,    0.530,    0.000,
    0.530,    0.390,    0.390,    0.000,
    0.270,    0.260,    0.260,    0.000,
    0.530,    0.480,    0.480,    0.000,
    0.370,    0.370,    0.370,    0.000,
    0.110,    0.170,    0.170,    0.000,
   -0.070,   -0.040,   -0.050,    0.000,
    0.000,   -0.040,   -0.040,    0.000,
    0.030,    0.000,    0.000,    0.000,
    0.020,    0.000,    0.000,    0.000,
    0.020,    0.000,    0.000,    0.000,
    0.680,    0.510,    0.520,    0.000,
    0.940,    0.970,    0.960,    0.000,
    1.110,    1.090,    1.090,    0.000,
    0.760,    0.760,    0.760,    0.000,
    0.450,    0.490,    0.490,    0.000,
    0.180,    0.220,    0.220,    0.000,
    0.260,    0.220,    0.220,    0.000,
    0.320,    0.310,    0.310,    0.000,
    0.370,    0.360,    0.360,    0.000,
    0.410,    0.320,    0.320,    0.000,
    0.490,    0.310,    0.320,    0.000,
    0.700,    0.300,    0.310,    0.000,
    1.310,    0.190,    0.230,    0.000,
    0.980,    0.490,    0.500,    0.000,
    0.610,    0.670,    0.670,    0.000,
    0.500,    0.610,    0.610,    0.000,
    0.390,    0.360,    0.360,    0.000,
    0.440,    0.410,    0.410,    0.000,
    0.550,    0.470,    0.470,    0.000,
    0.540,    0.560,    0.560,    0.000,
    0.370,    0.450,    0.450,    0.000,
    0.410,    0.400,    0.400,    0.000,
    0.430,    0.520,    0.520,    0.000,
    0.610,    0.500,    0.500,    0.000,
    0.720,    0.240,    0.250,    0.000,
    0.580,    0.570,    0.570,    0.000,
    0.580,    0.770,    0.760,    0.000,
    0.860,    0.790,    0.790,    0.000,
    0.910,    1.080,    1.080,    0.000,
    1.100,    1.250,    1.240,    0.000,
    1.360,    1.190,    1.200,    0.000,
    1.370,    1.340,    1.340,    0.000,
    1.350,    1.430,    1.430,    0.000,
    1.340,    1.240,    1.240,    0.000,
    1.400,    1.310,    1.310,    0.000,
    1.360,    1.360,    1.360,    0.000,
    1.280,    1.260,    1.260,    0.000,
    1.270,    1.400,    1.400,    0.000,
    1.420,    1.350,    1.350,    0.000,
    1.320,    1.220,    1.220,    0.000,
    1.420,    1.280,    1.290,    0.000,
    1.540,    1.370,    1.380,    0.000,
    1.280,    1.210,    1.210,    0.000,
    1.310,    1.340,    1.340,    0.000,
    1.350,    1.310,    1.310,    0.000,
    1.300,    1.200,    1.210,    0.000,
    1.250,    1.330,    1.330,    0.000,
    1.450,    1.270,    1.280,    0.000,
    1.390,    1.170,    1.180,    0.000,
    1.460,    1.330,    1.330,    0.000,
    1.390,    1.300,    1.300,    0.000,
    1.430,    1.360,    1.370,    0.000,
    1.380,    1.350,    1.350,    0.000,
    1.300,    1.220,    1.220,    0.000,
    1.430,    1.330,    1.330,    0.000,
    1.430,    1.360,    1.360,    0.000,
    1.460,    1.250,    1.250,    0.000,
    1.280,    1.560,    1.550,    0.000,
    1.410,    1.360,    1.360,    0.000,
    1.220,    1.210,    1.210,    0.000,
    1.390,    1.420,    1.410,    0.000,
    1.520,    1.390,    1.390,    0.000,
    1.170,    1.260,    1.260,    0.000,
    1.060,    1.430,    1.420,    0.000,
    1.470,    1.310,    1.320,    0.000,
    1.310,    1.320,    1.320,    0.000,
    1.390,    1.450,    1.450,    0.000,
    1.340,    1.500,    1.500,    0.000,
    1.320,    1.360,    1.360,    0.000,
    1.360,    1.380,    1.380,    0.000,
    1.340,    1.230,    1.230,    0.000,
    1.520,    1.380,    1.380,    0.000,
    1.600,    1.320,    1.330,    0.000,
    1.600,    1.390,    1.400,    0.000,
    1.550,    1.540,    1.540,    0.000,
    1.530,    1.410,    1.420,    0.000,
    1.230,    1.360,    1.360,    0.000,
    1.450,    1.420,    1.420,    0.000,
    1.520,    1.320,    1.330,    0.000,
    1.380,    1.290,    1.300,    0.000,
    1.440,    1.450,    1.450,    0.000,
    1.430,    1.470,    1.460,    0.000,
    1.400,    1.320,    1.320,    0.000,
    1.530,    1.450,    1.450,    0.000,
    1.750,    1.320,    1.330,    0.000,
    1.420,    1.350,    1.350,    0.000,
    1.320,    1.520,    1.510,    0.000,
    1.420,    1.440,    1.430,    0.000,
    1.480,    1.260,    1.260,    0.000,
    1.420,    1.520,    1.520,    0.000,
    1.420,    1.480,    1.480,    0.000,
    1.460,    1.260,    1.270,    0.000,
    1.500,    1.410,    1.410,    0.000,
    1.440,    1.500,    1.500,    0.000,
    1.480,    1.320,    1.330,    0.000,
    1.630,    1.480,    1.480,    0.000,
    1.510,    1.520,    1.520,    0.000,
    1.470,    1.360,    1.370,    0.000,
    1.540,    1.470,    1.480,    0.000,
    1.490,    1.560,    1.550,    0.000,
    1.370,    1.360,    1.360,    0.000,
    1.520,    1.440,    1.440,    0.000,
    1.580,    1.330,    1.340,    0.000,
    1.430,    1.400,    1.400,    0.000,
    1.390,    1.590,    1.580,    0.000,
    1.500,    1.370,    1.370,    0.000,
    1.380,    1.370,    1.370,    0.000,
    1.420,    1.480,    1.470,    0.000,
    1.520,    1.320,    1.320,    0.000,
    1.610,    1.420,    1.430,    0.000,
    1.370,    1.460,    1.460,    0.000,
    1.280,    1.440,    1.430,    0.000,
    1.480,    1.390,    1.390,    0.000,
    1.580,    1.440,    1.440,    0.000,
    1.580,    1.360,    1.360,    0.000,
    1.570,    1.480,    1.480,    0.000,
    1.460,    1.410,    1.410,    0.000,
    1.400,    1.480,    1.480,    0.000,
    1.410,    1.470,    1.470,    0.000,
    1.450,    1.310,    1.320,    0.000,
    1.300,    1.490,    1.480,    0.000,
    1.070,    1.440,    1.430,    0.000,
    1.390,    1.360,    1.370,    0.000,
    1.500,    1.420,    1.420,    0.000,
    1.390,    1.280,    1.290,    0.000,
    1.480,    1.480,    1.480,    0.000,
    1.480,    1.500,    1.500,    0.000,
    1.400,    1.420,    1.420,    0.000,
    1.560,    1.530,    1.530,    0.000,
    1.450,    1.350,    1.360,    0.000,
    1.720,    1.460,    1.470,    0.000,
    1.420,    1.530,    1.520,    0.000,
    1.480,    1.570,    1.560,    0.000,
    1.710,    1.730,    1.730,    0.000,
    1.480,    1.550,    1.550,    0.000,
    1.660,    1.680,    1.680,    0.000,
    1.910,    1.610,    1.620,    0.000,
    1.830,    1.650,    1.650,    0.000,
    1.840,    1.870,    1.870,    0.000,
    1.740,    1.820,    1.810,    0.000,
    1.600,    1.950,    1.940,    0.000,
    1.800,    1.810,    1.810,    0.000,
    1.860,    1.780,    1.780,    0.000,
    1.930,    1.800,    1.800,    0.000,
    1.840,    1.780,    1.780,    0.000,
    1.730,    1.980,    1.970,    0.000,
    1.980,    1.640,    1.650,    0.000,
    1.950,    1.830,    1.830,    0.000,
    2.020,    1.750,    1.760,    0.000,
    1.730,    1.740,    1.740,    0.000,
    1.680,    1.840,    1.830,    0.000,
    1.850,    1.650,    1.650,    0.000,
    1.870,    1.850,    1.850,    0.000,
    1.610,    1.680,    1.680,    0.000,
    1.600,    1.760,    1.760,    0.000,
    1.420,    1.940,    1.920,    0.000,
    1.710,    1.460,    1.470,    0.000,
    1.810,    1.560,    1.570,    0.000,
    1.830,    1.510,    1.520,    0.000,
    1.550,    1.740,    1.730,    0.000,
    1.660,    1.480,    1.490,    0.000,
    1.810,    1.590,    1.600,    0.000,
    1.680,    1.730,    1.730,    0.000,
    1.400,    1.850,    1.830,    0.000,
    1.380,    1.780,    1.770,    0.000,
    1.540,    1.410,    1.410,    0.000,
    1.600,    1.610,    1.610,    0.000,
    1.770,    1.460,    1.470,    0.000,
    1.640,    1.650,    1.650,    0.000,
    1.580,    1.610,    1.610,    0.000,
    1.510,    1.510,    1.510,    0.000,
    1.450,    1.710,    1.700,    0.000,
    1.640,    1.500,    1.500,    0.000,
    1.560,    1.710,    1.710,    0.000,
    1.660,    1.540,    1.540,    0.000,
    1.620,    1.690,    1.690,    0.000,
    1.620,    1.530,    1.540,    0.000,
    1.840,    1.590,    1.600,    0.000,
    1.860,    1.560,    1.570,    0.000,
    1.640,    1.530,    1.540,    0.000,
    1.800,    1.610,    1.620,    0.000,
    1.570,    1.520,    1.520,    0.000,
    1.630,    1.600,    1.600,    0.000,
    1.650,    1.490,    1.500,    0.000,
    1.510,    1.700,    1.690,    0.000,
    1.610,    1.520,    1.520,    0.000,
    1.650,    1.540,    1.550,    0.000,
    1.680,    1.660,    1.660,    0.000,
    1.340,    1.770,    1.760,    0.000,
    1.310,    1.570,    1.570,    0.000,
    1.630,    1.230,    1.240,    0.000,
    1.710,    1.560,    1.570,    0.000,
    1.700,    1.510,    1.510,    0.000,
    1.830,    1.580,    1.580,    0.000,
    1.710,    1.620,    1.620,    0.000,
    1.770,    1.520,    1.530,    0.000,
    1.960,    1.560,    1.570,    0.000,
    1.720,    1.540,    1.540,    0.000,
    1.980,    1.680,    1.690,    0.000,
    1.710,    1.540,    1.540,    0.000,
    1.600,    1.670,    1.670,    0.000,
    1.700,    1.560,    1.560,    0.000,
    1.540,    1.640,    1.640,    0.000,
    1.640,    1.660,    1.660,    0.000,
    1.510,    1.560,    1.560,    0.000,
    1.690,    1.650,    1.660,    0.000,
    1.660,    1.530,    1.540,    0.000,
    1.710,    1.670,    1.670,    0.000,
    1.830,    1.470,    1.480,    0.000,
    1.760,    1.620,    1.620,    0.000,
    1.830,    1.520,    1.530,    0.000,
    1.540,    1.590,    1.590,    0.000,
    1.540,    1.650,    1.650,    0.000,
    1.690,    1.580,    1.590,    0.000,
    1.620,    1.660,    1.650,    0.000,
    1.660,    1.510,    1.510,    0.000,
    1.650,    1.600,    1.600,    0.000,
    1.850,    1.390,    1.400,    0.000,
    1.960,    1.570,    1.580,    0.000,
    1.850,    1.530,    1.540,    0.000,
    1.690,    1.630,    1.630,    0.000,
    1.850,    1.500,    1.510,    0.000,
    1.800,    1.480,    1.490,    0.000,
    1.610,    1.580,    1.580,    0.000,
    1.520,    1.580,    1.580,    0.000,
    1.740,    1.540,    1.550,    0.000,
    1.650,    1.460,    1.470,    0.000,
    1.560,    1.640,    1.640,    0.000,
    1.770,    1.590,    1.590,    0.000,
    1.640,    1.530,    1.530,    0.000,
    1.460,    1.520,    1.520,    0.000,
    1.630,    1.620,    1.620,    0.000,
    1.810,    1.550,    1.560,    0.000,
    1.600,    1.680,    1.680,    0.000,
    1.710,    1.560,    1.570,    0.000,
    1.680,    1.510,    1.520,    0.000,
    1.700,    1.530,    1.540,    0.000,
    1.580,    1.530,    1.530,    0.000,
    1.730,    1.620,    1.620,    0.000,
    1.730,    1.560,    1.560,    0.000,
    1.930,    1.670,    1.670,    0.000,
    1.610,    1.570,    1.580,    0.000,
    1.790,    1.700,    1.700,    0.000,
    1.300,    1.760,    1.750,    0.000,
    1.290,    1.830,    1.810,    0.000,
    1.710,    1.320,    1.330,    0.000,
    1.610,    1.610,    1.610,    0.000,
    1.690,    1.600,    1.600,    0.000,
    1.610,    1.730,    1.720,    0.000,
    1.690,    1.580,    1.580,    0.000,
    1.700,    1.630,    1.630,    0.000,
    1.780,    1.560,    1.570,    0.000,
    2.110,    1.470,    1.490,    0.000,
    1.810,    1.650,    1.650,    0.000,
    1.690,    1.620,    1.630,    0.000,
    1.760,    1.680,    1.690,    0.000,
    1.840,    1.550,    1.560,    0.000,
    1.640,    1.710,    1.710,    0.000,
    1.650,    1.590,    1.590,    0.000,
    1.290,    1.700,    1.690,    0.000,
    1.890,    1.470,    1.480,    0.000,
    1.540,    1.930,    1.920,    0.000,
    1.580,    1.650,    1.640,    0.000,
    1.890,    1.330,    1.340,    0.000,
    1.770,    1.450,    1.460,    0.000,
    1.940,    1.590,    1.600,    0.000,
    1.670,    1.550,    1.560,    0.000,
    1.720,    1.620,    1.630,    0.000,
    1.880,    1.540,    1.550,    0.000,
    1.720,    1.500,    1.510,    0.000,
    1.720,    1.500,    1.510,    0.000,
    1.660,    1.560,    1.560,    0.000,
    1.550,    1.630,    1.630,    0.000,
    1.720,    1.560,    1.570,    0.000,
    1.840,    1.670,    1.670,    0.000,
    2.050,    1.590,    1.600,    0.000,
    1.850,    1.640,    1.640,    0.000,
    1.740,    1.790,    1.780,    0.000,
    1.790,    1.610,    1.620,    0.000,
    1.800,    1.530,    1.540,    0.000,
    1.690,    1.570,    1.570,    0.000,
    1.660,    1.570,    1.570,    0.000,
    1.520,    1.770,    1.770,    0.000,
    1.530,    1.540,    1.540,    0.000,
    1.850,    1.590,    1.590,    0.000,
    1.670,    1.570,    1.570,    0.000,
    1.970,    1.610,    1.620,    0.000,
    1.700,    1.610,    1.610,    0.000,
    1.810,    1.690,    1.700,    0.000,
    1.710,    1.440,    1.440,    0.000,
    1.700,    1.650,    1.650,    0.000,
    1.610,    1.520,    1.530,    0.000,
    1.790,    1.570,    1.580,    0.000,
    1.880,    1.470,    1.480,    0.000,
    1.610,    1.580,    1.580,    0.000,
    1.630,    1.420,    1.420,    0.000,
    1.800,    1.650,    1.660,    0.000,
    1.370,    1.630,    1.620,    0.000,
    1.580,    1.630,    1.630,    0.000,
    1.680,    1.420,    1.430,    0.000,
    1.750,    1.630,    1.630,    0.000,
    1.810,    1.540,    1.550,    0.000,
    1.580,    1.710,    1.700,    0.000,
    1.790,    1.530,    1.530,    0.000,
    1.610,    1.840,    1.830,    0.000,
    1.690,    1.600,    1.600,    0.000,
    1.560,    1.620,    1.620,    0.000,
    1.540,    1.540,    1.540,    0.000,
    1.340,    1.840,    1.820,    0.000,
    1.510,    1.590,    1.590,    0.000,
    1.560,    1.540,    1.540,    0.000,
    1.380,    1.460,    1.460,    0.000,
    1.410,    1.710,    1.700,    0.000,
    1.710,    1.310,    1.320,    0.000,
    1.460,    1.530,    1.530,    0.000,
    1.820,    1.200,    1.220,    0.000,
    1.530,    1.540,    1.540,    0.000,
    1.500,    1.410,    1.410,    0.000,
    1.420,    1.680,    1.670,    0.000,
    1.480,    1.440,    1.440,    0.000,
    1.610,    1.420,    1.430,    0.000,
    1.160,    1.620,    1.610,    0.000,
    1.260,    1.770,    1.750,    0.000,
    1.500,    1.400,    1.400,    0.000,
    1.760,    1.500,    1.510,    0.000,
    1.570,    1.470,    1.480,    0.000,
    1.620,    1.710,    1.710,    0.000,
    1.770,    1.350,    1.370,    0.000,
    1.530,    1.620,    1.620,    0.000,
    1.700,    1.390,    1.400,    0.000,
    1.950,    1.390,    1.410,    0.000,
    1.150,    1.770,    1.750,    0.000,
    1.920,    1.240,    1.260,    0.000,
    1.790,    1.480,    1.490,    0.000,
    1.270,    1.910,    1.890,    0.000,
    1.640,    1.590,    1.590,    0.000,
    1.670,    1.700,    1.700,    0.000,
    1.770,    1.410,    1.420,    0.000,
    1.490,    1.460,    1.460,    0.000,
    1.470,    1.620,    1.620,    0.000,
    1.700,    1.630,    1.630,    0.000,
    1.750,    1.390,    1.400,    0.000,
    1.640,    1.480,    1.480,    0.000,
    1.780,    1.530,    1.530,    0.000,
    1.620,    1.540,    1.550,    0.000,
    1.670,    1.590,    1.600,    0.000,
    1.650,    1.650,    1.650,    0.000,
    1.780,    1.540,    1.550,    0.000,
    1.700,    1.600,    1.610,    0.000,
    1.700,    1.600,    1.610,    0.000,
    1.550,    1.640,    1.640,    0.000,
    1.650,    1.780,    1.770,    0.000,
    1.720,    1.680,    1.680,    0.000,
    1.720,    1.720,    1.720,    0.000,
    1.770,    1.450,    1.460,    0.000,
    1.490,    1.900,    1.890,    0.000,
    1.350,    1.870,    1.860,    0.000,
    1.640,    1.690,    1.690,    0.000,
    1.510,    1.590,    1.590,    0.000,
    2.090,    1.610,    1.620,    0.000,
    1.140,    1.940,    1.910,    0.000,
    1.590,    1.530,    1.530,    0.000,
    1.430,    1.310,    1.320,    0.000,
    1.520,    0.990,    1.000,    0.000,
    1.190,    1.000,    1.000,    0.000,
    0.850,    1.130,    1.120,    0.000,
    0.800,    1.000,    1.000,    0.000,
    0.530,    0.690,    0.680,    0.000,
    0.390,    0.780,    0.770,    0.000,
    0.500,    0.650,    0.640,    0.000,
    0.510,    0.590,    0.590,    0.000,
    0.670,    0.610,    0.610,    0.000,
    0.780,    0.560,    0.560,    0.000,
    0.590,    0.570,    0.580,    0.000,
    0.620,    0.700,    0.700,    0.000,
    0.660,    0.450,    0.460,    0.000,
    0.540,    0.460,    0.460,    0.000,
    0.610,    0.770,    0.770,    0.000,
    0.760,    0.800,    0.800,    0.000,
    0.820,    0.680,    0.690,    0.000,
    1.010,    0.960,    0.960,    0.000,
    1.160,    1.070,    1.080,    0.000,
    1.070,    1.010,    1.020,    0.000,
    1.200,    1.260,    1.260,    0.000,
    1.750,    1.430,    1.440,    0.000,
    2.200,    1.560,    1.580,    0.000,
    2.190,    1.800,    1.810,    0.000,
    1.840,    1.800,    1.800,    0.000,
    1.840,    1.640,    1.640,    0.000,
    1.730,    1.720,    1.720,    0.000,
    1.410,    1.620,    1.610,    0.000,
    1.180,    1.240,    1.240,    0.000,
    1.160,    1.250,    1.250,    0.000,
    1.110,    1.050,    1.050,    0.000,
    0.930,    1.030,    1.020,    0.000,
    0.720,    0.740,    0.740,    0.000,
    0.480,    0.610,    0.610,    0.000,
    0.530,    0.510,    0.510,    0.000,
    1.020,    0.970,    0.970,    0.000,
    1.490,    1.420,    1.420,    0.000,
    1.920,    1.890,    1.890,    0.000,
    2.120,    2.210,    2.210,    0.000,
    2.220,    2.320,    2.310,    0.000,
    2.260,    2.290,    2.290,    0.000,
    2.110,    2.230,    2.230,    0.000,
    1.990,    2.130,    2.120,    0.000,
    1.840,    1.910,    1.910,    0.000,
    1.240,    1.280,    1.280,    0.000,
    0.380,    0.500,    0.500,    0.000,
    0.390,    0.360,    0.360,    0.000,
    0.270,    0.340,    0.340,    0.000,
    0.450,    0.400,    0.400,    0.000,
    0.550,    0.580,    0.580,    0.000,
    0.410,    0.480,    0.480,    0.000,
    0.540,    0.500,    0.500,    0.000,
    0.240,    0.360,    0.350,    0.000,
    0.190,    0.190,    0.190,    0.000,
    0.000,    0.130,    0.120,    0.000,
    0.150,    0.290,    0.290,    0.000,
    0.320,    0.160,    0.170,    0.000,
    0.170,    0.350,    0.350,    0.000,
    0.030,    0.430,    0.420,    0.000,
    0.420,    0.380,    0.390,    0.000,
    0.240,    0.470,    0.460,    0.000,
    0.450,    0.470,    0.470,    0.000,
    0.440,    0.470,    0.470,    0.000,
    0.330,    0.390,    0.390,    0.000,
    0.300,    0.280,    0.280,    0.000,
    0.340,    0.230,    0.230,    0.000,
   -0.210,   -0.310,   -0.300,    0.000,
   -0.690,   -0.770,   -0.770,    0.000,
   -1.070,   -1.170,   -1.170,    0.000,
   -1.300,   -1.240,   -1.240,    0.000,
   -1.360,   -1.410,   -1.410,    0.000,
   -1.550,   -1.520,   -1.520,    0.000,
   -1.510,   -1.700,   -1.700,    0.000,
   -1.520,   -1.930,   -1.910,    0.000,
   -1.770,   -1.870,   -1.870,    0.000,
   -1.790,   -2.080,   -2.080,    0.000,
   -1.470,   -1.890,   -1.880,    0.000,
   -1.030,   -0.870,   -0.880,    0.000,
   -0.420,   -0.290,   -0.290,    0.000,
   -0.060,   -0.100,   -0.100,    0.000,
    0.120,    0.010,    0.010,    0.000,
    0.240,    0.160,    0.170,    0.000,
    0.310,    0.200,    0.200,    0.000,
    0.330,    0.290,    0.290,    0.000,
    0.400,    0.420,    0.420,    0.000,
    0.260,    0.280,    0.280,    0.000,
   -0.110,   -0.070,   -0.080,    0.000,
   -0.600,   -0.720,   -0.710,    0.000,
   -1.120,   -1.100,   -1.100,    0.000,
   -1.170,   -1.390,   -1.380,    0.000,
   -1.290,   -1.430,   -1.430,    0.000,
   -1.400,   -1.520,   -1.510,    0.000,
   -1.470,   -1.590,   -1.590,    0.000,
   -1.530,   -1.610,   -1.610,    0.000,
   -1.590,   -1.670,   -1.670,    0.000,
   -1.510,   -1.610,   -1.600,    0.000,
   -1.530,   -1.550,   -1.550,    0.000,
   -0.890,   -0.980,   -0.980,    0.000,
   -0.670,   -0.480,   -0.490,    0.000,
   -0.220,   -0.230,   -0.230,    0.000,
   -0.120,   -0.220,   -0.210,    0.000,
   -0.090,   -0.050,   -0.050,    0.000,
   -0.090,   -0.090,   -0.090,    0.000,
    0.040,    0.000,    0.000,    0.000,
    0.130,    0.150,    0.150,    0.000,
    0.140,    0.240,    0.230,    0.000,
    0.140,    0.250,    0.250,    0.000,
    0.190,    0.230,    0.230,    0.000,
    0.520,    0.540,    0.540,    0.000,
    0.700,    0.820,    0.820,    0.000,
    1.090,    0.820,    0.830,    0.000,
    1.060,    1.030,    1.030,    0.000,
    0.750,    0.840,    0.840,    0.000,
    0.900,    0.650,    0.650,    0.000,
    0.700,    0.510,    0.510,    0.000,
    0.580,    0.530,    0.530,    0.000,
    0.540,    0.370,    0.380,    0.000,
    0.240,    0.310,    0.300,    0.000,
    0.300,    0.440,    0.430,    0.000,
    0.360,    0.360,    0.360,    0.000,
   -0.170,   -0.050,   -0.050,    0.000,
   -0.260,   -0.190,   -0.190,    0.000,
    0.050,   -0.060,   -0.050,    0.000,
    0.000,    0.020,    0.020,    0.000,
   -0.050,   -0.030,   -0.030,    0.000,
   -0.060,   -0.090,   -0.090,    0.000,
   -0.010,   -0.050,   -0.050,    0.000,
   -0.010,   -0.040,   -0.040,    0.000,
   -0.010,   -0.030,   -0.030,    0.000,
    0.010,   -0.010,   -0.010,    0.000,
    0.020,    0.000,    0.000,    0.000,
    0.020,    0.000,    0.000,    0.000,
    0.020,    0.000,    0.000,    0.000,
    0.020,    0.000,    0.000,    0.000,
    0.020,    0.000,    0.000,    0.000,
    0.020,    0.000,    0.000,    0.000,
