    0.020,    0.000,    0.010,    0.000,
    0.020,    0.000,    0.010,    0.000,
    0.020,    0.000,    0.010,    0.000,
    0.020,    0.000,    0.010,    0.000,
    0.020,    0.000,    0.010,    0.000,
    0.020,    0.000,    0.010,    0.000,
    0.020,    0.000,    0.010,    0.000,
    0.020,    0.000,    0.010,    0.000,
    0.020,    0.000,    0.010,    0.000,
    0.020,    0.000,    0.010,    0.000,
    0.020,    0.000,    0.010,    0.000,
    0.020,    0.000,    0.010,    0.000,
    0.020,    0.000,    0.010,    0.000,
    0.020,    0.000,    0.010,    0.000,
    0.020,    0.000,    0.010,    0.000,
    0.020,    0.000,    0.010,    0.000,
    0.020,    0.000,    0.010,    0.000,
    0.020,    0.000,    0.010,    0.000,
    0.040,    0.020,    0.030,    0.000,
    0.010,    0.000,    0.010,    0.000,
    0.010,   -0.020,    0.000,    0.000,
   -0.040,   -0.050,   -0.040,    0.000,
   -0.080,   -0.100,   -0.090,    0.000,
   -0.070,   -0.090,   -0.080,    0.000,
   -0.080,   -0.100,   -0.090,    0.000,
   -0.090,   -0.120,   -0.100,    0.000,
   -0.140,   -0.170,   -0.150,    0.000,
   -0.220,   -0.260,   -0.240,    0.000,
   -0.330,   -0.360,   -0.350,    0.000,
   -0.240,   -0.330,   -0.280,    0.000,
   -0.110,   -0.150,   -0.130,    0.000,
   -0.180,   -0.190,   -0.180,    0.000,
   -0.260,   -0.270,   -0.260,    0.000,
   -0.430,   -0.440,   -0.430,    0.000,
   -0.230,   -0.330,   -0.280,    0.000,
   -0.150,   -0.210,   -0.180,    0.000,
   -0.270,   -0.300,   -0.280,    0.000,
   -0.060,   -0.220,   -0.130,    0.000,
   -0.030,   -0.040,   -0.030,    0.000,
   -0.160,   -0.140,   -0.150,    0.000,
   -0.150,   -0.200,   -0.170,    0.000,
   -0.110,   -0.140,   -0.130,    0.000,
   -0.160,   -0.260,   -0.200,    0.000,
   -0.180,   -0.170,   -0.180,    0.000,
   -0.200,   -0.260,   -0.220,    0.000,
   -0.110,   -0.110,   -0.110,    0.000,
   -0.190,   -0.240,   -0.220,    0.000,
   -0.120,   -0.180,   -0.150,    0.000,
    0.350,    0.150,    0.260,    0.000,
    0.330,    0.390,    0.360,    0.000,
    0.490,    0.450,    0.470,    0.000,
    0.460,    0.520,    0.490,    0.000,
    0.870,    0.670,    0.780,    0.000,
    0.700,    0.670,    0.690,    0.000,
    0.740,    0.760,    0.750,    0.000,
    0.660,    0.530,    0.600,    0.000,
    0.620,    0.560,    0.590,    0.000,
    0.810,    0.610,    0.720,    0.000,
    0.800,    0.690,    0.750,    0.000,
    0.820,    0.790,    0.810,    0.000,
    0.940,    0.860,    0.910,    0.000,
    0.800,    0.880,    0.840,    0.000,
    0.960,    1.080,    1.010,    0.000,
    0.780,    0.780,    0.780,    0.000,
    0.760,    0.820,    0.780,    0.000,
    0.770,    0.820,    0.790,    0.000,
    0.860,    0.770,    0.820,    0.000,
    0.630,    0.720,    0.670,    0.000,
    0.030,    0.200,    0.110,    0.000,
   -0.160,   -0.120,   -0.140,    0.000,
   -0.200,   -0.390,   -0.280,    0.000,
   -0.400,   -0.520,   -0.460,    0.000,
   -0.400,   -0.340,   -0.380,    0.000,
   -0.270,   -0.280,   -0.270,    0.000,
   -0.300,   -0.370,   -0.330,    0.000,
   -0.210,   -0.410,   -0.300,    0.000,
   -0.140,   -0.420,   -0.270,    0.000,
   -0.260,   -0.420,   -0.330,    0.000,
   -0.310,   -0.440,   -0.370,    0.000,
   -0.290,   -0.500,   -0.380,    0.000,
   -0.430,   -0.470,   -0.450,    0.000,
   -0.140,   -0.380,   -0.250,    0.000,
   -0.280,   -0.300,   -0.290,    0.000,
   -0.170,   -0.400,   -0.270,    0.000,
   -0.560,   -0.410,   -0.490,    0.000,
   -0.420,   -0.360,   -0.390,    0.000,
   -0.260,   -0.430,   -0.340,    0.000,
   -0.140,   -0.270,   -0.200,    0.000,
   -0.350,   -0.370,   -0.360,    0.000,
   -0.430,   -0.330,   -0.380,    0.000,
   -0.200,   -0.470,   -0.320,    0.000,
   -0.280,   -0.290,   -0.280,    0.000,
   -0.270,   -0.240,   -0.260,    0.000,
   -0.390,   -0.400,   -0.390,    0.000,
   -0.280,   -0.370,   -0.320,    0.000,
   -0.130,   -0.250,   -0.180,    0.000,
   -0.300,   -0.180,   -0.240,    0.000,
   -0.450,   -0.420,   -0.440,    0.000,
   -0.290,   -0.410,   -0.340,    0.000,
   -0.230,   -0.290,   -0.260,    0.000,
   -0.090,   -0.130,   -0.110,    0.000,
   -0.230,   -0.240,   -0.230,    0.000,
   -0.290,   -0.450,   -0.360,    0.000,
   -0.340,   -0.270,   -0.310,    0.000,
   -0.210,   -0.170,   -0.190,    0.000,
   -0.020,   -0.020,   -0.020,    0.000,
    0.440,   -0.260,    0.120,    0.000,
    0.400,   -0.040,    0.200,    0.000,
   -0.040,   -0.070,   -0.050,    0.000,
   -0.040,   -0.130,   -0.080,    0.000,
   -0.150,   -0.320,   -0.230,    0.000,
   -0.370,   -0.530,   -0.440,    0.000,
   -0.450,   -0.510,   -0.480,    0.000,
   -0.310,   -0.470,   -0.380,    0.000,
   -0.100,   -0.120,   -0.110,    0.000,
   -0.100,   -0.140,   -0.120,    0.000,
    0.010,   -0.030,    0.000,    0.000,
    0.030,    0.000,    0.020,    0.000,
    0.020,    0.000,    0.010,    0.000,
    0.020,    0.000,    0.010,    0.000,
    0.020,    0.000,    0.010,    0.000,
    0.020,    0.000,    0.010,    0.000,
    0.020,    0.000,    0.010,    0.000,
    0.020,    0.000,    0.010,    0.000,
    0.020,    0.000,    0.010,    0.000,
    0.020,    0.000,    0.010,    0.000,
    0.020,    0.000,    0.010,    0.000,
    0.020,    0.000,    0.010,    0.000,
    0.020,    0.000,    0.010,    0.000,
    0.020,    0.000,    0.010,    0.000,
    0.020,    0.000,    0.010,    0.000,
    0.020,    0.000,    0.010,    0.000,
    0.020,    0.000,    0.010,    0.000,
    0.020,    0.000,    0.010,    0.000,
    0.020,    0.000,    0.010,    0.000,
    0.020,    0.000,    0.010,    0.000,
    0.020,    0.000,    0.010,    0.000,
    0.020,    0.000,    0.010,    0.000,
    0.020,    0.000,    0.010,    0.000,
    0.020,    0.000,    0.010,    0.000,
    0.020,    0.000,    0.010,    0.000,
    1.530,    1.210,    1.380,    0.000,
    4.330,    4.430,    4.370,    0.000,
    8.410,    9.960,    9.100,    0.000,
   11.140,   12.120,   11.580,    0.000,
   12.500,   13.210,   12.820,    0.000,
   13.140,   13.810,   13.440,    0.000,
   13.530,   14.230,   13.850,    0.000,
   13.700,   14.510,   14.070,    0.000,
   14.060,   14.640,   14.320,    0.000,
   13.920,   14.610,   14.230,    0.000,
   13.960,   14.790,   14.330,    0.000,
   14.210,   14.830,   14.490,    0.000,
   14.100,   14.880,   14.450,    0.000,
   14.040,   14.820,   14.390,    0.000,
   14.140,   14.930,   14.490,    0.000,
   14.310,   14.940,   14.590,    0.000,
   14.280,   14.820,   14.520,    0.000,
   14.280,   14.930,   14.570,    0.000,
   14.240,   14.960,   14.560,    0.000,
   14.260,   14.940,   14.560,    0.000,
   14.280,   14.880,   14.550,    0.000,
   13.310,   13.800,   13.530,    0.000,
    6.820,    2.260,    4.780,    0.000,
    2.020,    2.600,    2.280,    0.000,
    0.650,    0.820,    0.730,    0.000,
   -0.080,    0.040,   -0.020,    0.000,
   -0.010,   -0.080,   -0.040,    0.000,
    0.040,    0.010,    0.030,    0.000,
    0.010,    0.000,    0.000,    0.000,
    0.030,    0.000,    0.010,    0.000,
    0.020,    0.000,    0.010,    0.000,
    0.020,    0.000,    0.010,    0.000,
    0.020,    0.000,    0.010,    0.000,
    0.020,    0.000,    0.010,    0.000,
   -1.320,   -1.120,   -1.230,    0.000,
   -5.440,   -5.630,   -5.520,    0.000,
   -9.570,  -10.410,   -9.950,    0.000,
  -11.760,  -12.440,  -12.060,    0.000,
  -12.600,  -13.310,  -12.910,    0.000,
  -13.190,  -13.970,  -13.540,    0.000,
  -13.540,  -14.370,  -13.910,    0.000,
  -13.660,  -14.550,  -14.060,    0.000,
  -13.750,  -14.450,  -14.060,    0.000,
  -13.990,  -14.700,  -14.310,    0.000,
  -14.010,  -14.780,  -14.350,    0.000,
  -14.110,  -14.740,  -14.390,    0.000,
  -14.080,  -14.740,  -14.370,    0.000,
  -14.050,  -14.990,  -14.470,    0.000,
  -14.250,  -14.960,  -14.570,    0.000,
  -14.130,  -14.750,  -14.410,    0.000,
  -14.200,  -14.910,  -14.520,    0.000,
  -14.120,  -14.950,  -14.490,    0.000,
  -14.310,  -14.880,  -14.570,    0.000,
  -14.060,  -14.820,  -14.400,    0.000,
  -14.160,  -14.990,  -14.530,    0.000,
  -14.150,  -14.970,  -14.520,    0.000,
  -14.030,  -14.780,  -14.370,    0.000,
  -14.160,  -14.850,  -14.470,    0.000,
  -13.270,  -13.580,  -13.410,    0.000,
   -9.170,   -9.260,   -9.210,    0.000,
   -3.520,   -4.380,   -3.910,    0.000,
   -0.960,   -1.390,   -1.150,    0.000,
   -0.020,   -0.200,   -0.100,    0.000,
    0.080,    0.070,    0.070,    0.000,
    0.060,    0.010,    0.040,    0.000,
    0.030,    0.000,    0.020,    0.000,
    0.020,    0.000,    0.010,    0.000,
    0.020,    0.000,    0.010,    0.000,
    0.020,    0.000,    0.010,    0.000,
    1.690,    1.280,    1.510,    0.000,
    5.630,    6.350,    5.950,    0.000,
   10.050,   10.640,   10.320,    0.000,
   11.900,   12.730,   12.270,    0.000,
   13.050,   13.630,   13.310,    0.000,
   13.330,   13.960,   13.620,    0.000,
   13.700,   14.380,   14.010,    0.000,
   13.830,   14.640,   14.190,    0.000,
   13.930,   14.630,   14.240,    0.000,
   13.980,   14.600,   14.260,    0.000,
   13.980,   14.820,   14.360,    0.000,
   14.030,   14.840,   14.390,    0.000,
   14.100,   14.710,   14.370,    0.000,
   14.000,   14.800,   14.360,    0.000,
   14.180,   14.930,   14.510,    0.000,
   14.200,   14.840,   14.490,    0.000,
   14.240,   14.750,   14.470,    0.000,
   14.080,   14.960,   14.470,    0.000,
   14.270,   15.020,   14.610,    0.000,
   14.320,   14.950,   14.610,    0.000,
   14.300,   14.840,   14.540,    0.000,
   14.200,   15.060,   14.580,    0.000,
   14.300,   14.930,   14.580,    0.000,
   14.270,   14.850,   14.530,    0.000,
   14.170,   15.030,   14.550,    0.000,
   14.310,   15.070,   14.650,    0.000,
   14.320,   14.940,   14.600,    0.000,
   14.270,   14.770,   14.500,    0.000,
   14.190,   14.990,   14.550,    0.000,
   14.290,   14.950,   14.590,    0.000,
   14.250,   14.870,   14.530,    0.000,
   14.220,   14.950,   14.550,    0.000,
   14.140,   15.080,   14.560,    0.000,
   14.320,   14.920,   14.580,    0.000,
   14.240,   14.800,   14.490,    0.000,
   14.200,   14.980,   14.550,    0.000,
   14.180,   15.010,   14.550,    0.000,
   14.330,   14.930,   14.600,    0.000,
   14.100,   14.880,   14.450,    0.000,
   14.270,   15.030,   14.610,    0.000,
   14.320,   14.950,   14.600,    0.000,
   14.240,   14.660,   14.430,    0.000,
   13.810,   14.750,   14.230,    0.000,
   13.950,   14.740,   14.300,    0.000,
   13.890,   14.560,   14.190,    0.000,
   13.770,   14.340,   14.020,    0.000,
   13.710,   14.490,   14.060,    0.000,
   13.610,   14.400,   13.960,    0.000,
   13.640,   14.350,   13.960,    0.000,
   13.690,   14.290,   13.960,    0.000,
   13.690,   14.450,   14.030,    0.000,
   13.620,   14.260,   13.910,    0.000,
   13.480,   13.960,   13.700,    0.000,
   13.230,   13.850,   13.510,    0.000,
   12.990,   13.900,   13.400,    0.000,
   13.160,   13.640,   13.380,    0.000,
   12.990,   13.440,   13.190,    0.000,
   12.630,   13.190,   12.880,    0.000,
   12.260,   13.030,   12.600,    0.000,
   11.810,   12.490,   12.110,    0.000,
   11.530,   12.060,   11.770,    0.000,
   11.280,   11.720,   11.470,    0.000,
   10.780,   11.610,   11.150,    0.000,
   10.680,   11.200,   10.910,    0.000,
   10.390,   10.910,   10.620,    0.000,
   10.060,   10.540,   10.270,    0.000,
    9.740,   10.300,    9.990,    0.000,
    9.690,   10.230,    9.930,    0.000,
    9.570,   10.120,    9.820,    0.000,
    9.490,    9.930,    9.690,    0.000,
    9.270,    9.560,    9.400,    0.000,
    8.860,    9.420,    9.110,    0.000,
    8.790,    9.350,    9.040,    0.000,
    8.740,    9.290,    8.990,    0.000,
    8.680,    9.100,    8.870,    0.000,
    8.590,    9.080,    8.810,    0.000,
    8.540,    8.970,    8.730,    0.000,
    8.420,    8.830,    8.600,    0.000,
    8.400,    8.950,    8.640,    0.000,
    8.590,    8.960,    8.760,    0.000,
    8.450,    8.990,    8.690,    0.000,
    8.600,    8.970,    8.770,    0.000,
    8.550,    8.900,    8.710,    0.000,
    8.390,    8.760,    8.560,    0.000,
    8.250,    8.840,    8.520,    0.000,
    8.430,    8.950,    8.660,    0.000,
    8.260,    8.820,    8.510,    0.000,
    8.220,    8.620,    8.400,    0.000,
    7.860,    8.280,    8.050,    0.000,
    7.590,    7.950,    7.750,    0.000,
    7.390,    7.800,    7.580,    0.000,
    7.380,    7.810,    7.570,    0.000,
    7.260,    7.810,    7.500,    0.000,
    7.250,    7.730,    7.460,    0.000,
    7.150,    7.530,    7.320,    0.000,
    6.870,    7.210,    7.020,    0.000,
    5.950,    6.370,    6.140,    0.000,
    4.760,    5.200,    4.960,    0.000,
    3.280,    3.740,    3.490,    0.000,
    2.240,    2.690,    2.440,    0.000,
    1.790,    1.890,    1.840,    0.000,
    1.080,    1.340,    1.200,    0.000,
    0.200,    0.340,    0.260,    0.000,
   -0.040,    0.000,   -0.020,    0.000,
   -0.080,   -0.030,   -0.060,    0.000,
   -0.010,   -0.030,   -0.020,    0.000,
    0.010,   -0.010,    0.000,    0.000,
    0.020,    0.000,    0.010,    0.000,
    0.020,    0.000,    0.010,    0.000,
    0.020,    0.000,    0.010,    0.000,
   -0.970,   -0.890,   -0.930,    0.000,
   -2.060,   -2.190,   -2.120,    0.000,
   -3.350,   -3.410,   -3.380,    0.000,
   -4.410,   -4.540,   -4.470,    0.000,
   -5.340,   -5.570,   -5.440,    0.000,
   -6.040,   -6.190,   -6.110,    0.000,
   -7.020,   -7.340,   -7.160,    0.000,
   -8.450,   -9.040,   -8.710,    0.000,
  -10.090,  -11.080,  -10.530,    0.000,
  -11.770,  -12.580,  -12.130,    0.000,
  -12.740,  -13.460,  -13.060,    0.000,
  -13.280,  -13.950,  -13.580,    0.000,
  -13.570,  -14.410,  -13.950,    0.000,
  -13.590,  -14.600,  -14.040,    0.000,
  -13.980,  -14.480,  -14.200,    0.000,
  -14.030,  -14.630,  -14.290,    0.000,
  -13.940,  -14.850,  -14.350,    0.000,
  -14.240,  -14.790,  -14.480,    0.000,
  -14.080,  -14.650,  -14.330,    0.000,
  -13.880,  -14.840,  -14.310,    0.000,
  -14.080,  -14.930,  -14.460,    0.000,
  -14.180,  -14.970,  -14.530,    0.000,
  -13.980,  -14.750,  -14.320,    0.000,
  -14.070,  -14.830,  -14.410,    0.000,
  -14.240,  -14.950,  -14.560,    0.000,
  -13.200,  -13.670,  -13.410,    0.000,
  -11.260,  -11.170,  -11.220,    0.000,
   -6.000,   -5.880,   -5.950,    0.000,
   -1.910,   -2.360,   -2.110,    0.000,
    1.610,    1.140,    1.400,    0.000,
    6.750,    7.250,    6.970,    0.000,
   10.410,   10.960,   10.660,    0.000,
   12.080,   12.720,   12.370,    0.000,
   12.770,   13.650,   13.160,    0.000,
   13.420,   14.130,   13.740,    0.000,
   13.870,   14.290,   14.060,    0.000,
   13.750,   14.420,   14.050,    0.000,
   13.890,   14.660,   14.240,    0.000,
   14.060,   14.770,   14.380,    0.000,
   14.210,   14.810,   14.480,    0.000,
   14.130,   14.750,   14.410,    0.000,
   14.110,   14.920,   14.470,    0.000,
   14.360,   14.890,   14.600,    0.000,
    8.010,   -1.780,    3.620,    0.000,
    0.930,    1.330,    1.110,    0.000,
   -2.470,   -2.330,   -2.400,    0.000,
   -7.270,   -8.530,   -7.840,    0.000,
  -10.750,  -11.480,  -11.080,    0.000,
  -12.210,  -12.980,  -12.560,    0.000,
  -12.940,  -13.550,  -13.210,    0.000,
  -13.330,  -14.030,  -13.640,    0.000,
  -13.510,  -14.450,  -13.930,    0.000,
  -13.810,  -14.570,  -14.150,    0.000,
  -13.950,  -14.500,  -14.200,    0.000,
  -13.910,  -14.730,  -14.280,    0.000,
  -14.060,  -14.850,  -14.410,    0.000,
  -13.400,  -13.490,  -13.440,    0.000,
   -7.060,   -0.790,   -4.250,    0.000,
   -0.090,    4.090,    1.780,    0.000,
    6.510,    8.960,    7.610,    0.000,
   10.350,   11.100,   10.680,    0.000,
   12.000,   12.840,   12.380,    0.000,
   12.920,   13.530,   13.190,    0.000,
   13.280,   13.920,   13.570,    0.000,
    7.640,   -2.100,    3.270,    0.000,
   -1.570,   -2.870,   -2.150,    0.000,
   -8.310,   -8.670,   -8.470,    0.000,
  -10.960,  -11.570,  -11.240,    0.000,
  -12.320,  -13.170,  -12.700,    0.000,
  -13.090,  -13.890,  -13.440,    0.000,
  -13.550,  -14.110,  -13.800,    0.000,
   -7.230,    3.620,   -2.370,    0.000,
   -0.020,    8.460,    3.770,    0.000,
    5.850,   10.370,    7.880,    0.000,
   10.260,   11.240,   10.690,    0.000,
   11.780,   12.890,   12.280,    0.000,
    6.060,   -1.760,    2.560,    0.000,
   -2.950,   -3.510,   -3.200,    0.000,
   -8.210,   -9.540,   -8.810,    0.000,
  -10.890,  -11.970,  -11.380,    0.000,
  -12.460,  -13.120,  -12.760,    0.000,
  -12.360,  -12.450,  -12.400,    0.000,
   -5.030,    2.860,   -1.490,    0.000,
    1.730,    8.140,    4.600,    0.000,
    7.270,   10.170,    8.570,    0.000,
   10.800,   11.590,   11.150,    0.000,
   11.960,   12.750,   12.320,    0.000,
    6.340,   -1.490,    2.830,    0.000,
    0.360,    1.590,    0.910,    0.000,
    0.130,    0.250,    0.180,    0.000,
   -0.090,   -0.070,   -0.080,    0.000,
    0.060,    0.000,    0.030,    0.000,
    0.010,    0.000,    0.000,    0.000,
    0.030,    0.000,    0.010,    0.000,
    0.020,    0.000,    0.010,    0.000,
    0.020,    0.000,    0.010,    0.000,
    0.020,    0.000,    0.010,    0.000,
    0.020,    0.000,    0.010,    0.000,
    0.020,    0.000,    0.010,    0.000,
    0.020,    0.000,    0.010,    0.000,
    0.020,    0.000,    0.010,    0.000,
    0.020,    0.000,    0.010,    0.000,
    0.020,    0.000,    0.010,    0.000,
    0.020,    0.000,    0.010,    0.000,
    0.020,    0.000,    0.010,    0.000,
    0.020,    0.000,    0.010,    0.000,
    0.020,    0.000,    0.010,    0.000,
    0.020,    0.000,    0.010,    0.000,
    0.020,    0.000,    0.010,    0.000,
    0.020,    0.000,    0.010,    0.000,
    0.020,    0.000,    0.010,    0.000,
    0.020,    0.000,    0.010,    0.000,
    0.020,    0.000,    0.010,    0.000,
    0.020,    0.000,    0.010,    0.000,
    0.020,    0.000,    0.010,    0.000,
    0.020,    0.000,    0.010,    0.000,
    0.020,    0.000,    0.010,    0.000,
    0.080,    0.060,    0.070,    0.000,
    0.210,    0.150,    0.180,    0.000,
    0.470,    0.220,    0.360,    0.000,
    0.730,    0.640,    0.690,    0.000,
    0.930,    0.440,    0.710,    0.000,
    1.160,    0.030,    0.650,    0.000,
    1.770,    0.080,    1.010,    0.000,
    1.170,    0.540,    0.890,    0.000,
    0.540,    1.060,    0.770,    0.000,
    0.640,    0.540,    0.600,    0.000,
    0.430,    0.510,    0.460,    0.000,
    0.190,    0.500,    0.330,    0.000,
    0.320,    0.320,    0.320,    0.000,
    0.260,    0.340,    0.300,    0.000,
    0.400,    0.390,    0.400,    0.000,
    0.300,    0.490,    0.390,    0.000,
    0.230,    0.330,    0.270,    0.000,
    0.240,    0.330,    0.280,    0.000,
    0.200,    0.290,    0.240,    0.000,
    0.230,    0.380,    0.300,    0.000,
    0.350,    0.400,    0.380,    0.000,
    0.410,    0.370,    0.390,    0.000,
    0.360,    0.290,    0.330,    0.000,
    0.240,    0.370,    0.300,    0.000,
    0.260,    0.470,    0.360,    0.000,
    0.370,    0.320,    0.350,    0.000,
   -1.290,   -2.720,   -1.930,    0.000,
   -0.580,   -1.090,   -0.810,    0.000,
   -0.150,   -0.880,   -0.480,    0.000,
    0.220,   -0.120,    0.070,    0.000,
   -0.260,   -0.250,   -0.250,    0.000,
   -0.260,   -0.330,   -0.290,    0.000,
   -0.140,   -0.170,   -0.160,    0.000,
    0.150,   -0.340,   -0.060,    0.000,
    0.050,   -0.250,   -0.080,    0.000,
    0.910,   -0.770,    0.150,    0.000,
    1.760,   -1.170,    0.440,    0.000,
    0.490,   -0.190,    0.180,    0.000,
   -0.230,    0.310,    0.010,    0.000,
   -0.440,    0.010,   -0.230,    0.000,
   -1.280,    0.120,   -0.650,    0.000,
   -1.670,   -0.220,   -1.020,    0.000,
   -1.820,   -0.380,   -1.170,    0.000,
   -2.290,   -0.520,   -1.500,    0.000,
   -1.420,   -0.470,   -1.000,    0.000,
   -1.270,   -0.500,   -0.930,    0.000,
   -1.190,   -0.550,   -0.900,    0.000,
   -1.410,    0.260,   -0.660,    0.000,
   -1.160,    0.110,   -0.590,    0.000,
   -1.300,    0.020,   -0.700,    0.000,
   -0.960,    0.040,   -0.510,    0.000,
   -0.310,   -0.350,   -0.330,    0.000,
    0.010,    0.030,    0.010,    0.000,
    0.240,    0.200,    0.220,    0.000,
    0.410,    0.320,    0.370,    0.000,
    0.480,    0.410,    0.450,    0.000,
    0.190,    0.270,    0.230,    0.000,
   -0.030,    0.000,   -0.010,    0.000,
    0.040,    0.000,    0.020,    0.000,
    0.220,    0.210,    0.220,    0.000,
    0.390,    0.330,    0.360,    0.000,
    1.010,   -0.110,    0.500,    0.000,
    2.140,   -0.190,    1.090,    0.000,
    3.110,   -0.370,    1.550,    0.000,
    3.730,   -0.450,    1.860,    0.000,
    4.830,   -0.670,    2.360,    0.000,
    4.760,   -0.470,    2.410,    0.000,
    2.850,    1.620,    2.300,    0.000,
    1.310,   -2.680,   -0.470,    0.000,
    0.780,   -1.380,   -0.180,    0.000,
    0.370,   -0.350,    0.050,    0.000,
    0.560,    0.020,    0.320,    0.000,
    0.200,    0.090,    0.150,    0.000,
    0.000,   -0.010,    0.000,    0.000,
    0.070,    0.010,    0.040,    0.000,
    0.120,    0.060,    0.090,    0.000,
    0.070,    0.050,    0.060,    0.000,
    0.030,    0.020,    0.030,    0.000,
    0.040,    0.020,    0.030,    0.000,
    0.040,    0.020,    0.030,    0.000,
    0.040,    0.020,    0.030,    0.000,
    0.040,    0.010,    0.020,    0.000,
    0.130,    0.290,    0.200,    0.000,
   -0.410,    0.780,    0.120,    0.000,
   -1.480,    1.370,   -0.200,    0.000,
   -2.510,    0.970,   -0.950,    0.000,
   -2.440,    0.650,   -1.050,    0.000,
   -2.800,    0.650,   -1.250,    0.000,
   -2.590,    0.660,   -1.130,    0.000,
   -1.440,   -0.420,   -0.980,    0.000,
   -0.640,   -0.370,   -0.520,    0.000,
   -2.710,   -9.330,   -5.670,    0.000,
   -4.230,   -7.280,   -5.590,    0.000,
   -4.560,   -2.690,   -3.730,    0.000,
   -2.420,   -1.690,   -2.090,    0.000,
   -1.520,   -1.000,   -1.290,    0.000,
   -1.070,   -0.720,   -0.910,    0.000,
   -0.550,   -0.420,   -0.490,    0.000,
   -0.130,   -0.150,   -0.140,    0.000,
    0.020,   -0.040,    0.000,    0.000,
    0.040,   -0.020,    0.010,    0.000,
    0.160,    0.080,    0.120,    0.000,
    0.110,    0.100,    0.100,    0.000,
    0.020,    0.010,    0.020,    0.000,
    0.090,   -0.030,    0.030,    0.000,
    0.180,   -0.190,    0.010,    0.000,
    0.540,   -0.520,    0.060,    0.000,
    1.150,   -0.560,    0.380,    0.000,
    0.500,   -1.310,   -0.300,    0.000,
    1.450,   -2.280,   -0.220,    0.000,
    1.670,   -2.040,    0.000,    0.000,
    0.480,   -0.940,   -0.150,    0.000,
   -0.290,   -0.330,   -0.310,    0.000,
   -0.560,   -0.810,   -0.680,    0.000,
   -0.170,   -1.160,   -0.620,    0.000,
   -0.630,   -0.720,   -0.670,    0.000,
   -0.600,   -0.480,   -0.550,    0.000,
   -2.590,   -5.880,   -4.060,    0.000,
   -3.710,   -3.940,   -3.810,    0.000,
   -4.070,   -0.610,   -2.520,    0.000,
   -3.040,   -0.500,   -1.910,    0.000,
   -1.660,   -1.040,   -1.380,    0.000,
   -0.760,   -0.490,   -0.640,    0.000,
   -0.330,   -0.410,   -0.370,    0.000,
   -0.170,   -0.300,   -0.230,    0.000,
   -0.320,   -0.330,   -0.320,    0.000,
   -0.020,   -0.120,   -0.060,    0.000,
    0.060,    0.020,    0.040,    0.000,
    0.230,    0.120,    0.180,    0.000,
    0.270,    0.410,    0.330,    0.000,
    0.350,    0.160,    0.260,    0.000,
    1.620,   -0.190,    0.810,    0.000,
    1.460,    0.220,    0.910,    0.000,
    1.190,    0.950,    1.090,    0.000,
    0.740,    1.340,    1.010,    0.000,
    0.590,    0.990,    0.770,    0.000,
    0.880,    0.800,    0.840,    0.000,
   -2.980,  -15.320,   -8.510,    0.000,
   -6.850,  -15.360,  -10.660,    0.000,
   -8.850,  -10.210,   -9.460,    0.000,
   -7.610,   -4.610,   -6.270,    0.000,
   -5.320,   -2.010,   -3.840,    0.000,
   -2.430,   -1.730,   -2.120,    0.000,
   -0.580,   -0.790,   -0.670,    0.000,
   -0.390,   -0.460,   -0.420,    0.000,
    0.010,   -0.100,   -0.030,    0.000,
    0.250,    0.120,    0.190,    0.000,
    0.070,    0.070,    0.070,    0.000,
   -0.010,   -0.030,   -0.020,    0.000,
   -0.040,   -0.070,   -0.050,    0.000,
   -0.230,   -0.210,   -0.220,    0.000,
   -0.350,   -0.480,   -0.410,    0.000,
   -0.710,   -0.360,   -0.550,    0.000,
   -0.210,   -1.360,   -0.720,    0.000,
    0.140,   -2.040,   -0.830,    0.000,
    0.030,   -1.410,   -0.610,    0.000,
   -1.130,   -0.830,   -1.000,    0.000,
   -1.380,   -0.990,   -1.200,    0.000,
   -2.010,   -0.090,   -1.150,    0.000,
   -3.010,   -0.130,   -1.720,    0.000,
   -2.570,   -0.730,   -1.750,    0.000,
   -4.150,   -0.240,   -2.400,    0.000,
   -7.930,  -15.660,  -11.390,    0.000,
  -10.630,  -15.890,  -12.990,    0.000,
  -12.000,  -10.850,  -11.490,    0.000,
  -10.500,   -7.260,   -9.050,    0.000,
   -7.060,   -4.270,   -5.810,    0.000,
   -4.620,   -2.220,   -3.540,    0.000,
   -2.790,   -1.190,   -2.080,    0.000,
   -1.410,   -1.150,   -1.290,    0.000,
   -0.400,   -0.460,   -0.420,    0.000,
   -0.100,   -0.110,   -0.100,    0.000,
    0.050,    0.010,    0.030,    0.000,
   -0.030,    0.000,   -0.010,    0.000,
    0.000,   -0.020,    0.000,    0.000,
    0.190,    0.140,    0.170,    0.000,
    0.590,    0.180,    0.400,    0.000,
    1.200,   -0.260,    0.540,    0.000,
    2.800,   -0.580,    1.280,    0.000,
    3.910,   -0.630,    1.870,    0.000,
    4.790,   -0.760,    2.300,    0.000,
    6.460,   -0.970,    3.130,    0.000,
    7.400,   -0.830,    3.710,    0.000,
    8.750,   -1.220,    4.280,    0.000,
    9.920,   -0.980,    5.030,    0.000,
    5.070,  -12.920,   -2.980,    0.000,
   -1.050,  -10.770,   -5.400,    0.000,
   -4.600,   -5.830,   -5.150,    0.000,
   -3.800,   -2.050,   -3.020,    0.000,
   -2.010,   -1.560,   -1.810,    0.000,
   -1.170,   -1.270,   -1.220,    0.000,
   -0.450,   -0.540,   -0.490,    0.000,
   -0.100,   -0.200,   -0.150,    0.000,
   -0.080,   -0.060,   -0.070,    0.000,
    0.010,   -0.020,    0.000,    0.000,
    0.030,    0.010,    0.020,    0.000,
    0.020,    0.000,    0.010,    0.000,
    0.020,    0.000,    0.010,    0.000,
   -0.120,   -0.200,   -0.150,    0.000,
   -0.180,   -0.270,   -0.220,    0.000,
    0.360,   -0.640,   -0.090,    0.000,
    0.530,   -0.700,   -0.020,    0.000,
    1.280,   -0.330,    0.560,    0.000,
    1.330,   -0.790,    0.380,    0.000,
    0.610,   -0.220,    0.230,    0.000,
    1.110,   -0.720,    0.280,    0.000,
    2.640,   -1.560,    0.750,    0.000,
    1.670,   -0.450,    0.710,    0.000,
    1.480,   -0.100,    0.770,    0.000,
   -1.670,  -17.740,   -8.870,    0.000,
   -5.490,  -15.750,  -10.080,    0.000,
   -7.080,  -11.970,   -9.270,    0.000,
   -6.850,   -5.400,   -6.200,    0.000,
   -4.100,   -2.470,   -3.370,    0.000,
   -2.600,   -1.450,   -2.090,    0.000,
   -1.430,   -0.810,   -1.150,    0.000,
   -0.700,   -0.490,   -0.610,    0.000,
   -0.180,   -0.320,   -0.240,    0.000,
    0.100,    0.070,    0.080,    0.000,
    0.030,    0.000,    0.010,    0.000,
    0.110,    0.050,    0.080,    0.000,
    0.000,    0.020,    0.000,    0.000,
    0.180,    0.110,    0.150,    0.000,
    0.470,    0.310,    0.400,    0.000,
    1.730,   -0.340,    0.800,    0.000,
    1.770,   -0.230,    0.870,    0.000,
    3.120,   -0.410,    1.530,    0.000,
    3.460,   -0.360,    1.750,    0.000,
    4.510,   -0.380,    2.320,    0.000,
    6.150,   -1.260,    2.820,    0.000,
    1.070,  -17.430,   -7.210,    0.000,
   -5.410,  -17.370,  -10.770,    0.000,
   -7.950,  -14.040,  -10.680,    0.000,
   -9.510,   -8.270,   -8.960,    0.000,
   -5.860,   -4.650,   -5.320,    0.000,
   -2.670,   -2.520,   -2.600,    0.000,
   -1.150,   -1.390,   -1.260,    0.000,
   -0.310,   -0.440,   -0.370,    0.000,
   -0.150,   -0.190,   -0.160,    0.000,
   -0.070,   -0.110,   -0.090,    0.000,
    0.030,   -0.020,    0.000,    0.000,
    0.020,    0.010,    0.020,    0.000,
    0.020,    0.000,    0.010,    0.000,
    0.020,    0.000,    0.010,    0.000,
    0.020,    0.000,    0.010,    0.000,
    0.020,    0.000,    0.010,    0.000,
    0.010,   -0.070,   -0.020,    0.000,
   -0.040,   -0.070,   -0.050,    0.000,
    0.210,    0.190,    0.200,    0.000,
   -0.190,    0.720,    0.210,    0.000,
   -1.170,    1.700,    0.110,    0.000,
   -1.910,    0.720,   -0.730,    0.000,
   -0.830,   -0.530,   -0.700,    0.000,
   -0.090,   -0.850,   -0.430,    0.000,
    0.410,   -0.390,    0.050,    0.000,
    2.200,   -1.130,    0.710,    0.000,
    2.830,   -0.550,    1.310,    0.000,
    2.670,   -0.870,    1.080,    0.000,
   -2.170,   -7.200,   -4.420,    0.000,
   -4.370,   -4.760,   -4.550,    0.000,
   -2.830,   -2.780,   -2.810,    0.000,
   -1.380,   -1.290,   -1.340,    0.000,
   -0.650,   -0.710,   -0.670,    0.000,
   -0.290,   -0.340,   -0.310,    0.000,
    0.020,   -0.060,   -0.010,    0.000,
    0.070,    0.000,    0.040,    0.000,
    0.020,    0.000,    0.010,    0.000,
    0.000,    0.000,    0.000,    0.000,
    0.020,    0.000,    0.010,    0.000,
    0.020,    0.000,    0.010,    0.000,
    0.020,    0.000,    0.010,    0.000,
   -0.010,   -0.060,   -0.030,    0.000,
   -0.040,    0.520,    0.200,    0.000,
   -0.430,    0.640,    0.040,    0.000,
   -2.350,    2.320,   -0.260,    0.000,
   -3.680,    1.510,   -1.350,    0.000,
   -4.630,    0.480,   -2.340,    0.000,
   -4.080,    0.000,   -2.260,    0.000,
   -5.510,    0.420,   -2.850,    0.000,
   -5.760,    0.130,   -3.120,    0.000,
   -5.630,   -0.650,   -3.400,    0.000,
   -2.780,   -2.060,   -2.460,    0.000,
   -1.400,   -1.530,   -1.460,    0.000,
   -1.260,   -1.300,   -1.280,    0.000,
   -0.850,   -0.870,   -0.860,    0.000,
   -0.760,   -0.590,   -0.690,    0.000,
   -0.410,   -0.470,   -0.430,    0.000,
   -0.020,   -0.180,   -0.090,    0.000,
   -0.030,   -0.070,   -0.050,    0.000,
    0.000,   -0.030,   -0.010,    0.000,
    0.110,    0.020,    0.070,    0.000,
    0.010,    0.010,    0.010,    0.000,
    0.020,    0.000,    0.010,    0.000,
    0.110,    0.080,    0.090,    0.000,
    0.090,    0.070,    0.080,    0.000,
    0.180,    0.120,    0.150,    0.000,
    0.030,    0.030,    0.030,    0.000,
    0.110,    0.160,    0.130,    0.000,
    0.060,   -0.200,   -0.050,    0.000,
   -1.130,    1.120,   -0.120,    0.000,
   -2.770,    1.370,   -0.910,    0.000,
   -4.490,    1.250,   -1.920,    0.000,
   -6.410,    1.520,   -2.860,    0.000,
   -6.430,    0.860,   -3.160,    0.000,
   -6.470,    0.460,   -3.360,    0.000,
   -6.860,    0.400,   -3.600,    0.000,
   -7.270,    0.390,   -3.840,    0.000,
   -7.480,    0.360,   -3.960,    0.000,
   -7.300,    0.170,   -3.950,    0.000,
   -7.500,    0.230,   -4.030,    0.000,
   -9.070,    1.060,   -4.530,    0.000,
   -9.690,    0.780,   -5.000,    0.000,
   -9.660,    0.870,   -4.940,    0.000,
  -10.350,    0.900,   -5.310,    0.000,
   -9.790,    0.210,   -5.310,    0.000,
   -7.490,   -1.060,   -4.610,    0.000,
   -4.240,   -1.040,   -2.800,    0.000,
   -1.500,   -2.160,   -1.800,    0.000,
   -0.570,   -0.730,   -0.640,    0.000,
   -0.190,   -0.270,   -0.220,    0.000,
   -0.070,   -0.110,   -0.090,    0.000,
    0.020,   -0.020,    0.000,    0.000,
    0.010,    0.000,    0.000,    0.000,
    0.020,    0.000,    0.010,    0.000,
    0.020,    0.000,    0.010,    0.000,
   -0.080,   -0.110,   -0.090,    0.000,
    0.340,   -0.010,    0.180,    0.000,
    0.920,   -0.630,    0.220,    0.000,
    0.170,   -0.260,   -0.020,    0.000,
    0.650,   -0.570,    0.100,    0.000,
    0.090,   -0.220,   -0.040,    0.000,
    1.650,   -1.000,    0.460,    0.000,
    2.340,   -0.720,    0.970,    0.000,
    2.990,   -0.930,    1.230,    0.000,
    3.550,   -0.610,    1.680,    0.000,
    3.320,   -0.250,    1.720,    0.000,
    3.370,   -0.150,    1.790,    0.000,
    3.790,   -0.290,    1.960,    0.000,
    3.580,    0.110,    2.030,    0.000,
    3.390,    0.080,    1.910,    0.000,
    2.740,    0.380,    1.680,    0.000,
    1.880,    0.480,    1.250,    0.000,
    2.060,    0.280,    1.260,    0.000,
    1.000,    0.480,    0.770,    0.000,
    1.260,   -0.190,    0.600,    0.000,
    2.280,   -0.900,    0.850,    0.000,
    0.880,    0.360,    0.650,    0.000,
    1.530,   -0.040,    0.820,    0.000,
    2.820,   -1.180,    1.020,    0.000,
    3.120,   -0.750,    1.380,    0.000,
    3.000,   -0.260,    1.540,    0.000,
    3.330,   -0.350,    1.680,    0.000,
    3.590,   -0.500,    1.760,    0.000,
    3.010,   -0.460,    1.450,    0.000,
    2.030,    0.540,    1.360,    0.000,
    1.180,    0.360,    0.820,    0.000,
    2.390,   -0.550,    1.070,    0.000,
    3.260,   -0.970,    1.360,    0.000,
    4.060,   -0.470,    2.030,    0.000,
    4.290,   -0.330,    2.220,    0.000,
    4.700,   -0.570,    2.340,    0.000,
    4.870,   -0.410,    2.500,    0.000,
    5.250,   -0.720,    2.580,    0.000,
    5.680,   -0.590,    2.870,    0.000,
    5.860,    0.080,    3.270,    0.000,
    4.670,    0.740,    2.910,    0.000,
    5.040,   -0.260,    2.660,    0.000,
    5.780,   -0.760,    2.850,    0.000,
    7.110,   -1.090,    3.430,    0.000,
    6.890,   -0.290,    3.670,    0.000,
    6.780,    0.040,    3.760,    0.000,
    6.250,    0.170,    3.530,    0.000,
    5.350,    0.470,    3.160,    0.000,
    5.660,   -0.230,    3.020,    0.000,
    4.820,    0.100,    2.700,    0.000,
    4.550,   -0.180,    2.420,    0.000,
    4.710,   -0.560,    2.340,    0.000,
    5.000,   -0.550,    2.510,    0.000,
    5.770,   -0.570,    2.930,    0.000,
    5.490,   -0.290,    2.900,    0.000,
    4.240,    0.470,    2.550,    0.000,
    4.090,   -0.200,    2.170,    0.000,
    3.410,   -0.220,    1.780,    0.000,
    1.980,    0.480,    1.310,    0.000,
    1.310,    0.370,    0.890,    0.000,
    0.570,    0.340,    0.470,    0.000,
    1.360,   -0.530,    0.510,    0.000,
    0.770,   -0.400,    0.240,    0.000,
    0.330,    0.010,    0.190,    0.000,
    0.000,   -0.240,   -0.100,    0.000,
    0.190,   -0.170,    0.020,    0.000,
   -0.220,   -0.160,   -0.190,    0.000,
   -0.270,   -0.160,   -0.220,    0.000,
   -0.210,   -0.110,   -0.160,    0.000,
    0.050,   -0.070,    0.000,    0.000,
    0.030,    0.170,    0.090,    0.000,
    0.450,   -0.580,   -0.010,    0.000,
   -0.300,   -0.180,   -0.250,    0.000,
    0.160,   -0.180,    0.000,    0.000,
    0.360,   -0.050,    0.170,    0.000,
    0.710,   -0.180,    0.310,    0.000,
    0.380,   -0.240,    0.100,    0.000,
   -0.040,   -0.390,   -0.190,    0.000,
   -0.030,   -0.140,   -0.080,    0.000,
   -0.600,    0.290,   -0.200,    0.000,
   -0.320,   -0.280,   -0.300,    0.000,
   -0.530,   -0.220,   -0.390,    0.000,
   -0.510,   -0.340,   -0.430,    0.000,
   -0.410,   -0.130,   -0.280,    0.000,
   -0.230,   -0.170,   -0.200,    0.000,
   -0.890,    0.120,   -0.430,    0.000,
   -0.680,   -0.020,   -0.390,    0.000,
   -0.170,   -0.660,   -0.390,    0.000,
   -0.100,   -0.350,   -0.210,    0.000,
   -0.470,   -0.120,   -0.310,    0.000,
    0.290,   -0.390,   -0.010,    0.000,
    0.020,   -0.170,   -0.060,    0.000,
    0.170,   -0.110,    0.040,    0.000,
   -0.440,    0.140,   -0.180,    0.000,
   -0.430,    0.010,   -0.230,    0.000,
   -0.610,    0.130,   -0.270,    0.000,
   -0.490,   -0.310,   -0.410,    0.000,
   -0.510,   -0.320,   -0.420,    0.000,
   -0.300,   -0.220,   -0.260,    0.000,
   -0.150,   -0.280,   -0.210,    0.000,
   -0.440,   -0.280,   -0.370,    0.000,
    0.080,    0.040,    0.060,    0.000,
    0.390,    0.330,    0.360,    0.000,
    0.170,    0.220,    0.190,    0.000,
   -0.290,   -0.260,   -0.280,    0.000,
   -0.360,   -0.480,   -0.410,    0.000,
   -0.660,   -0.560,   -0.620,    0.000,
   -0.330,   -0.470,   -0.390,    0.000,
    0.110,   -0.060,    0.030,    0.000,
    0.020,    0.070,    0.040,    0.000,
   -0.100,   -0.070,   -0.090,    0.000,
   -0.470,    0.380,   -0.090,    0.000,
   -1.250,    0.910,   -0.280,    0.000,
   -1.150,    0.150,   -0.560,    0.000,
   -1.010,   -0.220,   -0.660,    0.000,
   -0.860,   -0.050,   -0.500,    0.000,
   -0.920,   -0.350,   -0.670,    0.000,
   -0.760,    0.230,   -0.310,    0.000,
   -0.180,    0.000,   -0.100,    0.000,
   -0.370,    0.320,   -0.060,    0.000,
   -0.090,    0.000,   -0.050,    0.000,
   -0.450,    0.250,   -0.130,    0.000,
    0.340,    0.220,    0.290,    0.000,
    0.070,    0.320,    0.180,    0.000,
    0.020,    0.230,    0.110,    0.000,
   -0.340,    0.840,    0.180,    0.000,
   -1.020,    0.760,   -0.220,    0.000,
   -1.370,    0.490,   -0.530,    0.000,
   -0.920,    0.230,   -0.400,    0.000,
   -0.950,   -0.100,   -0.570,    0.000,
   -0.650,    0.070,   -0.320,    0.000,
   -0.760,    0.210,   -0.320,    0.000,
   -0.220,    0.140,   -0.050,    0.000,
   -0.440,    0.450,   -0.040,    0.000,
   -0.140,    0.210,    0.010,    0.000,
    0.220,   -0.070,    0.090,    0.000,
    0.270,    0.070,    0.180,    0.000,
    0.240,    0.080,    0.170,    0.000,
    0.300,    0.000,    0.160,    0.000,
    0.490,    0.280,    0.400,    0.000,
    0.590,    0.260,    0.440,    0.000,
    0.680,    0.140,    0.440,    0.000,
    0.670,   -0.060,    0.340,    0.000,
    0.250,    0.280,    0.260,    0.000,
    0.340,   -0.070,    0.150,    0.000,
    0.160,    0.210,    0.180,    0.000,
    0.380,    0.160,    0.280,    0.000,
    0.490,    0.270,    0.390,    0.000,
    0.350,    0.280,    0.320,    0.000,
    0.360,    0.240,    0.310,    0.000,
    0.350,    0.320,    0.330,    0.000,
    0.440,    0.170,    0.320,    0.000,
    0.100,    0.270,    0.170,    0.000,
    0.000,    0.240,    0.100,    0.000,
    0.300,    0.080,    0.200,    0.000,
   -0.010,    0.190,    0.070,    0.000,
    0.070,    0.100,    0.080,    0.000,
    0.100,    0.040,    0.070,    0.000,
    0.250,    0.210,    0.230,    0.000,
    0.050,    0.040,    0.040,    0.000,
    0.260,    0.250,    0.250,    0.000,
   -0.130,    0.690,    0.230,    0.000,
    0.270,    0.510,    0.380,    0.000,
    0.350,    0.090,    0.230,    0.000,
    0.930,    0.170,    0.590,    0.000,
    1.850,   -0.250,    0.900,    0.000,
    2.180,    0.080,    1.240,    0.000,
    2.220,    0.270,    1.340,    0.000,
    2.350,    0.310,    1.440,    0.000,
    2.100,    0.700,    1.470,    0.000,
    0.790,    0.900,    0.840,    0.000,
    0.550,    1.010,    0.750,    0.000,
    0.410,    0.530,    0.460,    0.000,
    0.390,    0.300,    0.350,    0.000,
    0.460,    0.500,    0.480,    0.000,
    0.790,    0.190,    0.520,    0.000,
    0.620,    0.510,    0.570,    0.000,
    0.550,    0.360,    0.470,    0.000,
    0.300,    0.450,    0.370,    0.000,
    0.370,    0.550,    0.450,    0.000,
    0.370,    0.480,    0.420,    0.000,
    0.450,    0.280,    0.370,    0.000,
    0.450,    0.650,    0.540,    0.000,
    0.270,    0.610,    0.420,    0.000,
    0.230,    0.460,    0.330,    0.000,
    0.600,    0.500,    0.560,    0.000,
    0.430,    0.500,    0.460,    0.000,
    0.590,    0.390,    0.500,    0.000,
    0.390,    0.230,    0.320,    0.000,
    0.500,   -0.030,    0.260,    0.000,
   -0.550,   -3.700,   -1.960,    0.000,
    0.180,   -1.400,   -0.520,    0.000,
    1.230,   -0.560,    0.420,    0.000,
    0.610,   -0.170,    0.260,    0.000,
    0.420,    0.050,    0.260,    0.000,
    0.050,    0.080,    0.070,    0.000,
    0.070,    0.070,    0.070,    0.000,
   -0.030,   -0.090,   -0.050,    0.000,
   -0.090,   -0.140,   -0.110,    0.000,
   -0.050,   -0.030,   -0.040,    0.000,
    0.500,   -0.550,    0.020,    0.000,
    0.470,   -0.220,    0.160,    0.000,
    0.960,   -0.730,    0.200,    0.000,
    0.780,    0.050,    0.450,    0.000,
    0.290,    0.160,    0.230,    0.000,
    0.780,   -0.310,    0.280,    0.000,
    0.300,   -0.300,    0.030,    0.000,
    1.130,   -0.480,    0.410,    0.000,
    0.950,   -0.130,    0.460,    0.000,
    0.780,   -0.620,    0.150,    0.000,
    0.930,   -0.720,    0.190,    0.000,
    1.190,   -0.440,    0.450,    0.000,
    0.580,    0.030,    0.330,    0.000,
    0.560,   -0.110,    0.250,    0.000,
    0.480,   -0.070,    0.230,    0.000,
    0.420,   -0.030,    0.210,    0.000,
    0.150,    0.020,    0.090,    0.000,
    0.100,   -0.250,   -0.050,    0.000,
    0.000,   -0.300,   -0.130,    0.000,
    0.250,   -0.260,    0.010,    0.000,
   -0.040,    0.040,    0.000,    0.000,
    0.080,   -0.150,   -0.020,    0.000,
    0.000,   -0.050,   -0.020,    0.000,
   -0.220,   -0.060,   -0.150,    0.000,
   -0.190,   -0.280,   -0.230,    0.000,
   -0.340,   -0.290,   -0.310,    0.000,
   -0.210,   -0.090,   -0.160,    0.000,
   -0.220,    0.010,   -0.120,    0.000,
   -0.180,    0.050,   -0.080,    0.000,
   -0.070,   -0.010,   -0.040,    0.000,
   -0.060,   -0.090,   -0.080,    0.000,
    0.080,   -0.250,   -0.060,    0.000,
   -0.040,   -0.340,   -0.170,    0.000,
   -0.010,   -0.230,   -0.100,    0.000,
   -0.170,   -0.100,   -0.140,    0.000,
   -0.170,   -0.380,   -0.260,    0.000,
   -0.370,   -0.260,   -0.320,    0.000,
   -0.140,   -0.210,   -0.170,    0.000,
   -0.110,   -0.150,   -0.130,    0.000,
    0.100,    0.070,    0.090,    0.000,
   -0.220,   -0.120,   -0.180,    0.000,
   -0.040,   -0.110,   -0.070,    0.000,
    0.050,    0.010,    0.030,    0.000,
    0.020,   -0.040,    0.000,    0.000,
    0.020,    0.000,    0.010,    0.000,
    0.020,    0.000,    0.010,    0.000,
    0.010,    0.000,    0.000,    0.000,
    0.040,    0.020,    0.030,    0.000,
    0.150,    0.090,    0.120,    0.000,
   -0.100,    0.370,    0.110,    0.000,
   -1.500,    0.990,   -0.380,    0.000,
   -1.100,    0.170,   -0.520,    0.000,
   -1.350,    0.490,   -0.520,    0.000,
   -0.810,    0.330,   -0.300,    0.000,
   -0.770,    0.590,   -0.160,    0.000,
   -0.330,    0.280,   -0.050,    0.000,
   -0.110,    0.200,    0.020,    0.000,
    0.320,    0.100,    0.220,    0.000,
    0.040,    0.030,    0.040,    0.000,
    0.010,    0.100,    0.050,    0.000,
   -0.030,    0.290,    0.110,    0.000,
   -0.380,    0.280,   -0.080,    0.000,
   -0.330,    0.060,   -0.150,    0.000,
   -0.170,    0.140,   -0.030,    0.000,
   -0.170,    0.290,    0.030,    0.000,
   -0.090,    0.470,    0.150,    0.000,
   -0.110,    0.310,    0.070,    0.000,
   -0.180,    0.220,    0.000,    0.000,
   -0.160,    0.010,   -0.080,    0.000,
   -0.600,    0.340,   -0.180,    0.000,
   -0.260,   -0.170,   -0.220,    0.000,
   -0.080,    0.010,   -0.030,    0.000,
   -0.350,    0.300,   -0.060,    0.000,
    0.090,    0.140,    0.110,    0.000,
   -0.050,    0.310,    0.110,    0.000,
    0.100,    0.000,    0.050,    0.000,
    0.260,   -0.130,    0.080,    0.000,
    0.290,   -0.120,    0.100,    0.000,
    0.100,    0.040,    0.070,    0.000,
    0.260,    0.230,    0.250,    0.000,
    0.360,    0.300,    0.330,    0.000,
    0.480,    0.340,    0.420,    0.000,
    0.510,    0.140,    0.340,    0.000,
    0.490,    0.030,    0.280,    0.000,
    0.350,    0.060,    0.220,    0.000,
    0.230,    0.050,    0.150,    0.000,
    0.270,    0.040,    0.170,    0.000,
   -0.140,    0.350,    0.070,    0.000,
    0.000,    0.290,    0.130,    0.000,
    0.310,    0.140,    0.230,    0.000,
    0.330,    0.190,    0.270,    0.000,
    0.300,    0.210,    0.260,    0.000,
    0.380,    0.100,    0.250,    0.000,
    0.360,    0.040,    0.210,    0.000,
    0.360,    0.010,    0.200,    0.000,
    0.520,    0.180,    0.370,    0.000,
    0.360,    0.220,    0.300,    0.000,
    0.450,    0.200,    0.340,    0.000,
    0.480,    0.140,    0.330,    0.000,
    0.350,    0.280,    0.320,    0.000,
    0.170,    0.280,    0.220,    0.000,
    0.050,    0.040,    0.050,    0.000,
   -0.010,    0.150,    0.050,    0.000,
    0.420,   -0.200,    0.140,    0.000,
    0.260,    0.240,    0.250,    0.000,
    0.270,    0.290,    0.280,    0.000,
    0.000,    0.290,    0.130,    0.000,
   -0.040,    0.110,    0.020,    0.000,
   -0.010,    0.010,    0.000,    0.000,
    0.200,   -0.150,    0.040,    0.000,
    0.320,   -0.130,    0.120,    0.000,
    0.500,    0.220,    0.380,    0.000,
    0.300,    0.490,    0.390,    0.000,
    0.280,    0.150,    0.220,    0.000,
    0.320,   -0.020,    0.160,    0.000,
    0.390,   -0.060,    0.180,    0.000,
    0.600,   -0.070,    0.290,    0.000,
    0.260,    0.310,    0.280,    0.000,
    0.350,    0.400,    0.370,    0.000,
    0.370,    0.270,    0.320,    0.000,
    0.090,    0.300,    0.190,    0.000,
    0.230,    0.350,    0.290,    0.000,
    0.360,    0.350,    0.350,    0.000,
    0.350,    0.310,    0.330,    0.000,
    0.120,    0.150,    0.140,    0.000,
    0.000,    0.000,    0.000,    0.000,
    0.090,    0.000,    0.050,    0.000,
    0.030,    0.000,    0.020,    0.000,
    0.000,    0.000,    0.000,    0.000,
    0.030,    0.000,    0.020,    0.000,
    0.020,    0.000,    0.010,    0.000,
    0.060,    0.050,    0.060,    0.000,
    0.220,    0.130,    0.180,    0.000,
    0.250,    0.190,    0.230,    0.000,
   -0.120,   -0.130,   -0.130,    0.000,
   -0.250,   -0.400,   -0.320,    0.000,
   -0.050,   -0.210,   -0.120,    0.000,
    0.640,   -0.530,    0.110,    0.000,
    0.390,   -0.080,    0.180,    0.000,
   -0.580,   -0.110,   -0.370,    0.000,
   -0.770,    0.010,   -0.420,    0.000,
   -0.210,   -0.240,   -0.220,    0.000,
   -0.110,   -0.350,   -0.220,    0.000,
   -0.060,   -0.300,   -0.170,    0.000,
   -0.150,   -0.140,   -0.150,    0.000,
   -0.350,   -0.090,   -0.240,    0.000,
   -0.070,   -0.120,   -0.090,    0.000,
    0.000,   -0.360,   -0.160,    0.000,
   -0.390,   -0.370,   -0.380,    0.000,
   -0.640,   -0.150,   -0.420,    0.000,
   -0.430,   -0.290,   -0.360,    0.000,
   -0.500,   -0.040,   -0.300,    0.000,
   -0.510,   -0.170,   -0.360,    0.000,
   -0.190,   -0.190,   -0.190,    0.000,
   -0.490,   -0.140,   -0.330,    0.000,
   -0.120,   -0.340,   -0.220,    0.000,
   -0.160,   -0.390,   -0.260,    0.000,
   -0.270,   -0.320,   -0.290,    0.000,
   -0.380,    0.030,   -0.190,    0.000,
   -0.550,    0.130,   -0.240,    0.000,
   -0.260,   -0.170,   -0.220,    0.000,
   -0.120,   -0.240,   -0.180,    0.000,
    0.140,   -0.290,   -0.050,    0.000,
   -0.180,   -0.240,   -0.200,    0.000,
   -0.550,   -0.040,   -0.320,    0.000,
   -0.790,    0.350,   -0.270,    0.000,
   -0.880,    0.090,   -0.440,    0.000,
   -0.500,   -0.250,   -0.390,    0.000,
   -0.280,   -0.390,   -0.330,    0.000,
   -0.330,   -0.540,   -0.420,    0.000,
   -0.410,   -0.200,   -0.320,    0.000,
   -0.380,   -0.070,   -0.240,    0.000,
   -0.180,   -0.180,   -0.180,    0.000,
    0.040,   -0.250,   -0.080,    0.000,
   -0.220,   -0.140,   -0.180,    0.000,
   -0.370,   -0.060,   -0.230,    0.000,
   -0.360,    0.550,    0.040,    0.000,
   -0.070,    0.540,    0.200,    0.000,
   -0.320,    1.060,    0.290,    0.000,
    0.260,    0.970,    0.580,    0.000,
    0.930,    2.060,    1.440,    0.000,
    2.220,    4.060,    3.040,    0.000,
    3.930,    5.830,    4.780,    0.000,
    5.750,    6.270,    5.980,    0.000,
    6.930,    6.420,    6.700,    0.000,
    7.840,    6.970,    7.450,    0.000,
    9.130,    7.000,    8.170,    0.000,
   10.250,    6.840,    8.720,    0.000,
    9.450,    8.540,    9.040,    0.000,
    8.800,    8.900,    8.840,    0.000,
   10.530,    6.970,    8.940,    0.000,
   11.020,    7.510,    9.450,    0.000,
   10.970,    7.770,    9.540,    0.000,
   11.120,    7.570,    9.530,    0.000,
   10.400,    7.730,    9.200,    0.000,
    8.940,    8.460,    8.730,    0.000,
    9.250,    7.490,    8.470,    0.000,
   10.310,    6.700,    8.690,    0.000,
    9.730,    7.510,    8.730,    0.000,
    9.670,   10.160,    9.890,    0.000,
    9.090,    9.530,    9.290,    0.000,
    8.170,    8.720,    8.420,    0.000,
    7.800,    8.160,    7.960,    0.000,
    7.360,    7.740,    7.530,    0.000,
    6.990,    7.370,    7.160,    0.000,
    6.790,    7.150,    6.950,    0.000,
    6.870,    7.100,    6.970,    0.000,
    6.770,    7.100,    6.920,    0.000,
    6.660,    7.140,    6.880,    0.000,
    6.670,    7.100,    6.870,    0.000,
    6.680,    7.110,    6.870,    0.000,
    6.740,    7.110,    6.900,    0.000,
    6.680,    6.970,    6.810,    0.000,
    6.700,    7.010,    6.840,    0.000,
    6.880,    7.180,    7.020,    0.000,
    7.130,    7.520,    7.310,    0.000,
    7.810,    8.290,    8.020,    0.000,
    9.090,    9.530,    9.290,    0.000,
   10.760,   11.380,   11.040,    0.000,
   12.060,   12.790,   12.380,    0.000,
   13.050,   13.630,   13.310,    0.000,
   13.430,   14.140,   13.750,    0.000,
   13.750,   14.300,   14.000,    0.000,
   13.710,   14.360,   14.000,    0.000,
   13.810,   14.630,   14.180,    0.000,
   14.040,   14.730,   14.350,    0.000,
   13.980,   14.670,   14.290,    0.000,
   14.080,   14.630,   14.320,    0.000,
   14.070,   14.800,   14.400,    0.000,
   14.090,   14.890,   14.450,    0.000,
   14.230,   14.730,   14.450,    0.000,
   14.170,   14.840,   14.470,    0.000,
   14.280,   14.910,   14.560,    0.000,
   14.250,   14.880,   14.530,    0.000,
   14.290,   14.770,   14.500,    0.000,
   14.150,   14.960,   14.510,    0.000,
   14.350,   14.970,   14.630,    0.000,
   14.060,   14.910,   14.440,    0.000,
   14.230,   14.830,   14.500,    0.000,
   13.990,   14.850,   14.380,    0.000,
   13.940,   14.530,   14.210,    0.000,
   13.650,   14.170,   13.880,    0.000,
   13.370,   14.160,   13.720,    0.000,
   13.270,   13.960,   13.580,    0.000,
   12.690,   13.110,   12.880,    0.000,
   11.590,   12.160,   11.850,    0.000,
   10.660,   11.290,   10.940,    0.000,
    9.290,    9.720,    9.490,    0.000,
    6.940,    7.420,    7.150,    0.000,
    4.420,    4.760,    4.570,    0.000,
    2.850,    3.110,    2.960,    0.000,
    2.070,    2.280,    2.160,    0.000,
    1.430,    1.540,    1.480,    0.000,
    0.820,    1.060,    0.930,    0.000,
    0.360,    0.470,    0.410,    0.000,
    0.120,    0.120,    0.120,    0.000,
    0.150,    0.130,    0.140,    0.000,
    1.270,    1.060,    1.170,    0.000,
    3.660,    3.330,    3.520,    0.000,
    5.750,    5.970,    5.850,    0.000,
    7.200,    7.480,    7.320,    0.000,
    7.910,    8.270,    8.070,    0.000,
    8.120,    8.610,    8.340,    0.000,
    8.300,    8.720,    8.490,    0.000,
    7.400,    7.720,    7.540,    0.000,
    2.630,    3.550,    3.040,    0.000,
    0.720,    1.040,    0.860,    0.000,
   -0.110,    0.040,   -0.040,    0.000,
   -0.090,   -0.120,   -0.100,    0.000,
    0.000,   -0.050,   -0.020,    0.000,
    0.010,   -0.010,    0.000,    0.000,
    0.000,   -0.020,    0.000,    0.000,
   -0.010,   -0.020,   -0.020,    0.000,
    0.000,   -0.020,    0.000,    0.000,
    0.020,    0.000,    0.010,    0.000,
    0.400,    0.330,    0.370,    0.000,
    0.700,    0.950,    0.810,    0.000,
    1.400,    0.750,    1.110,    0.000,
    1.470,    1.030,    1.270,    0.000,
    1.500,    1.250,    1.390,    0.000,
    1.290,    1.330,    1.310,    0.000,
    1.250,    1.280,    1.260,    0.000,
    1.080,    1.350,    1.200,    0.000,
    1.020,    1.210,    1.110,    0.000,
    1.160,    1.200,    1.180,    0.000,
    1.500,    1.260,    1.390,    0.000,
    1.480,    1.410,    1.450,    0.000,
    1.300,    1.450,    1.370,    0.000,
    1.260,    1.370,    1.310,    0.000,
    1.150,    1.260,    1.200,    0.000,
    1.110,    1.230,    1.160,    0.000,
    0.940,    0.810,    0.880,    0.000,
    0.440,    0.650,    0.530,    0.000,
    0.460,    0.490,    0.470,    0.000,
    0.420,    0.520,    0.470,    0.000,
    0.320,    0.390,    0.350,    0.000,
    0.340,    0.260,    0.300,    0.000,
    0.340,    0.250,    0.300,    0.000,
   -0.390,   -0.610,   -0.490,    0.000,
   -1.040,   -1.320,   -1.160,    0.000,
   -1.570,   -1.750,   -1.650,    0.000,
   -1.420,   -2.270,   -1.800,    0.000,
   -1.820,   -2.140,   -1.960,    0.000,
   -1.760,   -1.810,   -1.780,    0.000,
   -0.950,   -0.950,   -0.950,    0.000,
   -0.560,   -0.370,   -0.480,    0.000,
   -0.100,   -0.050,   -0.080,    0.000,
    0.050,    0.070,    0.060,    0.000,
    0.180,    0.170,    0.180,    0.000,
    0.260,    0.290,    0.270,    0.000,
    0.230,    0.370,    0.290,    0.000,
    0.400,    0.290,    0.350,    0.000,
    0.290,    0.330,    0.310,    0.000,
    0.170,    0.310,    0.230,    0.000,
    0.230,    0.310,    0.270,    0.000,
    0.500,    0.300,    0.410,    0.000,
    0.320,    0.380,    0.350,    0.000,
    0.340,    0.280,    0.310,    0.000,
    0.140,    0.280,    0.210,    0.000,
    0.130,    0.340,    0.220,    0.000,
    0.300,    0.410,    0.350,    0.000,
    0.440,    0.410,    0.430,    0.000,
    0.410,    0.270,    0.350,    0.000,
    0.260,    0.340,    0.300,    0.000,
    0.210,    0.290,    0.250,    0.000,
    0.310,    0.290,    0.300,    0.000,
    0.330,    0.470,    0.390,    0.000,
    0.410,    0.430,    0.420,    0.000,
    0.250,    0.310,    0.270,    0.000,
    0.410,    0.250,    0.340,    0.000,
    0.350,    0.300,    0.330,    0.000,
    0.270,    0.350,    0.310,    0.000,
    0.420,    0.420,    0.420,    0.000,
    0.450,    0.420,    0.440,    0.000,
    0.470,    0.380,    0.430,    0.000,
   -0.050,   -0.180,   -0.110,    0.000,
   -0.850,   -0.850,   -0.850,    0.000,
   -1.040,   -1.310,   -1.160,    0.000,
   -1.310,   -1.670,   -1.470,    0.000,
   -1.190,   -1.330,   -1.250,    0.000,
   -0.940,   -0.950,   -0.940,    0.000,
   -0.850,   -0.830,   -0.840,    0.000,
   -0.640,   -0.700,   -0.670,    0.000,
   -0.520,   -0.750,   -0.630,    0.000,
   -0.440,   -0.700,   -0.560,    0.000,
   -0.520,   -0.610,   -0.560,    0.000,
   -0.740,   -0.670,   -0.710,    0.000,
   -0.740,   -0.730,   -0.740,    0.000,
   -1.110,   -1.310,   -1.200,    0.000,
   -1.840,   -1.950,   -1.890,    0.000,
   -2.090,   -2.410,   -2.230,    0.000,
   -2.290,   -2.550,   -2.410,    0.000,
   -2.220,   -2.440,   -2.320,    0.000,
   -1.530,   -1.400,   -1.470,    0.000,
   -0.650,   -0.660,   -0.650,    0.000,
   -0.200,   -0.250,   -0.220,    0.000,
   -0.130,   -0.100,   -0.110,    0.000,
   -0.260,    0.020,   -0.130,    0.000,
   -0.060,    0.010,   -0.020,    0.000,
    0.090,    0.110,    0.100,    0.000,
    0.160,    0.230,    0.190,    0.000,
   -0.070,    0.020,   -0.030,    0.000,
   -0.090,   -0.580,   -0.310,    0.000,
    0.270,   -0.330,    0.000,    0.000,
    0.200,    0.040,    0.130,    0.000,
    0.120,    0.260,    0.180,    0.000,
   -0.260,   -0.080,   -0.180,    0.000,
    0.210,   -0.230,    0.010,    0.000,
    0.660,    0.170,    0.440,    0.000,
    0.550,    0.000,    0.300,    0.000,
    0.330,    0.450,    0.380,    0.000,
    0.980,    0.540,    0.780,    0.000,
    0.940,    0.700,    0.840,    0.000,
    1.150,    0.700,    0.950,    0.000,
    0.670,    0.540,    0.610,    0.000,
    0.340,    0.560,    0.440,    0.000,
    0.370,    0.100,    0.250,    0.000,
    0.340,    0.050,    0.210,    0.000,
    0.240,    0.120,    0.190,    0.000,
    0.270,    0.200,    0.240,    0.000,
    0.180,    0.280,    0.230,    0.000,
    0.350,    0.430,    0.390,    0.000,
    0.440,    0.420,    0.430,    0.000,
    0.340,    0.400,    0.370,    0.000,
    0.410,    0.370,    0.390,    0.000,
    0.290,    0.250,    0.270,    0.000,
    0.370,    0.250,    0.320,    0.000,
    0.340,    0.310,    0.330,    0.000,
    0.220,    0.260,    0.240,    0.000,
   -0.150,   -0.150,   -0.150,    0.000,
   -0.590,   -0.630,   -0.610,    0.000,
   -0.340,   -0.370,   -0.350,    0.000,
   -0.110,   -0.190,   -0.150,    0.000,
   -0.070,   -0.110,   -0.090,    0.000,
   -0.080,   -0.120,   -0.100,    0.000,
   -0.040,   -0.100,   -0.060,    0.000,
    0.040,    0.000,    0.020,    0.000,
    0.010,    0.000,    0.000,    0.000,
   -0.270,   -0.350,   -0.310,    0.000,
   -0.300,   -0.360,   -0.330,    0.000,
    0.000,   -0.110,   -0.050,    0.000,
    0.110,    0.080,    0.100,    0.000,
    0.040,    0.030,    0.040,    0.000,
    0.020,    0.000,    0.010,    0.000,
    0.020,    0.000,    0.010,    0.000,
    0.020,    0.000,    0.010,    0.000,
