    0.020,    0.000,    0.000,    0.000,
    0.040,    0.050,    0.050,    0.000,
    0.110,    0.130,    0.130,    0.000,
    0.240,    0.220,    0.220,    0.000,
    0.110,    0.110,    0.110,    0.000,
    0.860,    0.740,    0.750,    0.000,
    2.290,    2.160,    2.160,    0.000,
    3.550,    3.640,    3.640,    0.000,
    4.120,    4.350,    4.350,    0.000,
    4.360,    4.620,    4.610,    0.000,
    4.360,    4.670,    4.660,    0.000,
    4.360,    4.660,    4.650,    0.000,
    4.360,    4.620,    4.610,    0.000,
    4.360,    4.580,    4.580,    0.000,
    4.230,    4.480,    4.470,    0.000,
    4.200,    4.400,    4.390,    0.000,
    4.340,    4.390,    4.390,    0.000,
    4.270,    4.390,    4.390,    0.000,
    4.310,    4.570,    4.560,    0.000,
    4.360,    4.630,    4.620,    0.000,
    4.360,    4.700,    4.690,    0.000,
    4.360,    4.640,    4.630,    0.000,
    4.360,    4.550,    4.540,    0.000,
    4.300,    4.550,    4.540,    0.000,
    4.290,    4.610,    4.600,    0.000,
    4.360,    4.600,    4.600,    0.000,
    4.340,    4.540,    4.530,    0.000,
    4.170,    4.440,    4.440,    0.000,
    4.220,    4.380,    4.380,    0.000,
    4.270,    4.410,    4.400,    0.000,
    4.250,    4.450,    4.440,    0.000,
    4.360,    4.620,    4.610,    0.000,
    4.360,    4.780,    4.770,    0.000,
    4.360,    5.000,    4.980,    0.000,
    4.360,    5.090,    5.070,    0.000,
    4.360,    5.070,    5.050,    0.000,
    4.360,    5.150,    5.130,    0.000,
    4.360,    5.100,    5.080,    0.000,
    4.360,    5.040,    5.020,    0.000,
    4.360,    4.920,    4.900,    0.000,
    4.360,    4.950,    4.930,    0.000,
    4.360,    4.980,    4.960,    0.000,
    4.360,    5.070,    5.050,    0.000,
    4.360,    5.100,    5.080,    0.000,
    4.360,    5.140,    5.110,    0.000,
    4.360,    5.200,    5.180,    0.000,
    4.360,    5.170,    5.140,    0.000,
    4.360,    5.190,    5.170,    0.000,
    4.360,    5.110,    5.090,    0.000,
    4.360,    5.050,    5.030,    0.000,
    4.360,    5.180,    5.160,    0.000,
    4.360,    5.480,    5.450,    0.000,
    4.360,    5.950,    5.900,    0.000,
    4.360,    6.450,    6.390,    0.000,
    4.360,    6.750,    6.670,    0.000,
    4.360,    6.810,    6.730,    0.000,
    4.360,    6.910,    6.840,    0.000,
    4.360,    6.970,    6.900,    0.000,
    4.360,    6.890,    6.810,    0.000,
    4.360,    6.810,    6.740,    0.000,
    4.360,    6.820,    6.740,    0.000,
    4.360,    7.030,    6.950,    0.000,
    4.360,    7.200,    7.120,    0.000,
    4.360,    7.570,    7.470,    0.000,
    4.360,    7.890,    7.780,    0.000,
    4.360,    8.170,    8.060,    0.000,
    4.360,    8.330,    8.210,    0.000,
    4.360,    8.400,    8.280,    0.000,
    4.360,    8.610,    8.480,    0.000,
    4.360,    8.730,    8.600,    0.000,
    4.360,    8.860,    8.720,    0.000,
    4.360,    8.950,    8.810,    0.000,
    4.360,    8.950,    8.810,    0.000,
    4.360,    8.830,    8.690,    0.000,
    4.360,    8.920,    8.780,    0.000,
    4.360,    9.010,    8.870,    0.000,
    4.360,    9.150,    9.010,    0.000,
    4.360,    9.200,    9.050,    0.000,
    4.360,    9.360,    9.210,    0.000,
    4.360,    9.530,    9.380,    0.000,
    4.360,    9.810,    9.650,    0.000,
    4.360,   10.070,    9.900,    0.000,
    4.360,   10.160,    9.990,    0.000,
    4.360,   10.350,   10.170,    0.000,
    4.360,   10.240,   10.070,    0.000,
    4.360,   10.360,   10.180,    0.000,
    4.360,   10.600,   10.410,    0.000,
    4.360,   10.800,   10.600,    0.000,
    4.360,   10.960,   10.760,    0.000,
    4.360,   11.010,   10.820,    0.000,
    4.360,   11.240,   11.030,    0.000,
    4.360,   11.590,   11.380,    0.000,
    4.360,   11.730,   11.510,    0.000,
    4.360,   11.840,   11.610,    0.000,
    4.360,   11.690,   11.470,    0.000,
    4.360,   11.760,   11.540,    0.000,
    4.360,   11.980,   11.750,    0.000,
    4.360,   11.970,   11.740,    0.000,
    4.360,   12.000,   11.780,    0.000,
    4.360,   12.260,   12.020,    0.000,
    4.360,   12.610,   12.370,    0.000,
    4.360,   12.740,   12.490,    0.000,
    4.360,   12.740,   12.490,    0.000,
    4.360,   12.720,   12.470,    0.000,
    4.360,   12.850,   12.590,    0.000,
    4.360,   13.050,   12.790,    0.000,
    4.360,   13.090,   12.830,    0.000,
    4.360,   12.970,   12.710,    0.000,
    4.360,   13.290,   13.020,    0.000,
    4.360,   13.590,   13.320,    0.000,
    4.360,   13.810,   13.530,    0.000,
    4.360,   13.930,   13.640,    0.000,
    4.360,   14.320,   14.020,    0.000,
    4.360,   14.490,   14.190,    0.000,
    4.360,   14.520,   14.220,    0.000,
    4.360,   14.480,   14.180,    0.000,
    4.360,   14.750,   14.440,    0.000,
    4.360,   14.790,   14.480,    0.000,
    4.360,   14.690,   14.380,    0.000,
    4.360,   14.800,   14.490,    0.000,
    4.360,   14.990,   14.670,    0.000,
    4.360,   15.000,   14.690,    0.000,
    4.360,   14.870,   14.560,    0.000,
    4.360,   15.040,   14.720,    0.000,
    4.360,   15.050,   14.730,    0.000,
    4.360,   14.820,   14.510,    0.000,
    4.360,   14.850,   14.540,    0.000,
    4.360,   15.040,   14.720,    0.000,
    4.360,   15.050,   14.730,    0.000,
    4.360,   14.860,   14.540,    0.000,
    4.360,   15.040,   14.720,    0.000,
    4.360,   15.010,   14.690,    0.000,
    4.360,   14.840,   14.530,    0.000,
    4.360,   14.790,   14.470,    0.000,
    4.360,   15.060,   14.740,    0.000,
    4.360,   15.070,   14.750,    0.000,
    4.360,   14.930,   14.610,    0.000,
    4.360,   15.070,   14.750,    0.000,
    4.360,   15.110,   14.780,    0.000,
    4.360,   15.010,   14.690,    0.000,
    4.360,   14.940,   14.630,    0.000,
    4.360,   15.100,   14.780,    0.000,
    4.360,   15.120,   14.800,    0.000,
    4.360,   14.930,   14.620,    0.000,
    4.360,   15.000,   14.680,    0.000,
    4.360,   15.050,   14.730,    0.000,
    4.360,   14.950,   14.630,    0.000,
    4.360,   14.830,   14.520,    0.000,
    4.360,   15.000,   14.680,    0.000,
    4.360,   15.040,   14.720,    0.000,
    4.360,   14.880,   14.570,    0.000,
    4.360,   14.970,   14.650,    0.000,
    4.360,   15.050,   14.730,    0.000,
    4.360,   14.930,   14.610,    0.000,
    4.360,   14.830,   14.520,    0.000,
    4.360,   15.060,   14.740,    0.000,
    4.360,   15.080,   14.760,    0.000,
    4.360,   15.010,   14.690,    0.000,
    4.360,   14.990,   14.670,    0.000,
    4.360,   15.060,   14.740,    0.000,
    4.360,   14.960,   14.640,    0.000,
    4.360,   14.840,   14.530,    0.000,
    4.360,   15.020,   14.700,    0.000,
    4.360,   15.100,   14.780,    0.000,
    4.360,   14.990,   14.680,    0.000,
    4.360,   14.900,   14.590,    0.000,
    4.360,   15.070,   14.750,    0.000,
    4.360,   14.990,   14.670,    0.000,
    4.360,   14.860,   14.550,    0.000,
    4.360,   15.020,   14.700,    0.000,
    4.360,   15.100,   14.780,    0.000,
    4.360,   14.990,   14.670,    0.000,
    4.360,   14.940,   14.620,    0.000,
    4.360,   15.070,   14.750,    0.000,
    4.360,   14.970,   14.650,    0.000,
    4.360,   14.840,   14.530,    0.000,
    4.360,   15.000,   14.690,    0.000,
    4.360,   15.070,   14.750,    0.000,
    4.360,   14.960,   14.640,    0.000,
    4.360,   14.900,   14.590,    0.000,
    4.360,   15.020,   14.700,    0.000,
    4.360,   14.960,   14.640,    0.000,
    4.360,   14.870,   14.560,    0.000,
    4.360,   15.020,   14.700,    0.000,
    4.360,   15.090,   14.770,    0.000,
    4.360,   15.040,   14.720,    0.000,
    4.360,   14.900,   14.590,    0.000,
    4.360,   15.090,   14.770,    0.000,
    4.360,   15.020,   14.700,    0.000,
    4.360,   14.910,   14.590,    0.000,
    4.360,   14.980,   14.660,    0.000,
    4.360,   15.070,   14.750,    0.000,
    4.360,   14.970,   14.660,    0.000,
    4.360,   14.890,   14.570,    0.000,
    4.360,   14.930,   14.620,    0.000,
    4.360,   14.960,   14.650,    0.000,
    4.360,   14.900,   14.580,    0.000,
    4.360,   14.880,   14.560,    0.000,
    4.360,   14.810,   14.500,    0.000,
    4.360,   14.560,   14.250,    0.000,
    4.360,   14.080,   13.790,    0.000,
    4.360,   13.530,   13.260,    0.000,
    4.360,   13.060,   12.800,    0.000,
    4.360,   12.440,   12.200,    0.000,
    4.360,   11.360,   11.150,    0.000,
    4.360,   10.490,   10.310,    0.000,
    4.360,   10.000,    9.840,    0.000,
    4.360,    9.510,    9.360,    0.000,
    4.360,    9.120,    8.980,    0.000,
    4.360,    8.630,    8.500,    0.000,
    4.360,    8.010,    7.900,    0.000,
    4.360,    7.550,    7.460,    0.000,
    4.360,    7.190,    7.110,    0.000,
    4.360,    6.900,    6.820,    0.000,
    4.360,    6.640,    6.570,    0.000,
    4.360,    6.540,    6.470,    0.000,
    4.360,    6.330,    6.270,    0.000,
    4.360,    5.970,    5.920,    0.000,
    4.360,    5.380,    5.350,    0.000,
    4.120,    4.440,    4.430,    0.000,
    3.080,    3.340,    3.340,    0.000,
    2.060,    2.290,    2.280,    0.000,
    1.620,    1.810,    1.810,    0.000,
    0.300,    0.540,    0.530,    0.000,
   -0.220,   -0.050,   -0.060,    0.000,
   -0.200,   -0.250,   -0.250,    0.000,
   -0.190,   -0.220,   -0.220,    0.000,
   -0.080,   -0.130,   -0.130,    0.000,
   -0.040,   -0.080,   -0.070,    0.000,
    0.000,   -0.040,   -0.040,    0.000,
    0.010,   -0.010,   -0.010,    0.000,
   -0.390,   -0.420,   -0.420,    0.000,
   -0.690,   -0.750,   -0.750,    0.000,
   -1.310,   -1.250,   -1.250,    0.000,
   -2.570,   -2.490,   -2.490,    0.000,
   -3.800,   -3.840,   -3.830,    0.000,
   -4.360,   -4.840,   -4.820,    0.000,
   -4.360,   -5.250,   -5.220,    0.000,
   -4.360,   -5.550,   -5.520,    0.000,
   -4.360,   -5.840,   -5.800,    0.000,
   -4.360,   -5.940,   -5.900,    0.000,
   -4.360,   -6.180,   -6.120,    0.000,
   -4.360,   -6.700,   -6.630,    0.000,
   -4.360,   -7.250,   -7.160,    0.000,
   -4.360,   -7.880,   -7.780,    0.000,
   -4.360,   -8.300,   -8.180,    0.000,
   -4.360,   -8.580,   -8.460,    0.000,
   -4.360,   -8.920,   -8.790,    0.000,
   -4.360,   -9.120,   -8.970,    0.000,
   -4.360,   -9.220,   -9.070,    0.000,
   -4.360,   -9.130,   -8.990,    0.000,
   -4.360,   -8.980,   -8.840,    0.000,
   -4.360,   -8.960,   -8.820,    0.000,
   -4.360,   -9.490,   -9.330,    0.000,
   -4.360,  -10.710,  -10.520,    0.000,
   -4.360,  -11.540,  -11.330,    0.000,
   -4.360,  -11.850,  -11.620,    0.000,
   -4.360,  -12.160,  -11.920,    0.000,
   -4.360,  -12.460,  -12.220,    0.000,
   -4.360,  -12.580,  -12.340,    0.000,
   -4.360,  -12.510,  -12.270,    0.000,
   -4.360,  -12.480,  -12.240,    0.000,
   -4.360,  -12.830,  -12.580,    0.000,
   -4.360,  -13.160,  -12.900,    0.000,
   -4.360,  -13.390,  -13.120,    0.000,
   -4.360,  -13.510,  -13.230,    0.000,
   -4.360,  -13.900,  -13.620,    0.000,
   -4.360,  -14.100,  -13.810,    0.000,
   -4.360,  -14.110,  -13.820,    0.000,
   -4.360,  -14.170,  -13.870,    0.000,
   -4.360,  -14.510,  -14.210,    0.000,
   -4.360,  -14.690,  -14.380,    0.000,
   -4.360,  -14.570,  -14.270,    0.000,
   -4.360,  -14.730,  -14.420,    0.000,
   -4.360,  -14.930,  -14.620,    0.000,
   -4.360,  -14.870,  -14.560,    0.000,
   -4.360,  -14.770,  -14.460,    0.000,
   -4.360,  -15.000,  -14.680,    0.000,
   -4.360,  -15.040,  -14.720,    0.000,
   -4.360,  -14.870,  -14.550,    0.000,
   -4.360,  -14.830,  -14.520,    0.000,
   -4.360,  -15.070,  -14.750,    0.000,
   -4.360,  -14.990,  -14.680,    0.000,
   -4.360,  -14.800,  -14.490,    0.000,
   -4.360,  -14.980,  -14.660,    0.000,
   -4.360,  -15.080,  -14.760,    0.000,
   -4.360,  -14.870,  -14.560,    0.000,
   -4.360,  -14.830,  -14.520,    0.000,
   -4.360,  -15.010,  -14.690,    0.000,
   -4.360,  -14.910,  -14.590,    0.000,
   -4.360,  -14.750,  -14.440,    0.000,
   -4.360,  -14.940,  -14.620,    0.000,
   -4.360,  -15.040,  -14.720,    0.000,
   -4.360,  -14.900,  -14.590,    0.000,
   -4.360,  -14.800,  -14.490,    0.000,
   -4.360,  -15.040,  -14.720,    0.000,
   -4.360,  -14.920,  -14.600,    0.000,
   -4.360,  -14.880,  -14.570,    0.000,
   -4.360,  -14.940,  -14.620,    0.000,
   -4.360,  -15.090,  -14.770,    0.000,
   -4.360,  -15.040,  -14.720,    0.000,
   -4.360,  -14.870,  -14.560,    0.000,
   -4.360,  -15.030,  -14.710,    0.000,
   -4.360,  -15.030,  -14.710,    0.000,
   -4.360,  -14.910,  -14.590,    0.000,
   -4.360,  -14.920,  -14.610,    0.000,
   -4.360,  -15.050,  -14.730,    0.000,
   -4.360,  -15.000,  -14.680,    0.000,
   -4.360,  -14.900,  -14.580,    0.000,
   -4.360,  -15.010,  -14.690,    0.000,
   -4.360,  -14.980,  -14.660,    0.000,
   -4.360,  -14.870,  -14.550,    0.000,
   -4.360,  -14.800,  -14.490,    0.000,
   -4.360,  -14.930,  -14.610,    0.000,
   -4.360,  -14.960,  -14.640,    0.000,
   -4.360,  -14.850,  -14.540,    0.000,
   -4.360,  -14.990,  -14.670,    0.000,
   -4.360,  -14.960,  -14.650,    0.000,
   -4.360,  -14.960,  -14.640,    0.000,
   -4.360,  -14.850,  -14.540,    0.000,
   -4.360,  -14.940,  -14.620,    0.000,
   -4.360,  -15.050,  -14.730,    0.000,
   -4.360,  -14.960,  -14.640,    0.000,
   -4.360,  -14.940,  -14.630,    0.000,
   -4.360,  -15.020,  -14.700,    0.000,
   -4.360,  -15.000,  -14.680,    0.000,
   -4.360,  -14.840,  -14.530,    0.000,
   -4.360,  -14.940,  -14.620,    0.000,
   -4.360,  -15.040,  -14.720,    0.000,
   -4.360,  -14.960,  -14.640,    0.000,
   -4.360,  -14.850,  -14.540,    0.000,
   -4.360,  -14.960,  -14.640,    0.000,
   -4.360,  -14.990,  -14.670,    0.000,
   -4.360,  -14.850,  -14.540,    0.000,
   -4.360,  -14.860,  -14.550,    0.000,
   -4.360,  -14.970,  -14.650,    0.000,
   -4.360,  -14.940,  -14.620,    0.000,
   -4.360,  -14.790,  -14.470,    0.000,
   -4.360,  -14.890,  -14.580,    0.000,
   -4.360,  -15.030,  -14.710,    0.000,
   -4.360,  -14.900,  -14.590,    0.000,
   -4.360,  -14.840,  -14.520,    0.000,
   -4.360,  -14.940,  -14.620,    0.000,
   -4.360,  -15.010,  -14.690,    0.000,
   -4.360,  -14.830,  -14.510,    0.000,
   -4.360,  -14.940,  -14.630,    0.000,
   -4.360,  -15.100,  -14.770,    0.000,
   -4.360,  -14.920,  -14.600,    0.000,
   -4.360,  -14.830,  -14.510,    0.000,
   -4.360,  -14.620,  -14.320,    0.000,
   -4.360,  -14.150,  -13.860,    0.000,
   -4.360,  -13.570,  -13.300,    0.000,
   -4.360,  -13.310,  -13.040,    0.000,
   -4.360,  -13.080,  -12.820,    0.000,
   -4.360,  -12.920,  -12.670,    0.000,
   -4.360,  -12.560,  -12.310,    0.000,
   -4.360,  -12.120,  -11.890,    0.000,
   -4.360,  -11.390,  -11.180,    0.000,
   -4.360,  -10.720,  -10.530,    0.000,
   -4.360,  -10.000,   -9.830,    0.000,
   -4.360,   -9.250,   -9.110,    0.000,
   -4.360,   -8.930,   -8.790,    0.000,
   -4.360,   -8.800,   -8.670,    0.000,
   -4.360,   -8.710,   -8.580,    0.000,
   -4.360,   -8.430,   -8.310,    0.000,
   -4.360,   -7.690,   -7.590,    0.000,
   -4.360,   -6.770,   -6.700,    0.000,
   -4.360,   -5.830,   -5.780,    0.000,
   -4.360,   -5.030,   -5.010,    0.000,
   -4.220,   -4.620,   -4.610,    0.000,
   -3.980,   -4.210,   -4.200,    0.000,
   -3.650,   -4.100,   -4.090,    0.000,
   -3.600,   -3.900,   -3.890,    0.000,
   -3.580,   -3.900,   -3.890,    0.000,
   -3.240,   -3.370,   -3.370,    0.000,
   -2.490,   -2.680,   -2.680,    0.000,
   -0.750,   -1.200,   -1.190,    0.000,
    0.010,   -0.150,   -0.140,    0.000,
    0.220,    0.110,    0.110,    0.000,
    0.160,    0.160,    0.160,    0.000,
    0.080,    0.060,    0.060,    0.000,
    0.100,    0.070,    0.070,    0.000,
    0.090,    0.080,    0.080,    0.000,
    0.090,    0.070,    0.070,    0.000,
    0.090,    0.070,    0.070,    0.000,
    0.110,    0.080,    0.080,    0.000,
    0.050,    0.040,    0.040,    0.000,
    0.020,    0.000,    0.000,    0.000,
    0.020,    0.000,    0.000,    0.000,
    0.020,    0.000,    0.000,    0.000,
    0.020,    0.000,    0.000,    0.000,
    0.020,    0.000,    0.000,    0.000,
    0.120,    0.130,    0.130,    0.000,
    0.050,    0.050,    0.050,    0.000,
    0.020,    0.000,    0.000,    0.000,
    0.020,    0.000,    0.000,    0.000,
    0.020,    0.000,    0.000,    0.000,
    0.020,    0.000,    0.000,    0.000,
    0.020,    0.000,    0.000,    0.000,
    0.030,    0.000,    0.000,    0.000,
    0.020,    0.000,    0.000,    0.000,
    0.030,    0.000,    0.000,    0.000,
    0.020,    0.000,    0.000,    0.000,
    0.020,    0.000,    0.000,    0.000,
    0.030,    0.000,    0.000,    0.000,
    0.040,    0.030,    0.030,    0.000,
    0.080,    0.060,    0.070,    0.000,
    0.130,    0.110,    0.110,    0.000,
    0.200,    0.140,    0.150,    0.000,
    0.500,    0.310,    0.320,    0.000,
    0.250,    0.340,    0.330,    0.000,
    0.290,    0.180,    0.180,    0.000,
    0.420,    0.370,    0.370,    0.000,
    0.200,    0.280,    0.270,    0.000,
    0.390,    0.380,    0.380,    0.000,
    0.390,    0.350,    0.360,    0.000,
    0.410,    0.450,    0.450,    0.000,
    0.470,    0.490,    0.490,    0.000,
    0.390,    0.370,    0.380,    0.000,
    0.430,    0.420,    0.430,    0.000,
    0.520,    0.370,    0.370,    0.000,
    0.640,    0.450,    0.460,    0.000,
    0.560,    0.360,    0.370,    0.000,
    0.460,    0.370,    0.370,    0.000,
    0.380,    0.320,    0.330,    0.000,
    0.400,    0.390,    0.390,    0.000,
    0.470,    0.280,    0.290,    0.000,
    0.330,    0.380,    0.380,    0.000,
    0.600,    0.530,    0.540,    0.000,
    0.820,    0.520,    0.530,    0.000,
    0.620,    0.460,    0.470,    0.000,
    0.490,    0.610,    0.610,    0.000,
    0.320,    0.360,    0.350,    0.000,
    0.340,    0.390,    0.390,    0.000,
    0.520,    0.460,    0.470,    0.000,
    0.460,    0.500,    0.500,    0.000,
    0.440,    0.440,    0.440,    0.000,
    0.340,    0.350,    0.350,    0.000,
    0.400,    0.350,    0.350,    0.000,
    0.350,    0.460,    0.460,    0.000,
    0.390,    0.500,    0.500,    0.000,
    0.350,    0.280,    0.290,    0.000,
    0.290,    0.350,    0.350,    0.000,
    0.220,    0.290,    0.290,    0.000,
    0.490,    0.390,    0.400,    0.000,
    0.380,    0.460,    0.450,    0.000,
    0.320,    0.300,    0.300,    0.000,
    0.560,    0.110,    0.120,    0.000,
    0.680,    0.420,    0.430,    0.000,
    0.620,    0.550,    0.560,    0.000,
    0.620,    0.460,    0.460,    0.000,
    0.630,    0.340,    0.350,    0.000,
    0.360,    0.380,    0.380,    0.000,
    0.320,    0.420,    0.420,    0.000,
    0.460,    0.420,    0.420,    0.000,
    0.440,    0.330,    0.340,    0.000,
    0.360,    0.290,    0.290,    0.000,
    0.310,    0.310,    0.310,    0.000,
    0.500,    0.310,    0.320,    0.000,
    0.590,    0.480,    0.480,    0.000,
    0.540,    0.410,    0.410,    0.000,
    0.420,    0.290,    0.290,    0.000,
    0.190,    0.240,    0.230,    0.000,
    0.190,    0.210,    0.210,    0.000,
    0.320,    0.270,    0.270,    0.000,
    0.380,    0.410,    0.410,    0.000,
    0.260,    0.250,    0.250,    0.000,
    0.150,    0.100,    0.100,    0.000,
   -0.010,   -0.300,   -0.290,    0.000,
   -0.020,   -0.070,   -0.070,    0.000,
   -0.120,   -0.130,   -0.130,    0.000,
   -0.090,   -0.060,   -0.060,    0.000,
   -0.020,   -0.140,   -0.130,    0.000,
   -0.010,   -0.050,   -0.040,    0.000,
   -0.010,   -0.020,   -0.020,    0.000,
    0.030,    0.000,    0.000,    0.000,
   -0.020,   -0.060,   -0.060,    0.000,
   -0.030,   -0.080,   -0.080,    0.000,
    0.000,   -0.020,   -0.020,    0.000,
   -0.060,   -0.070,   -0.070,    0.000,
   -0.190,   -0.200,   -0.200,    0.000,
   -0.360,   -0.390,   -0.390,    0.000,
   -0.350,   -0.440,   -0.440,    0.000,
   -0.250,   -0.320,   -0.320,    0.000,
   -0.290,   -0.330,   -0.330,    0.000,
   -0.570,   -0.290,   -0.300,    0.000,
   -0.320,   -0.450,   -0.450,    0.000,
   -0.500,   -0.420,   -0.430,    0.000,
   -0.330,   -0.660,   -0.650,    0.000,
   -0.470,   -0.480,   -0.480,    0.000,
   -0.340,   -0.400,   -0.400,    0.000,
   -0.370,   -0.350,   -0.350,    0.000,
   -0.270,   -0.310,   -0.310,    0.000,
   -0.380,   -0.430,   -0.430,    0.000,
   -0.320,   -0.560,   -0.550,    0.000,
   -0.260,   -0.390,   -0.390,    0.000,
   -0.350,   -0.340,   -0.340,    0.000,
   -0.290,   -0.430,   -0.430,    0.000,
   -0.250,   -0.680,   -0.660,    0.000,
   -0.310,   -0.520,   -0.510,    0.000,
   -0.350,   -0.310,   -0.310,    0.000,
   -0.320,   -0.310,   -0.310,    0.000,
   -0.440,   -0.470,   -0.470,    0.000,
   -0.160,   -0.530,   -0.520,    0.000,
   -0.230,   -0.190,   -0.190,    0.000,
   -0.420,   -0.330,   -0.330,    0.000,
   -0.240,   -0.450,   -0.450,    0.000,
   -0.260,   -0.320,   -0.320,    0.000,
   -0.350,   -0.240,   -0.250,    0.000,
   -0.230,   -0.280,   -0.280,    0.000,
   -0.480,   -0.430,   -0.430,    0.000,
   -0.350,   -0.300,   -0.310,    0.000,
   -0.080,   -0.270,   -0.260,    0.000,
   -0.390,   -0.330,   -0.330,    0.000,
   -0.350,   -0.370,   -0.370,    0.000,
   -0.410,   -0.260,   -0.260,    0.000,
   -0.280,   -0.320,   -0.320,    0.000,
   -0.340,   -0.470,   -0.460,    0.000,
   -0.270,   -0.340,   -0.340,    0.000,
   -0.460,   -0.110,   -0.120,    0.000,
   -0.320,   -0.240,   -0.250,    0.000,
   -0.450,   -0.330,   -0.340,    0.000,
   -0.250,   -0.320,   -0.320,    0.000,
   -0.190,   -0.230,   -0.230,    0.000,
   -0.260,   -0.480,   -0.470,    0.000,
   -0.270,   -0.380,   -0.370,    0.000,
   -0.210,   -0.250,   -0.250,    0.000,
   -0.320,   -0.210,   -0.210,    0.000,
   -0.310,   -0.360,   -0.360,    0.000,
   -0.270,   -0.410,   -0.410,    0.000,
   -0.230,   -0.280,   -0.280,    0.000,
   -0.240,   -0.320,   -0.320,    0.000,
   -0.300,   -0.430,   -0.430,    0.000,
   -0.260,   -0.300,   -0.300,    0.000,
   -0.320,   -0.230,   -0.230,    0.000,
   -0.380,   -0.350,   -0.350,    0.000,
   -0.450,   -0.550,   -0.540,    0.000,
   -0.380,   -0.370,   -0.370,    0.000,
   -0.320,   -0.210,   -0.210,    0.000,
   -0.170,   -0.180,   -0.180,    0.000,
   -0.120,   -0.300,   -0.300,    0.000,
   -0.270,   -0.350,   -0.350,    0.000,
   -0.280,   -0.330,   -0.330,    0.000,
   -0.170,   -0.110,   -0.110,    0.000,
   -0.110,   -0.120,   -0.120,    0.000,
   -0.030,    0.050,    0.050,    0.000,
    0.080,    0.050,    0.050,    0.000,
    0.070,   -0.030,   -0.030,    0.000,
   -0.120,    0.030,    0.020,    0.000,
   -0.170,   -0.050,   -0.050,    0.000,
    0.000,   -0.150,   -0.140,    0.000,
   -0.190,   -0.270,   -0.260,    0.000,
   -0.160,   -0.160,   -0.160,    0.000,
   -0.160,   -0.170,   -0.170,    0.000,
    0.030,   -0.050,   -0.050,    0.000,
    0.020,    0.000,    0.000,    0.000,
    0.020,    0.000,    0.000,    0.000,
    0.020,    0.000,    0.000,    0.000,
    0.020,    0.000,    0.000,    0.000,
    0.020,    0.000,    0.000,    0.000,
    0.020,    0.000,    0.000,    0.000,
    0.020,    0.000,    0.000,    0.000,
    0.020,    0.000,    0.000,    0.000,
    0.020,    0.000,    0.000,    0.000,
    0.230,    0.110,    0.120,    0.000,
    0.570,   -0.020,    0.000,    0.000,
    0.980,    0.070,    0.100,    0.000,
    0.550,    0.190,    0.200,    0.000,
    0.480,    0.190,    0.200,    0.000,
    0.250,    0.440,    0.440,    0.000,
    0.740,    0.130,    0.150,    0.000,
    1.450,   -0.300,   -0.250,    0.000,
    2.040,   -0.010,    0.040,    0.000,
    1.830,    0.420,    0.460,    0.000,
    1.480,    0.530,    0.550,    0.000,
    0.830,    0.900,    0.890,    0.000,
    0.800,    0.640,    0.640,    0.000,
    0.630,    0.680,    0.680,    0.000,
    0.470,    0.510,    0.510,    0.000,
    0.380,    0.370,    0.370,    0.000,
    0.110,    0.470,    0.460,    0.000,
    0.570,    0.470,    0.470,    0.000,
    0.430,    0.470,    0.470,    0.000,
    0.740,    0.270,    0.280,    0.000,
    0.870,    0.120,    0.140,    0.000,
    0.660,    0.580,    0.590,    0.000,
    0.200,    0.710,    0.700,    0.000,
    0.510,    0.470,    0.470,    0.000,
    0.320,    0.550,    0.540,    0.000,
    0.430,    0.490,    0.480,    0.000,
    0.400,    0.490,    0.490,    0.000,
    0.510,    0.370,    0.380,    0.000,
    0.500,    0.340,    0.340,    0.000,
   -0.480,   -6.780,   -6.590,    0.000,
   -0.960,   -3.000,   -2.940,    0.000,
   -0.790,   -0.690,   -0.690,    0.000,
   -0.360,   -0.300,   -0.300,    0.000,
    0.060,    0.080,    0.080,    0.000,
    0.030,   -0.060,   -0.050,    0.000,
    0.000,    0.000,    0.000,    0.000,
   -0.090,   -0.090,   -0.090,    0.000,
   -0.200,   -0.210,   -0.210,    0.000,
   -0.360,   -0.380,   -0.380,    0.000,
   -0.220,   -0.300,   -0.300,    0.000,
    0.900,   -1.020,   -0.960,    0.000,
   -0.350,   -0.430,   -0.430,    0.000,
    0.410,   -0.750,   -0.720,    0.000,
    1.110,   -1.250,   -1.180,    0.000,
    1.710,   -1.290,   -1.200,    0.000,
    1.900,   -1.000,   -0.910,    0.000,
    2.000,   -0.430,   -0.360,    0.000,
    0.580,    0.110,    0.120,    0.000,
    0.190,    0.030,    0.030,    0.000,
   -0.040,   -0.260,   -0.260,    0.000,
    0.160,   -0.160,   -0.150,    0.000,
    0.030,   -2.260,   -2.200,    0.000,
    0.500,   -0.320,   -0.290,    0.000,
    0.740,   -0.010,    0.000,    0.000,
    0.550,    0.340,    0.350,    0.000,
    0.250,    0.490,    0.480,    0.000,
    0.420,    0.430,    0.430,    0.000,
    0.000,    0.060,    0.060,    0.000,
   -0.110,   -0.130,   -0.130,    0.000,
    0.020,   -0.030,   -0.030,    0.000,
    0.020,    0.000,    0.000,    0.000,
    0.020,    0.000,    0.000,    0.000,
    0.010,    0.090,    0.090,    0.000,
   -0.100,    0.490,    0.470,    0.000,
    0.050,    0.500,    0.480,    0.000,
   -0.520,    0.490,    0.460,    0.000,
   -1.180,    1.160,    1.090,    0.000,
   -0.750,    0.550,    0.510,    0.000,
   -0.570,    0.040,    0.020,    0.000,
    0.540,   -0.050,   -0.030,    0.000,
    0.890,   -0.200,   -0.170,    0.000,
    1.660,   -0.130,   -0.080,    0.000,
    1.550,    0.100,    0.140,    0.000,
    1.560,    0.400,    0.440,    0.000,
    1.290,    0.460,    0.490,    0.000,
    1.030,    0.750,    0.760,    0.000,
    0.740,    0.720,    0.720,    0.000,
    0.680,    0.660,    0.660,    0.000,
    0.410,    0.500,    0.500,    0.000,
    0.330,    0.620,    0.610,    0.000,
    0.320,    0.290,    0.290,    0.000,
   -0.980,   -7.970,   -7.770,    0.000,
   -1.930,   -4.690,   -4.600,    0.000,
   -1.750,   -1.220,   -1.240,    0.000,
   -1.590,   -0.410,   -0.440,    0.000,
   -0.780,   -0.550,   -0.560,    0.000,
   -0.520,   -0.470,   -0.470,    0.000,
   -0.370,   -0.330,   -0.330,    0.000,
    0.070,   -0.080,   -0.070,    0.000,
    0.190,    0.140,    0.140,    0.000,
    0.080,    0.090,    0.090,    0.000,
    0.090,    0.040,    0.040,    0.000,
   -0.050,   -0.050,   -0.050,    0.000,
   -0.210,   -0.240,   -0.240,    0.000,
    0.260,   -0.440,   -0.420,    0.000,
   -0.120,   -0.450,   -0.440,    0.000,
   -0.130,   -0.610,   -0.600,    0.000,
   -1.040,   -0.700,   -0.710,    0.000,
   -0.640,   -0.620,   -0.620,    0.000,
   -1.210,   -0.730,   -0.750,    0.000,
   -1.850,   -0.340,   -0.380,    0.000,
   -2.210,    0.020,   -0.040,    0.000,
   -3.210,    0.200,    0.100,    0.000,
   -2.930,   -0.650,   -0.720,    0.000,
   -2.650,   -0.950,   -1.000,    0.000,
   -1.890,   -1.280,   -1.290,    0.000,
   -1.700,   -0.880,   -0.900,    0.000,
   -2.450,   -0.130,   -0.190,    0.000,
   -2.310,   -0.370,   -0.430,    0.000,
   -2.060,   -0.370,   -0.420,    0.000,
   -1.700,   -1.000,   -1.030,    0.000,
   -1.080,   -1.300,   -1.290,    0.000,
   -0.680,   -0.870,   -0.860,    0.000,
   -0.200,   -0.700,   -0.690,    0.000,
    0.100,   -0.240,   -0.230,    0.000,
    0.220,   -0.100,   -0.090,    0.000,
    0.230,    0.110,    0.110,    0.000,
   -0.170,   -0.200,   -0.200,    0.000,
    0.000,   -0.060,   -0.050,    0.000,
    0.060,    0.030,    0.030,    0.000,
    0.050,    0.020,    0.020,    0.000,
    0.260,    0.090,    0.100,    0.000,
    0.900,    0.120,    0.140,    0.000,
    1.370,    0.290,    0.320,    0.000,
    1.670,   -0.250,   -0.190,    0.000,
    2.810,   -0.500,   -0.400,    0.000,
    3.010,   -0.100,    0.000,    0.000,
    3.340,    0.000,    0.100,    0.000,
    3.270,    0.150,    0.240,    0.000,
    2.230,    0.840,    0.890,    0.000,
    1.530,    0.900,    0.910,    0.000,
    0.530,    1.200,    1.180,    0.000,
    0.660,    0.550,    0.560,    0.000,
    1.140,    0.110,    0.140,    0.000,
    1.410,    0.160,    0.190,    0.000,
    1.250,    0.370,    0.400,    0.000,
    0.930,    0.660,    0.670,    0.000,
    0.340,    0.600,    0.600,    0.000,
    0.600,    0.420,    0.420,    0.000,
    0.390,    0.390,    0.390,    0.000,
    0.650,    0.190,    0.200,    0.000,
   -0.320,   -6.130,   -5.960,    0.000,
   -0.960,   -2.770,   -2.720,    0.000,
   -0.350,    0.240,    0.220,    0.000,
    0.550,    0.000,    0.010,    0.000,
    0.630,   -0.070,   -0.050,    0.000,
    0.850,   -0.190,   -0.160,    0.000,
    0.430,    0.350,    0.350,    0.000,
    0.120,    0.150,    0.150,    0.000,
    0.000,    0.000,    0.000,    0.000,
    0.060,    0.040,    0.040,    0.000,
   -0.050,    0.010,    0.000,    0.000,
   -0.040,   -0.040,   -0.040,    0.000,
    0.030,   -0.010,   -0.010,    0.000,
    0.020,    0.000,    0.000,    0.000,
    0.020,    0.000,    0.000,    0.000,
    0.020,    0.000,    0.000,    0.000,
    0.020,    0.000,    0.000,    0.000,
    0.020,    0.000,    0.000,    0.000,
   -0.090,   -0.160,   -0.160,    0.000,
   -0.270,   -0.280,   -0.280,    0.000,
    0.130,    0.170,    0.170,    0.000,
    1.780,   -0.380,   -0.310,    0.000,
    0.150,    0.170,    0.170,    0.000,
   -0.520,    0.200,    0.180,    0.000,
   -0.690,   -0.160,   -0.180,    0.000,
   -0.430,   -0.350,   -0.350,    0.000,
    0.210,   -0.930,   -0.900,    0.000,
    0.550,   -0.460,   -0.430,    0.000,
    1.650,   -1.180,   -1.100,    0.000,
    2.560,   -1.030,   -0.920,    0.000,
    2.810,   -0.560,   -0.460,    0.000,
    2.290,    0.270,    0.330,    0.000,
    2.240,   -0.200,   -0.120,    0.000,
    2.700,   -0.620,   -0.520,    0.000,
    2.910,   -0.700,   -0.590,    0.000,
    3.730,   -0.740,   -0.610,    0.000,
    4.360,   -1.200,   -1.040,    0.000,
    4.360,   -1.010,   -0.850,    0.000,
    4.360,   -0.990,   -0.830,    0.000,
    4.360,    0.100,    0.220,    0.000,
    4.360,   -0.600,   -0.450,    0.000,
    4.360,   -0.510,   -0.370,    0.000,
    4.360,    0.340,    0.460,    0.000,
    4.360,   -0.410,   -0.270,    0.000,
    4.360,   -0.330,   -0.190,    0.000,
    4.360,   -0.150,   -0.010,    0.000,
    4.360,   -0.600,   -0.450,    0.000,
    4.360,   -1.050,   -0.890,    0.000,
    4.360,   -1.090,   -0.920,    0.000,
    4.360,    0.070,    0.200,    0.000,
    4.360,    0.230,    0.350,    0.000,
    4.360,    0.930,    1.030,    0.000,
    4.360,    1.350,    1.440,    0.000,
    4.360,   -0.390,   -0.250,    0.000,
    4.360,   -0.390,   -0.240,    0.000,
   -0.200,   -0.940,   -0.920,    0.000,
   -0.510,   -0.630,   -0.620,    0.000,
   -0.040,   -0.150,   -0.150,    0.000,
    0.160,    0.090,    0.090,    0.000,
    0.000,    0.000,    0.000,    0.000,
    0.000,   -0.010,   -0.010,    0.000,
    0.030,    0.000,    0.000,    0.000,
    0.020,    0.000,    0.000,    0.000,
    0.020,    0.000,    0.000,    0.000,
   -0.020,   -0.030,   -0.030,    0.000,
   -0.040,   -0.040,   -0.040,    0.000,
    0.390,   -0.170,   -0.160,    0.000,
    1.190,   -0.830,   -0.770,    0.000,
    0.040,    0.240,    0.240,    0.000,
    0.070,    0.320,    0.320,    0.000,
    0.120,    0.340,    0.330,    0.000,
    2.080,   -0.940,   -0.850,    0.000,
    2.990,   -0.970,   -0.850,    0.000,
    2.970,   -0.850,   -0.740,    0.000,
    2.820,   -0.590,   -0.480,    0.000,
    3.240,   -0.560,   -0.440,    0.000,
    2.230,    0.250,    0.310,    0.000,
    1.710,    0.200,    0.250,    0.000,
    0.970,    0.280,    0.300,    0.000,
    0.110,    0.220,    0.220,    0.000,
   -0.520,    0.380,    0.350,    0.000,
   -0.720,    0.260,    0.230,    0.000,
   -0.140,   -0.400,   -0.390,    0.000,
    1.010,   -0.800,   -0.750,    0.000,
    1.430,   -0.590,   -0.530,    0.000,
    2.390,   -0.730,   -0.640,    0.000,
    2.660,   -0.540,   -0.450,    0.000,
    2.910,   -0.760,   -0.650,    0.000,
    2.950,   -0.610,   -0.510,    0.000,
    2.650,    0.030,    0.110,    0.000,
    2.550,   -0.050,    0.020,    0.000,
    2.400,   -0.310,   -0.230,    0.000,
    2.700,   -0.250,   -0.160,    0.000,
    1.910,    0.220,    0.270,    0.000,
    2.250,    0.130,    0.190,    0.000,
    2.710,   -0.550,   -0.450,    0.000,
    2.570,    0.090,    0.160,    0.000,
    2.480,    0.010,    0.080,    0.000,
    3.610,   -1.040,   -0.900,    0.000,
    3.870,   -0.580,   -0.450,    0.000,
    2.440,    0.610,    0.670,    0.000,
    2.380,   -0.450,   -0.360,    0.000,
    4.300,   -1.010,   -0.860,    0.000,
    4.360,   -1.190,   -1.020,    0.000,
    4.360,   -1.220,   -1.050,    0.000,
    4.360,   -0.830,   -0.680,    0.000,
    4.360,   -1.200,   -1.030,    0.000,
    4.360,   -0.100,    0.020,    0.000,
    4.360,    0.090,    0.220,    0.000,
    4.360,   -1.010,   -0.850,    0.000,
    4.360,   -1.560,   -1.380,    0.000,
    4.360,   -1.570,   -1.400,    0.000,
    4.360,   -1.280,   -1.110,    0.000,
    4.360,   -0.610,   -0.460,    0.000,
    4.360,    0.890,    0.990,    0.000,
    4.360,    1.190,    1.280,    0.000,
    2.710,    1.750,    1.780,    0.000,
    0.770,    1.210,    1.200,    0.000,
    0.070,    0.210,    0.200,    0.000,
   -0.140,   -0.120,   -0.120,    0.000,
   -0.120,   -0.110,   -0.110,    0.000,
   -0.010,   -0.060,   -0.060,    0.000,
    0.010,    0.000,    0.000,    0.000,
    0.020,    0.000,    0.000,    0.000,
    0.010,    0.000,    0.000,    0.000,
    0.020,    0.000,    0.000,    0.000,
    0.020,    0.000,    0.000,    0.000,
    0.020,    0.000,    0.000,    0.000,
    0.020,    0.000,    0.000,    0.000,
    0.020,    0.000,    0.000,    0.000,
    0.020,    0.000,    0.000,    0.000,
    0.040,   -0.020,   -0.010,    0.000,
    0.000,   -0.030,   -0.030,    0.000,
    0.030,    0.000,    0.000,    0.000,
    0.000,   -0.010,   -0.010,    0.000,
   -0.480,    0.300,    0.270,    0.000,
   -1.300,    0.670,    0.610,    0.000,
   -0.800,    0.020,    0.000,    0.000,
   -1.820,    0.760,    0.680,    0.000,
   -1.540,    0.580,    0.520,    0.000,
   -1.790,    0.570,    0.500,    0.000,
   -0.680,    0.130,    0.110,    0.000,
   -1.110,    0.240,    0.200,    0.000,
   -1.110,    0.560,    0.510,    0.000,
   -0.260,    0.080,    0.070,    0.000,
   -0.540,    0.170,    0.150,    0.000,
   -0.880,    0.230,    0.200,    0.000,
   -0.710,   -0.050,   -0.070,    0.000,
   -0.300,    0.030,    0.020,    0.000,
    0.020,    0.130,    0.130,    0.000,
    0.150,    0.250,    0.250,    0.000,
    0.240,    0.250,    0.250,    0.000,
    0.210,    0.310,    0.310,    0.000,
    0.200,    0.130,    0.130,    0.000,
    0.530,   -0.070,   -0.050,    0.000,
    0.220,    0.200,    0.200,    0.000,
    0.190,    0.200,    0.200,    0.000,
    0.000,    0.520,    0.500,    0.000,
   -0.120,    0.250,    0.240,    0.000,
    0.380,   -0.110,   -0.100,    0.000,
    0.170,    0.120,    0.120,    0.000,
   -0.070,    0.190,    0.180,    0.000,
   -1.190,    0.900,    0.840,    0.000,
   -1.360,    0.520,    0.460,    0.000,
   -1.130,    0.110,    0.070,    0.000,
    0.020,   -0.610,   -0.600,    0.000,
    0.470,   -0.180,   -0.160,    0.000,
    0.150,    0.520,    0.510,    0.000,
   -0.700,    0.740,    0.700,    0.000,
   -0.370,   -0.040,   -0.050,    0.000,
   -0.240,   -0.070,   -0.070,    0.000,
    0.320,   -0.380,   -0.360,    0.000,
    0.100,    0.410,    0.400,    0.000,
   -0.250,    0.550,    0.520,    0.000,
   -0.410,    0.350,    0.330,    0.000,
   -0.510,    0.440,    0.410,    0.000,
   -0.640,    0.240,    0.210,    0.000,
   -0.420,    0.230,    0.210,    0.000,
    0.020,   -0.200,   -0.200,    0.000,
   -0.060,   -0.090,   -0.090,    0.000,
   -0.100,    0.310,    0.300,    0.000,
   -0.240,    0.700,    0.670,    0.000,
    0.110,    0.050,    0.050,    0.000,
    0.320,    0.030,    0.040,    0.000,
    0.160,    0.200,    0.200,    0.000,
    0.220,    0.120,    0.120,    0.000,
    0.450,   -0.170,   -0.150,    0.000,
    0.620,   -0.110,   -0.090,    0.000,
    0.370,    0.300,    0.300,    0.000,
    0.290,    0.550,    0.550,    0.000,
    0.600,    0.660,    0.660,    0.000,
    0.460,    0.490,    0.490,    0.000,
    0.390,    0.310,    0.310,    0.000,
    0.180,    0.310,    0.310,    0.000,
    0.230,    0.180,    0.180,    0.000,
   -0.060,    0.340,    0.320,    0.000,
   -0.230,    0.210,    0.200,    0.000,
   -0.050,   -0.220,   -0.220,    0.000,
   -0.050,    0.000,    0.000,    0.000,
    0.020,    0.020,    0.020,    0.000,
    0.080,   -0.030,   -0.020,    0.000,
   -0.220,    0.560,    0.530,    0.000,
   -0.240,    0.670,    0.640,    0.000,
   -1.370,    0.740,    0.670,    0.000,
   -1.980,    0.200,    0.140,    0.000,
   -1.730,   -0.550,   -0.590,    0.000,
   -1.460,   -0.640,   -0.660,    0.000,
   -0.690,   -0.510,   -0.510,    0.000,
   -1.070,   -0.320,   -0.340,    0.000,
   -1.150,   -0.220,   -0.250,    0.000,
   -0.460,   -0.530,   -0.530,    0.000,
    0.670,   -1.020,   -0.970,    0.000,
    1.970,   -0.980,   -0.890,    0.000,
    2.970,   -0.870,   -0.750,    0.000,
    3.040,   -0.550,   -0.440,    0.000,
    3.640,   -0.680,   -0.550,    0.000,
    4.360,   -0.560,   -0.410,    0.000,
    4.360,   -1.020,   -0.860,    0.000,
    4.360,   -1.200,   -1.030,    0.000,
    4.360,   -1.150,   -0.980,    0.000,
    4.360,   -1.010,   -0.850,    0.000,
    4.360,   -0.250,   -0.110,    0.000,
    4.360,    0.150,    0.270,    0.000,
    4.360,    0.760,    0.870,    0.000,
    4.360,    0.120,    0.250,    0.000,
    4.360,   -0.180,   -0.040,    0.000,
    4.360,   -0.510,   -0.360,    0.000,
    4.360,   -0.570,   -0.420,    0.000,
    4.360,    0.120,    0.250,    0.000,
    4.360,    0.460,    0.580,    0.000,
    4.150,    0.760,    0.860,    0.000,
    2.030,    1.060,    1.090,    0.000,
    0.750,    0.900,    0.890,    0.000,
    0.050,    0.140,    0.140,    0.000,
    0.010,   -0.010,   -0.010,    0.000,
    0.060,    0.010,    0.010,    0.000,
    0.040,    0.020,    0.020,    0.000,
    0.010,    0.000,    0.000,    0.000,
    0.040,    0.000,    0.000,    0.000,
    0.020,    0.000,    0.000,    0.000,
    0.020,    0.000,    0.000,    0.000,
   -0.060,   -0.060,   -0.060,    0.000,
   -0.200,   -0.190,   -0.190,    0.000,
   -0.050,   -0.450,   -0.430,    0.000,
    0.050,   -0.370,   -0.360,    0.000,
   -0.330,   -0.310,   -0.310,    0.000,
   -0.850,    0.160,    0.130,    0.000,
    0.480,   -0.840,   -0.810,    0.000,
    1.680,   -0.910,   -0.830,    0.000,
    1.760,   -0.500,   -0.430,    0.000,
    2.610,   -0.610,   -0.510,    0.000,
    2.120,   -0.200,   -0.130,    0.000,
    2.030,    0.010,    0.070,    0.000,
    1.490,    0.000,    0.040,    0.000,
    1.690,   -0.160,   -0.100,    0.000,
    1.290,    0.020,    0.060,    0.000,
    1.040,   -0.090,   -0.060,    0.000,
    0.960,   -0.140,   -0.110,    0.000,
    1.200,   -0.010,    0.020,    0.000,
    1.550,   -0.520,   -0.460,    0.000,
    2.140,   -0.680,   -0.590,    0.000,
    0.740,    0.320,    0.330,    0.000,
    1.420,   -0.500,   -0.440,    0.000,
    1.060,   -0.200,   -0.160,    0.000,
    3.060,   -1.360,   -1.220,    0.000,
    2.540,   -0.510,   -0.420,    0.000,
    3.320,   -1.050,   -0.920,    0.000,
    3.140,   -0.330,   -0.230,    0.000,
    3.440,   -0.340,   -0.230,    0.000,
    3.720,   -0.480,   -0.350,    0.000,
    4.360,   -1.390,   -1.220,    0.000,
    4.360,   -0.840,   -0.680,    0.000,
    4.360,   -0.220,   -0.090,    0.000,
    4.360,   -0.990,   -0.830,    0.000,
    4.360,   -1.950,   -1.760,    0.000,
    4.360,   -2.160,   -1.970,    0.000,
    4.360,   -1.460,   -1.290,    0.000,
    4.360,   -0.150,   -0.010,    0.000,
    4.360,    1.450,    1.540,    0.000,
    4.360,    0.790,    0.890,    0.000,
    4.360,    0.180,    0.310,    0.000,
    4.360,   -0.460,   -0.320,    0.000,
    4.360,   -0.280,   -0.140,    0.000,
    4.360,    0.330,    0.450,    0.000,
    1.040,    0.520,    0.530,    0.000,
    0.260,    0.440,    0.430,    0.000,
    0.310,    0.330,    0.330,    0.000,
   -0.110,   -0.010,   -0.010,    0.000,
    0.020,   -0.040,   -0.040,    0.000,
    0.060,    0.000,    0.000,    0.000,
    0.010,    0.000,    0.000,    0.000,
    0.020,    0.000,    0.000,    0.000,
    0.020,    0.000,    0.000,    0.000,
    0.020,    0.000,    0.000,    0.000,
    0.030,    0.000,    0.000,    0.000,
    0.020,    0.000,    0.000,    0.000,
    0.020,    0.000,    0.000,    0.000,
    0.020,    0.000,    0.000,    0.000,
    0.020,    0.000,    0.000,    0.000,
    0.020,    0.000,    0.000,    0.000,
    0.020,    0.000,    0.000,    0.000,
    0.020,    0.000,    0.000,    0.000,
    0.190,    0.150,    0.150,    0.000,
    0.260,    0.260,    0.260,    0.000,
   -1.100,    1.210,    1.140,    0.000,
   -2.400,    0.770,    0.680,    0.000,
   -2.850,    0.730,    0.620,    0.000,
   -3.520,    0.920,    0.790,    0.000,
   -4.360,    1.320,    1.150,    0.000,
   -4.360,    1.330,    1.160,    0.000,
   -4.360,    1.270,    1.100,    0.000,
   -4.360,   -0.070,   -0.200,    0.000,
   -4.360,    0.340,    0.200,    0.000,
   -4.360,    0.290,    0.150,    0.000,
   -4.360,    0.040,   -0.080,    0.000,
   -4.360,   -0.750,   -0.860,    0.000,
   -3.390,   -0.790,   -0.870,    0.000,
   -4.360,    0.420,    0.280,    0.000,
   -2.860,   -0.060,   -0.150,    0.000,
   -0.870,   -0.890,   -0.890,    0.000,
   -0.280,   -0.270,   -0.270,    0.000,
    0.270,    0.180,    0.180,    0.000,
    0.310,    0.230,    0.230,    0.000,
    0.040,    0.070,    0.070,    0.000,
    0.040,    0.020,    0.020,    0.000,
    0.020,    0.010,    0.010,    0.000,
    0.020,    0.000,    0.000,    0.000,
    0.020,    0.000,    0.000,    0.000,
    0.020,    0.000,    0.000,    0.000,
    0.000,    0.000,    0.000,    0.000,
   -0.090,   -0.090,   -0.090,    0.000,
   -0.110,   -0.140,   -0.140,    0.000,
   -0.070,   -0.140,   -0.140,    0.000,
    0.280,   -0.160,   -0.150,    0.000,
    1.250,   -0.660,   -0.600,    0.000,
    0.560,   -0.200,   -0.180,    0.000,
    0.360,   -0.250,   -0.230,    0.000,
    0.260,   -0.420,   -0.400,    0.000,
    1.360,   -1.030,   -0.960,    0.000,
    0.870,    0.160,    0.180,    0.000,
    0.720,   -0.360,   -0.330,    0.000,
    1.980,   -0.970,   -0.880,    0.000,
    2.650,   -0.860,   -0.750,    0.000,
    2.410,   -0.230,   -0.150,    0.000,
    2.360,   -0.280,   -0.200,    0.000,
    1.770,   -0.020,    0.020,    0.000,
    1.210,    0.160,    0.190,    0.000,
    1.020,    0.020,    0.050,    0.000,
    1.040,   -0.120,   -0.090,    0.000,
    1.120,    0.000,    0.030,    0.000,
    1.060,   -0.190,   -0.160,    0.000,
    0.680,   -0.230,   -0.200,    0.000,
    0.820,   -0.180,   -0.150,    0.000,
    0.740,   -0.200,   -0.170,    0.000,
    0.700,   -0.310,   -0.280,    0.000,
    0.590,   -0.280,   -0.250,    0.000,
    0.500,   -0.340,   -0.320,    0.000,
    0.420,   -0.040,   -0.030,    0.000,
    0.000,    0.040,    0.040,    0.000,
    0.210,   -0.070,   -0.070,    0.000,
   -0.030,   -0.080,   -0.080,    0.000,
   -0.090,   -0.120,   -0.120,    0.000,
   -0.380,    0.110,    0.100,    0.000,
   -0.110,   -0.050,   -0.050,    0.000,
   -0.130,   -0.390,   -0.380,    0.000,
   -0.010,   -0.320,   -0.310,    0.000,
   -0.180,   -0.100,   -0.110,    0.000,
   -0.150,    0.020,    0.010,    0.000,
   -0.310,    0.010,    0.000,    0.000,
   -0.120,   -0.190,   -0.190,    0.000,
   -0.360,   -0.120,   -0.130,    0.000,
   -0.230,   -0.100,   -0.100,    0.000,
   -0.270,   -0.020,   -0.020,    0.000,
   -0.040,   -0.300,   -0.300,    0.000,
   -0.220,   -0.130,   -0.130,    0.000,
   -0.410,    0.000,   -0.010,    0.000,
   -0.280,   -0.400,   -0.400,    0.000,
   -0.160,   -0.250,   -0.250,    0.000,
   -0.120,   -0.210,   -0.200,    0.000,
   -0.260,   -0.270,   -0.270,    0.000,
   -0.370,   -0.060,   -0.070,    0.000,
   -0.070,   -0.250,   -0.250,    0.000,
    0.000,   -0.290,   -0.280,    0.000,
   -0.360,    0.070,    0.060,    0.000,
   -0.040,   -0.150,   -0.150,    0.000,
    0.110,    0.060,    0.060,    0.000,
   -0.240,   -0.230,   -0.230,    0.000,
    0.020,   -0.150,   -0.140,    0.000,
    0.040,    0.020,    0.020,    0.000,
    0.020,    0.000,    0.000,    0.000,
    0.000,   -0.030,   -0.030,    0.000,
    0.020,    0.000,    0.000,    0.000,
    0.090,    0.070,    0.070,    0.000,
    0.300,    0.110,    0.110,    0.000,
   -0.220,    0.830,    0.800,    0.000,
   -0.950,    0.340,    0.300,    0.000,
   -1.080,    0.420,    0.380,    0.000,
   -1.790,    0.570,    0.500,    0.000,
   -1.850,    0.350,    0.290,    0.000,
   -1.960,    0.230,    0.170,    0.000,
   -1.250,    0.210,    0.160,    0.000,
   -1.510,    0.320,    0.270,    0.000,
   -0.200,   -0.280,   -0.280,    0.000,
    0.210,    0.140,    0.150,    0.000,
    0.300,    0.090,    0.100,    0.000,
   -0.030,    0.280,    0.270,    0.000,
    0.010,    0.070,    0.070,    0.000,
    0.160,    0.130,    0.130,    0.000,
    0.260,    0.140,    0.140,    0.000,
    0.250,    0.130,    0.130,    0.000,
    0.080,    0.130,    0.130,    0.000,
   -0.050,    0.420,    0.410,    0.000,
   -0.020,    0.200,    0.190,    0.000,
    0.370,    0.070,    0.080,    0.000,
    0.380,    0.200,    0.210,    0.000,
    0.150,    0.340,    0.340,    0.000,
    0.050,    0.200,    0.200,    0.000,
    0.070,    0.240,    0.240,    0.000,
   -0.270,   -0.040,   -0.050,    0.000,
   -0.430,   -0.140,   -0.150,    0.000,
   -0.810,    0.040,    0.020,    0.000,
   -0.160,    0.080,    0.070,    0.000,
   -0.120,    0.210,    0.200,    0.000,
    0.250,    0.070,    0.080,    0.000,
    0.400,    0.210,    0.220,    0.000,
    0.600,    0.000,    0.020,    0.000,
    0.700,    0.100,    0.110,    0.000,
    0.440,    0.180,    0.190,    0.000,
    0.380,    0.790,    0.780,    0.000,
    0.400,    0.920,    0.900,    0.000,
    0.580,    0.880,    0.870,    0.000,
    0.990,    0.860,    0.870,    0.000,
    1.070,    1.070,    1.070,    0.000,
    0.960,    1.150,    1.140,    0.000,
    1.000,    1.150,    1.140,    0.000,
    1.270,    1.180,    1.190,    0.000,
    1.270,    1.310,    1.300,    0.000,
    1.160,    1.400,    1.390,    0.000,
    1.220,    1.530,    1.520,    0.000,
    1.540,    1.300,    1.310,    0.000,
    1.760,    1.170,    1.190,    0.000,
    1.810,    1.130,    1.150,    0.000,
    1.620,    1.100,    1.120,    0.000,
    1.630,    1.090,    1.100,    0.000,
    1.780,    0.990,    1.020,    0.000,
    1.810,    0.840,    0.870,    0.000,
    1.530,    1.350,    1.360,    0.000,
    1.300,    1.530,    1.520,    0.000,
    1.430,    1.310,    1.310,    0.000,
    1.330,    1.080,    1.080,    0.000,
    0.920,    1.000,    1.000,    0.000,
    0.920,    0.330,    0.350,    0.000,
    0.170,    0.460,    0.450,    0.000,
    0.090,    0.050,    0.050,    0.000,
    0.160,    0.190,    0.190,    0.000,
   -0.130,    0.220,    0.210,    0.000,
    0.120,    0.020,    0.020,    0.000,
    0.160,    0.370,    0.360,    0.000,
    0.170,    0.110,    0.110,    0.000,
    0.270,    0.330,    0.330,    0.000,
    0.110,    0.090,    0.090,    0.000,
    0.530,    0.010,    0.030,    0.000,
    0.040,    0.300,    0.300,    0.000,
    0.280,    0.050,    0.050,    0.000,
    0.190,    0.100,    0.100,    0.000,
    0.310,    0.090,    0.100,    0.000,
    0.120,    0.200,    0.200,    0.000,
    0.350,    0.130,    0.140,    0.000,
    0.290,    0.290,    0.290,    0.000,
    0.360,    0.230,    0.240,    0.000,
    0.440,    0.120,    0.130,    0.000,
    0.170,    0.200,    0.200,    0.000,
    0.240,    0.060,    0.070,    0.000,
    0.240,    0.150,    0.150,    0.000,
   -0.180,    0.220,    0.200,    0.000,
   -0.680,    0.450,    0.420,    0.000,
   -0.670,    0.310,    0.280,    0.000,
   -0.670,    0.350,    0.320,    0.000,
   -0.220,   -0.380,   -0.380,    0.000,
    0.030,   -0.030,   -0.030,    0.000,
   -0.020,    0.080,    0.070,    0.000,
    0.240,   -0.120,   -0.110,    0.000,
    0.190,    0.060,    0.060,    0.000,
    0.030,    0.190,    0.180,    0.000,
    0.420,    0.030,    0.040,    0.000,
    0.380,    0.200,    0.210,    0.000,
    0.240,    0.320,    0.320,    0.000,
    0.470,    0.030,    0.050,    0.000,
    0.470,    0.030,    0.050,    0.000,
    0.700,   -0.270,   -0.240,    0.000,
    0.520,    0.080,    0.090,    0.000,
    0.370,   -0.030,   -0.020,    0.000,
    0.110,    0.300,    0.300,    0.000,
    0.100,    0.320,    0.310,    0.000,
    0.210,    0.210,    0.210,    0.000,
    0.340,   -0.060,   -0.050,    0.000,
    0.150,    0.010,    0.020,    0.000,
    0.160,    0.020,    0.020,    0.000,
    0.140,   -0.070,   -0.060,    0.000,
    0.150,    0.010,    0.020,    0.000,
    0.160,    0.000,    0.000,    0.000,
    0.420,    0.150,    0.160,    0.000,
    0.210,    0.260,    0.260,    0.000,
    0.320,    0.240,    0.240,    0.000,
   -0.350,    0.500,    0.470,    0.000,
    0.140,   -0.090,   -0.080,    0.000,
    0.000,    0.060,    0.060,    0.000,
   -0.080,    0.140,    0.130,    0.000,
   -0.040,    0.220,    0.210,    0.000,
    0.000,    0.170,    0.170,    0.000,
    0.230,    0.230,    0.230,    0.000,
    0.250,    0.090,    0.090,    0.000,
    0.320,   -0.020,   -0.010,    0.000,
    0.250,    0.320,    0.310,    0.000,
    0.140,    0.060,    0.070,    0.000,
    0.040,    0.200,    0.190,    0.000,
   -0.040,    0.280,    0.270,    0.000,
    0.350,    0.090,    0.100,    0.000,
   -0.030,    0.480,    0.460,    0.000,
   -0.540,    0.330,    0.310,    0.000,
   -0.760,    0.080,    0.050,    0.000,
   -0.110,   -0.270,   -0.260,    0.000,
    0.070,   -0.170,   -0.160,    0.000,
    0.260,    0.050,    0.060,    0.000,
    0.170,    0.270,    0.270,    0.000,
    0.540,    0.050,    0.070,    0.000,
    0.830,    0.070,    0.090,    0.000,
    0.720,    0.020,    0.040,    0.000,
    0.900,    0.190,    0.210,    0.000,
    0.370,    0.350,    0.350,    0.000,
    0.310,    0.130,    0.140,    0.000,
   -0.010,    0.290,    0.280,    0.000,
    0.300,    0.140,    0.150,    0.000,
    0.140,    0.280,    0.280,    0.000,
   -0.040,    0.350,    0.340,    0.000,
    0.220,    0.050,    0.060,    0.000,
   -0.070,    0.180,    0.170,    0.000,
    0.170,   -0.190,   -0.180,    0.000,
   -0.040,    0.130,    0.120,    0.000,
    0.020,    0.180,    0.180,    0.000,
   -0.220,    0.320,    0.300,    0.000,
   -0.500,   -0.670,   -0.660,    0.000,
   -1.000,   -1.170,   -1.170,    0.000,
   -1.270,   -1.380,   -1.380,    0.000,
   -1.050,   -1.690,   -1.670,    0.000,
   -1.000,   -1.410,   -1.400,    0.000,
   -1.130,   -1.510,   -1.500,    0.000,
   -1.260,   -1.890,   -1.870,    0.000,
   -1.570,   -2.130,   -2.110,    0.000,
   -2.180,   -2.110,   -2.110,    0.000,
   -2.140,   -1.670,   -1.680,    0.000,
   -1.470,   -0.570,   -0.590,    0.000,
   -0.690,   -0.420,   -0.420,    0.000,
   -0.020,   -0.300,   -0.290,    0.000,
   -0.310,    0.070,    0.060,    0.000,
   -0.220,    0.070,    0.060,    0.000,
    0.010,   -0.010,   -0.010,    0.000,
   -0.250,    0.140,    0.120,    0.000,
   -0.050,    0.200,    0.190,    0.000,
    0.110,    0.280,    0.270,    0.000,
    0.340,    0.060,    0.070,    0.000,
    0.330,    0.090,    0.100,    0.000,
    0.130,    0.140,    0.140,    0.000,
   -0.020,    0.140,    0.130,    0.000,
   -0.050,    0.040,    0.040,    0.000,
    0.240,   -0.050,   -0.040,    0.000,
    0.300,    0.050,    0.060,    0.000,
    0.180,    0.180,    0.180,    0.000,
    0.230,    0.120,    0.120,    0.000,
    0.160,    0.120,    0.120,    0.000,
    0.090,    0.120,    0.120,    0.000,
    0.150,    0.010,    0.020,    0.000,
    0.130,    0.110,    0.110,    0.000,
    0.290,   -0.020,   -0.010,    0.000,
    0.200,    0.170,    0.170,    0.000,
    0.230,    0.250,    0.250,    0.000,
    0.120,    0.170,    0.170,    0.000,
    0.280,    0.110,    0.120,    0.000,
    0.150,    0.030,    0.030,    0.000,
    0.040,    0.050,    0.050,    0.000,
    0.140,    0.000,    0.000,    0.000,
    0.130,    0.040,    0.040,    0.000,
    0.330,    0.270,    0.270,    0.000,
    0.240,    0.340,    0.340,    0.000,
    0.180,    0.260,    0.260,    0.000,
    0.110,    0.210,    0.210,    0.000,
    0.080,    0.110,    0.110,    0.000,
    0.240,    0.160,    0.170,    0.000,
    0.260,    0.210,    0.210,    0.000,
    0.260,    0.120,    0.130,    0.000,
    0.140,    0.160,    0.160,    0.000,
    0.160,    0.160,    0.160,    0.000,
    0.320,    0.130,    0.130,    0.000,
    0.130,    0.300,    0.300,    0.000,
    0.220,    0.240,    0.240,    0.000,
    0.010,    0.050,    0.050,    0.000,
    0.290,    0.100,    0.100,    0.000,
    0.240,    0.230,    0.230,    0.000,
   -0.190,   -0.150,   -0.150,    0.000,
   -0.210,   -0.240,   -0.240,    0.000,
   -0.240,   -0.280,   -0.280,    0.000,
   -0.300,   -0.350,   -0.350,    0.000,
   -0.300,   -0.370,   -0.370,    0.000,
   -0.240,   -0.300,   -0.300,    0.000,
   -0.270,   -0.310,   -0.310,    0.000,
   -0.520,   -0.520,   -0.520,    0.000,
   -0.920,   -0.910,   -0.910,    0.000,
   -1.140,   -1.170,   -1.160,    0.000,
   -1.240,   -1.310,   -1.310,    0.000,
   -1.650,   -1.670,   -1.670,    0.000,
   -1.630,   -1.750,   -1.740,    0.000,
   -1.910,   -2.030,   -2.030,    0.000,
   -1.970,   -2.030,   -2.020,    0.000,
   -1.960,   -2.100,   -2.090,    0.000,
   -2.050,   -2.070,   -2.070,    0.000,
   -2.010,   -2.290,   -2.280,    0.000,
   -2.310,   -2.430,   -2.430,    0.000,
   -2.180,   -2.400,   -2.400,    0.000,
   -2.340,   -2.470,   -2.470,    0.000,
   -2.410,   -2.520,   -2.520,    0.000,
   -2.240,   -2.490,   -2.480,    0.000,
   -2.420,   -2.640,   -2.630,    0.000,
   -2.410,   -2.550,   -2.550,    0.000,
   -2.350,   -2.490,   -2.490,    0.000,
   -2.430,   -2.630,   -2.620,    0.000,
   -2.450,   -2.650,   -2.640,    0.000,
   -2.440,   -2.540,   -2.530,    0.000,
   -2.190,   -2.330,   -2.320,    0.000,
   -2.260,   -2.570,   -2.560,    0.000,
   -2.350,   -2.450,   -2.440,    0.000,
   -2.280,   -2.530,   -2.520,    0.000,
   -2.660,   -2.770,   -2.770,    0.000,
   -2.820,   -3.180,   -3.170,    0.000,
   -3.760,   -3.490,   -3.500,    0.000,
   -3.930,   -4.050,   -4.050,    0.000,
   -3.980,   -4.330,   -4.320,    0.000,
   -4.260,   -4.540,   -4.530,    0.000,
   -4.360,   -4.640,   -4.630,    0.000,
   -4.340,   -4.740,   -4.730,    0.000,
   -4.360,   -4.690,   -4.680,    0.000,
   -4.360,   -4.790,   -4.780,    0.000,
   -4.360,   -4.660,   -4.650,    0.000,
   -4.360,   -5.080,   -5.060,    0.000,
   -4.360,   -5.520,   -5.480,    0.000,
   -4.360,   -5.780,   -5.740,    0.000,
   -4.360,   -6.160,   -6.100,    0.000,
   -4.360,   -6.460,   -6.390,    0.000,
   -4.360,   -6.760,   -6.690,    0.000,
   -4.360,   -7.500,   -7.400,    0.000,
   -4.360,   -8.240,   -8.120,    0.000,
   -4.360,   -8.710,   -8.580,    0.000,
   -4.360,   -9.350,   -9.200,    0.000,
   -4.360,  -10.240,  -10.060,    0.000,
   -4.360,  -10.970,  -10.770,    0.000,
   -4.360,  -11.590,  -11.380,    0.000,
   -4.360,  -12.290,  -12.050,    0.000,
   -4.360,  -13.130,  -12.870,    0.000,
   -4.360,  -13.810,  -13.530,    0.000,
   -4.360,  -14.190,  -13.900,    0.000,
   -4.360,  -14.420,  -14.120,    0.000,
   -4.360,  -14.790,  -14.480,    0.000,
   -4.360,  -14.880,  -14.560,    0.000,
   -4.360,  -14.960,  -14.640,    0.000,
   -4.360,  -14.920,  -14.600,    0.000,
   -4.360,  -15.070,  -14.750,    0.000,
   -4.360,  -15.070,  -14.750,    0.000,
   -4.360,  -14.900,  -14.590,    0.000,
   -4.360,  -15.190,  -14.870,    0.000,
   -4.360,  -15.120,  -14.800,    0.000,
   -4.360,  -14.870,  -14.560,    0.000,
   -4.360,  -15.050,  -14.730,    0.000,
   -4.360,  -15.170,  -14.850,    0.000,
   -4.360,  -14.960,  -14.640,    0.000,
   -4.360,  -14.730,  -14.420,    0.000,
   -4.360,  -15.010,  -14.690,    0.000,
   -4.360,  -14.970,  -14.650,    0.000,
   -4.360,  -14.870,  -14.560,    0.000,
   -4.360,  -14.850,  -14.540,    0.000,
   -4.360,  -15.060,  -14.740,    0.000,
   -4.360,  -14.830,  -14.520,    0.000,
   -4.360,  -14.740,  -14.430,    0.000,
   -4.360,  -14.940,  -14.630,    0.000,
   -4.360,  -14.950,  -14.640,    0.000,
   -4.360,  -14.890,  -14.570,    0.000,
   -4.360,  -14.690,  -14.380,    0.000,
   -4.360,  -14.820,  -14.510,    0.000,
   -4.360,  -14.600,  -14.300,    0.000,
   -4.360,  -14.260,  -13.960,    0.000,
   -4.360,  -13.820,  -13.540,    0.000,
   -4.360,  -11.960,  -11.730,    0.000,
   -4.360,   -8.430,   -8.310,    0.000,
   -4.360,   -5.590,   -5.550,    0.000,
   -2.250,   -2.880,   -2.860,    0.000,
   -0.650,   -0.960,   -0.950,    0.000,
    0.000,   -0.140,   -0.140,    0.000,
    0.070,    0.020,    0.020,    0.000,
    0.040,    0.020,    0.020,    0.000,
    0.010,    0.000,    0.000,    0.000,
    0.020,    0.000,    0.000,    0.000,
    0.020,    0.000,    0.000,    0.000,
    0.020,    0.000,    0.000,    0.000,
    0.030,    0.000,    0.000,    0.000,
    0.010,    0.000,    0.000,    0.000,
    0.020,    0.000,    0.000,    0.000,
    0.020,    0.000,    0.000,    0.000,
    0.020,    0.000,    0.000,    0.000,
    0.220,    0.160,    0.160,    0.000,
    1.030,    0.940,    0.940,    0.000,
    2.220,    2.040,    2.040,    0.000,
    2.710,    2.780,    2.780,    0.000,
    2.900,    3.090,    3.090,    0.000,
    3.050,    3.240,    3.230,    0.000,
    2.910,    3.170,    3.160,    0.000,
    2.880,    3.070,    3.070,    0.000,
    2.850,    3.050,    3.050,    0.000,
    2.690,    2.860,    2.860,    0.000,
    2.370,    2.450,    2.450,    0.000,
    1.680,    1.660,    1.660,    0.000,
    1.400,    1.350,    1.350,    0.000,
    1.080,    1.150,    1.150,    0.000,
   -0.090,    0.050,    0.040,    0.000,
   -0.350,   -0.230,   -0.230,    0.000,
   -0.110,   -0.190,   -0.190,    0.000,
    0.110,    0.180,    0.170,    0.000,
    0.460,    0.430,    0.430,    0.000,
    0.910,    0.820,    0.820,    0.000,
    0.810,    0.820,    0.820,    0.000,
    0.040,    0.040,    0.040,    0.000,
    0.040,   -0.020,   -0.020,    0.000,
    0.280,    0.130,    0.130,    0.000,
    0.420,    0.000,    0.020,    0.000,
    0.700,    0.320,    0.330,    0.000,
    0.800,    0.230,    0.250,    0.000,
    0.410,    0.490,    0.490,    0.000,
    0.360,    0.330,    0.330,    0.000,
    0.220,    0.110,    0.120,    0.000,
    0.420,    0.210,    0.220,    0.000,
    0.170,    0.050,    0.050,    0.000,
    0.020,    0.130,    0.130,    0.000,
    0.200,    0.120,    0.120,    0.000,
    0.130,    0.090,    0.090,    0.000,
    0.010,    0.020,    0.020,    0.000,
   -0.110,   -0.110,   -0.110,    0.000,
   -0.050,   -0.110,   -0.110,    0.000,
    0.100,    0.040,    0.050,    0.000,
    0.280,    0.240,    0.240,    0.000,
    0.260,    0.320,    0.310,    0.000,
    0.180,    0.190,    0.190,    0.000,
    0.200,    0.170,    0.170,    0.000,
    0.340,    0.300,    0.310,    0.000,
    0.130,    0.180,    0.170,    0.000,
    0.180,    0.180,    0.180,    0.000,
    0.280,    0.280,    0.280,    0.000,
   -0.060,    0.000,    0.000,    0.000,
    0.230,    0.140,    0.140,    0.000,
    0.500,    0.490,    0.490,    0.000,
    0.300,    0.340,    0.340,    0.000,
    0.250,    0.240,    0.240,    0.000,
    0.120,    0.170,    0.170,    0.000,
    0.360,    0.310,    0.310,    0.000,
    0.550,    0.530,    0.530,    0.000,
    0.580,    0.570,    0.570,    0.000,
    0.590,    0.630,    0.630,    0.000,
    0.550,    0.580,    0.580,    0.000,
    0.630,    0.600,    0.600,    0.000,
    0.510,    0.560,    0.560,    0.000,
    0.260,    0.290,    0.290,    0.000,
   -0.060,    0.010,    0.010,    0.000,
   -0.070,   -0.100,   -0.100,    0.000,
    0.000,   -0.030,   -0.030,    0.000,
    0.020,    0.000,    0.000,    0.000,
    0.020,    0.000,    0.000,    0.000,
    0.020,    0.000,    0.000,    0.000,
    0.020,    0.000,    0.000,    0.000,
    0.020,    0.000,    0.000,    0.000,
    0.020,    0.000,    0.000,    0.000,
    0.020,    0.000,    0.000,    0.000,
    0.020,    0.000,    0.000,    0.000,
    0.020,    0.000,    0.000,    0.000,
    0.020,    0.000,    0.000,    0.000,
    0.020,    0.000,    0.000,    0.000,
    0.020,    0.000,    0.000,    0.000,
    0.020,    0.000,    0.000,    0.000,
    0.020,    0.000,    0.000,    0.000,
    0.020,    0.000,    0.000,    0.000,
    0.020,    0.000,    0.000,    0.000,
    0.020,    0.000,    0.000,    0.000,
    0.020,    0.000,    0.000,    0.000,
    0.020,    0.000,    0.000,    0.000,
    0.020,    0.000,    0.000,    0.000,
    0.020,    0.000,    0.000,    0.000,
    0.020,    0.000,    0.000,    0.000,
    0.020,    0.000,    0.000,    0.000,
    0.020,    0.000,    0.000,    0.000,
    0.020,    0.000,    0.000,    0.000,
    0.020,    0.000,    0.000,    0.000,
    0.020,    0.000,    0.000,    0.000,
    0.020,    0.000,    0.000,    0.000,
