    0.020,    0.000,    0.000,    0.000,
    0.020,    0.000,    0.000,    0.000,
    0.020,    0.000,    0.000,    0.000,
    0.020,    0.000,    0.010,    0.000,
    0.020,    0.000,    0.000,    0.000,
    0.020,    0.000,    0.000,    0.000,
    0.020,    0.000,    0.000,    0.000,
    0.020,    0.000,    0.000,    0.000,
    0.020,    0.000,    0.010,    0.000,
    0.020,    0.000,    0.000,    0.000,
    0.020,    0.000,    0.000,    0.000,
    0.020,    0.000,    0.000,    0.000,
    0.020,    0.000,    0.010,    0.000,
   -0.130,   -0.140,   -0.130,    0.000,
   -0.100,   -0.140,   -0.130,    0.000,
   -0.010,   -0.060,   -0.040,    0.000,
   -0.010,   -0.050,   -0.030,    0.000,
   -0.070,   -0.090,   -0.080,    0.000,
   -0.210,   -0.240,   -0.230,    0.000,
   -0.570,   -0.470,   -0.510,    0.000,
   -0.060,   -0.810,   -0.520,    0.000,
   -0.240,   -0.450,   -0.370,    0.000,
   -0.290,   -0.360,   -0.330,    0.000,
   -0.300,   -0.280,   -0.290,    0.000,
    0.110,   -0.350,   -0.170,    0.000,
    0.070,   -0.030,    0.000,    0.000,
   -0.130,    0.050,   -0.010,    0.000,
   -0.120,    0.040,   -0.010,    0.000,
    0.000,   -0.100,   -0.060,    0.000,
   -0.170,   -0.200,   -0.190,    0.000,
    0.590,    0.560,    0.570,    0.000,
    1.230,    1.570,    1.440,    0.000,
    1.750,    1.830,    1.800,    0.000,
    2.090,    2.100,    2.100,    0.000,
    2.610,    2.590,    2.600,    0.000,
    2.790,    3.170,    3.020,    0.000,
    3.310,    3.510,    3.430,    0.000,
    3.350,    3.630,    3.520,    0.000,
    2.650,    2.710,    2.690,    0.000,
    1.130,    1.260,    1.210,    0.000,
    0.480,    0.340,    0.390,    0.000,
   -0.170,   -0.080,   -0.110,    0.000,
   -0.220,   -0.310,   -0.280,    0.000,
   -0.180,   -0.250,   -0.220,    0.000,
   -0.080,   -0.220,   -0.160,    0.000,
   -0.180,   -0.170,   -0.170,    0.000,
   -0.560,   -0.580,   -0.570,    0.000,
   -1.340,   -1.530,   -1.460,    0.000,
   -2.320,   -2.580,   -2.480,    0.000,
   -2.750,   -3.290,   -3.080,    0.000,
   -2.720,   -2.640,   -2.670,    0.000,
   -2.030,   -1.160,   -1.490,    0.000,
   -1.410,   -0.910,   -1.100,    0.000,
   -0.810,   -0.760,   -0.780,    0.000,
   -0.590,   -0.550,   -0.560,    0.000,
   -0.480,   -0.370,   -0.410,    0.000,
   -0.450,   -0.470,   -0.460,    0.000,
   -0.400,   -0.550,   -0.490,    0.000,
   -0.370,   -0.580,   -0.500,    0.000,
   -0.280,   -0.290,   -0.290,    0.000,
   -0.180,   -0.120,   -0.140,    0.000,
   -0.140,   -0.140,   -0.140,    0.000,
   -0.060,   -0.090,   -0.070,    0.000,
   -0.320,   -0.200,   -0.240,    0.000,
   -0.410,   -0.480,   -0.450,    0.000,
   -0.680,   -0.480,   -0.550,    0.000,
    0.040,   -0.360,   -0.210,    0.000,
   -0.050,   -0.510,   -0.340,    0.000,
   -0.310,   -0.270,   -0.290,    0.000,
   -0.430,   -0.380,   -0.400,    0.000,
   -0.190,   -0.600,   -0.440,    0.000,
   -0.130,   -0.470,   -0.340,    0.000,
   -0.300,   -0.470,   -0.400,    0.000,
    0.100,    0.000,    0.040,    0.000,
    0.300,    0.210,    0.240,    0.000,
    0.250,    0.320,    0.290,    0.000,
    0.370,    0.420,    0.400,    0.000,
    0.450,    0.490,    0.480,    0.000,
    0.470,    0.390,    0.420,    0.000,
    0.520,    0.490,    0.500,    0.000,
    0.590,    0.450,    0.500,    0.000,
    0.540,    0.390,    0.440,    0.000,
    0.390,    0.510,    0.470,    0.000,
    0.550,    0.520,    0.530,    0.000,
    0.450,    0.320,    0.370,    0.000,
    0.420,    0.540,    0.490,    0.000,
    0.810,    1.120,    1.000,    0.000,
    1.510,    1.660,    1.600,    0.000,
    2.010,    2.370,    2.230,    0.000,
    2.110,    2.570,    2.390,    0.000,
    2.500,    2.370,    2.420,    0.000,
    2.700,    2.720,    2.710,    0.000,
    2.630,    2.650,    2.640,    0.000,
    2.750,    2.990,    2.900,    0.000,
    2.750,    2.850,    2.810,    0.000,
    2.890,    3.250,    3.120,    0.000,
    3.810,    3.310,    3.500,    0.000,
    4.250,    4.170,    4.200,    0.000,
    5.150,    5.470,    5.350,    0.000,
    5.840,    5.440,    5.590,    0.000,
    6.090,    5.820,    5.920,    0.000,
    5.950,    6.580,    6.340,    0.000,
    6.090,    6.330,    6.240,    0.000,
    5.980,    5.950,    5.960,    0.000,
    5.990,    6.040,    6.020,    0.000,
    5.750,    6.010,    5.910,    0.000,
    5.690,    6.100,    5.940,    0.000,
    6.080,    6.550,    6.370,    0.000,
    6.710,    7.010,    6.900,    0.000,
    7.100,    7.470,    7.320,    0.000,
    7.440,    7.800,    7.660,    0.000,
    7.670,    7.990,    7.860,    0.000,
    7.750,    8.050,    7.940,    0.000,
    7.910,    8.330,    8.170,    0.000,
    8.400,    8.850,    8.680,    0.000,
    9.260,    9.660,    9.510,    0.000,
    9.570,   10.240,    9.980,    0.000,
    9.890,   10.490,   10.260,    0.000,
   10.040,   10.540,   10.350,    0.000,
    9.970,   10.520,   10.310,    0.000,
   10.010,   10.700,   10.440,    0.000,
   10.290,   10.860,   10.640,    0.000,
   10.580,   11.100,   10.900,    0.000,
   11.110,   11.600,   11.420,    0.000,
   11.590,   12.320,   12.040,    0.000,
   12.100,   12.970,   12.640,    0.000,
   12.930,   13.460,   13.260,    0.000,
   13.470,   13.920,   13.750,    0.000,
   13.550,   14.300,   14.010,    0.000,
   13.850,   14.610,   14.320,    0.000,
   13.990,   14.720,   14.440,    0.000,
   14.020,   14.700,   14.440,    0.000,
   14.060,   14.770,   14.500,    0.000,
   14.080,   14.900,   14.590,    0.000,
   14.280,   14.880,   14.650,    0.000,
   14.040,   14.820,   14.520,    0.000,
   14.150,   14.940,   14.640,    0.000,
   14.170,   14.860,   14.590,    0.000,
   14.300,   14.790,   14.600,    0.000,
   14.040,   14.920,   14.580,    0.000,
   14.240,   14.960,   14.690,    0.000,
   14.060,   14.940,   14.610,    0.000,
   14.170,   14.810,   14.570,    0.000,
   14.030,   14.920,   14.580,    0.000,
   14.300,   14.900,   14.670,    0.000,
   14.170,   14.840,   14.580,    0.000,
   14.250,   14.880,   14.640,    0.000,
   14.030,   15.010,   14.640,    0.000,
   14.400,   14.970,   14.760,    0.000,
   14.050,   14.740,   14.480,    0.000,
   13.460,   14.160,   13.890,    0.000,
   12.730,   13.330,   13.100,    0.000,
   11.950,   12.480,   12.280,    0.000,
   11.210,   11.730,   11.530,    0.000,
   10.670,   11.160,   10.980,    0.000,
    9.960,   10.670,   10.400,    0.000,
    9.410,    9.880,    9.700,    0.000,
    8.670,    9.110,    8.940,    0.000,
    7.790,    8.250,    8.080,    0.000,
    7.260,    7.540,    7.430,    0.000,
    6.800,    7.210,    7.050,    0.000,
    6.390,    6.890,    6.700,    0.000,
    5.970,    6.440,    6.260,    0.000,
    5.540,    5.900,    5.760,    0.000,
    3.950,    4.470,    4.270,    0.000,
    1.400,    1.830,    1.670,    0.000,
    0.340,    0.490,    0.430,    0.000,
    0.060,    0.080,    0.070,    0.000,
    0.010,    0.000,    0.000,    0.000,
    0.020,    0.000,    0.000,    0.000,
    0.020,    0.000,    0.010,    0.000,
    0.020,    0.000,    0.000,    0.000,
   -0.130,   -0.130,   -0.130,    0.000,
   -1.250,   -1.080,   -1.140,    0.000,
   -2.420,   -2.450,   -2.440,    0.000,
   -3.140,   -3.180,   -3.160,    0.000,
   -4.590,   -4.720,   -4.670,    0.000,
   -5.820,   -5.990,   -5.930,    0.000,
   -6.300,   -6.610,   -6.490,    0.000,
   -6.570,   -7.000,   -6.840,    0.000,
   -7.370,   -7.760,   -7.610,    0.000,
   -8.500,   -8.790,   -8.680,    0.000,
  -10.030,  -10.670,  -10.430,    0.000,
  -11.850,  -12.570,  -12.300,    0.000,
  -12.850,  -13.620,  -13.320,    0.000,
  -13.230,  -14.040,  -13.730,    0.000,
  -13.540,  -14.320,  -14.020,    0.000,
  -13.750,  -14.610,  -14.280,    0.000,
  -13.970,  -14.710,  -14.430,    0.000,
  -13.950,  -14.620,  -14.360,    0.000,
  -14.130,  -14.750,  -14.510,    0.000,
  -14.110,  -14.950,  -14.630,    0.000,
  -14.190,  -14.930,  -14.650,    0.000,
  -14.130,  -14.700,  -14.480,    0.000,
  -14.050,  -14.900,  -14.570,    0.000,
  -14.200,  -14.860,  -14.610,    0.000,
  -14.230,  -14.730,  -14.530,    0.000,
  -14.060,  -14.870,  -14.560,    0.000,
  -14.090,  -15.030,  -14.670,    0.000,
  -14.200,  -14.900,  -14.630,    0.000,
  -14.130,  -14.740,  -14.510,    0.000,
  -14.110,  -14.980,  -14.640,    0.000,
  -14.060,  -15.000,  -14.640,    0.000,
  -14.140,  -14.810,  -14.560,    0.000,
  -14.130,  -14.870,  -14.590,    0.000,
  -14.150,  -15.000,  -14.670,    0.000,
  -14.350,  -14.960,  -14.720,    0.000,
  -14.190,  -14.770,  -14.550,    0.000,
  -14.260,  -15.010,  -14.720,    0.000,
  -14.260,  -15.000,  -14.720,    0.000,
  -14.190,  -14.860,  -14.610,    0.000,
  -14.160,  -14.840,  -14.580,    0.000,
  -14.160,  -15.000,  -14.680,    0.000,
  -14.090,  -15.000,  -14.650,    0.000,
  -14.120,  -14.770,  -14.520,    0.000,
  -13.880,  -14.810,  -14.450,    0.000,
  -13.070,  -13.450,  -13.300,    0.000,
   -8.650,   -8.640,   -8.640,    0.000,
   -3.400,   -4.150,   -3.860,    0.000,
   -1.150,   -1.450,   -1.340,    0.000,
   -0.150,   -0.390,   -0.300,    0.000,
    0.070,    0.030,    0.050,    0.000,
    0.040,    0.010,    0.020,    0.000,
    0.870,    0.700,    0.760,    0.000,
    3.000,    3.040,    3.020,    0.000,
    5.440,    5.560,    5.510,    0.000,
    7.290,    7.630,    7.500,    0.000,
    9.160,    9.690,    9.490,    0.000,
   10.930,   11.570,   11.320,    0.000,
   12.020,   12.690,   12.430,    0.000,
   12.900,   13.440,   13.230,    0.000,
   13.330,   14.210,   13.880,    0.000,
   13.590,   14.410,   14.100,    0.000,
   13.800,   14.370,   14.150,    0.000,
   13.970,   14.580,   14.350,    0.000,
   13.820,   14.880,   14.470,    0.000,
   14.180,   14.850,   14.600,    0.000,
   14.060,   14.690,   14.450,    0.000,
   14.180,   14.870,   14.600,    0.000,
   14.040,   14.950,   14.600,    0.000,
   14.380,   14.830,   14.660,    0.000,
   14.080,   14.820,   14.540,    0.000,
   14.270,   15.120,   14.790,    0.000,
   14.210,   15.000,   14.700,    0.000,
   14.220,   14.750,   14.550,    0.000,
   14.270,   14.990,   14.720,    0.000,
   14.240,   15.020,   14.720,    0.000,
   14.470,   14.830,   14.700,    0.000,
   14.100,   14.810,   14.540,    0.000,
   14.300,   15.060,   14.770,    0.000,
   14.250,   15.030,   14.730,    0.000,
    8.630,   -2.120,    1.970,    0.000,
    1.090,    1.300,    1.220,    0.000,
    0.320,    0.550,    0.460,    0.000,
    0.080,    0.110,    0.100,    0.000,
    0.090,    0.070,    0.080,    0.000,
    0.020,    0.000,    0.000,    0.000,
    0.020,    0.000,    0.010,    0.000,
    0.020,    0.000,    0.000,    0.000,
    0.020,    0.000,    0.000,    0.000,
    0.020,    0.000,    0.010,    0.000,
    0.020,    0.000,    0.000,    0.000,
    0.020,    0.000,    0.000,    0.000,
    0.020,    0.000,    0.010,    0.000,
    0.020,    0.000,    0.010,    0.000,
    0.020,    0.000,    0.010,    0.000,
    0.020,    0.000,    0.000,    0.000,
    0.020,    0.000,    0.000,    0.000,
    0.020,    0.000,    0.010,    0.000,
    0.020,    0.000,    0.000,    0.000,
    0.020,    0.000,    0.010,    0.000,
    0.020,    0.000,    0.000,    0.000,
    0.020,    0.000,    0.000,    0.000,
    0.020,    0.000,    0.000,    0.000,
    0.020,    0.000,    0.000,    0.000,
    0.020,    0.000,    0.010,    0.000,
    0.020,    0.000,    0.000,    0.000,
    0.020,    0.000,    0.000,    0.000,
    0.020,    0.000,    0.010,    0.000,
    0.020,    0.000,    0.000,    0.000,
    0.020,    0.000,    0.000,    0.000,
    0.020,    0.000,    0.010,    0.000,
    0.020,    0.000,    0.000,    0.000,
    0.020,    0.000,    0.000,    0.000,
    0.020,    0.000,    0.000,    0.000,
    0.020,    0.000,    0.000,    0.000,
    0.020,    0.000,    0.000,    0.000,
    0.020,    0.000,    0.000,    0.000,
    0.020,    0.000,    0.000,    0.000,
    0.020,    0.000,    0.010,    0.000,
    0.020,    0.000,    0.000,    0.000,
    0.020,    0.000,    0.010,    0.000,
    0.020,    0.000,    0.000,    0.000,
    0.020,    0.000,    0.000,    0.000,
    0.020,    0.000,    0.000,    0.000,
    0.020,    0.000,    0.000,    0.000,
    0.020,    0.000,    0.000,    0.000,
    0.020,    0.000,    0.000,    0.000,
    0.020,    0.000,    0.000,    0.000,
    0.020,    0.000,    0.000,    0.000,
    0.020,    0.000,    0.010,    0.000,
    0.020,    0.000,    0.000,    0.000,
    0.020,    0.000,    0.000,    0.000,
    0.020,    0.000,    0.000,    0.000,
    0.020,    0.000,    0.010,    0.000,
    0.020,    0.000,    0.000,    0.000,
    0.020,    0.000,    0.000,    0.000,
    0.020,    0.000,    0.000,    0.000,
    0.020,    0.000,    0.010,    0.000,
    0.020,    0.000,    0.000,    0.000,
    0.020,    0.000,    0.000,    0.000,
    0.020,    0.000,    0.000,    0.000,
    0.020,    0.000,    0.000,    0.000,
    0.020,    0.000,    0.000,    0.000,
    0.020,    0.000,    0.000,    0.000,
    0.020,    0.000,    0.000,    0.000,
    0.020,    0.000,    0.000,    0.000,
    0.020,    0.000,    0.000,    0.000,
    0.020,    0.000,    0.000,    0.000,
    0.020,    0.000,    0.000,    0.000,
    0.020,    0.000,    0.000,    0.000,
    0.020,    0.000,    0.000,    0.000,
    0.020,    0.000,    0.000,    0.000,
    0.020,    0.000,    0.000,    0.000,
    0.020,    0.000,    0.000,    0.000,
    0.020,    0.000,    0.000,    0.000,
    0.020,    0.000,    0.000,    0.000,
    0.020,    0.000,    0.000,    0.000,
    0.020,    0.000,    0.000,    0.000,
    0.020,    0.000,    0.000,    0.000,
    0.020,    0.000,    0.010,    0.000,
    0.020,    0.000,    0.000,    0.000,
    0.020,    0.000,    0.010,    0.000,
    0.020,    0.000,    0.010,    0.000,
    0.020,    0.000,    0.000,    0.000,
    0.020,    0.000,    0.000,    0.000,
    0.020,    0.000,    0.000,    0.000,
    0.020,    0.000,    0.000,    0.000,
    0.020,    0.000,    0.000,    0.000,
    0.020,    0.000,    0.000,    0.000,
    0.020,    0.000,    0.000,    0.000,
    0.020,    0.000,    0.000,    0.000,
    0.020,    0.000,    0.010,    0.000,
    0.000,   -0.030,   -0.020,    0.000,
   -0.060,   -0.090,   -0.080,    0.000,
   -0.230,   -0.240,   -0.240,    0.000,
   -0.660,   -0.470,   -0.540,    0.000,
   -0.460,   -0.520,   -0.500,    0.000,
   -0.520,   -0.550,   -0.540,    0.000,
   -0.400,   -0.630,   -0.540,    0.000,
   -0.640,   -0.640,   -0.640,    0.000,
   -0.230,   -0.540,   -0.420,    0.000,
   -0.410,   -0.460,   -0.440,    0.000,
   -0.180,   -0.370,   -0.290,    0.000,
   -0.150,   -0.310,   -0.250,    0.000,
   -0.160,   -0.140,   -0.150,    0.000,
   -0.150,   -0.330,   -0.260,    0.000,
   -0.450,   -0.320,   -0.370,    0.000,
   -0.560,   -0.510,   -0.530,    0.000,
   -0.350,   -0.570,   -0.480,    0.000,
   -0.220,   -0.390,   -0.330,    0.000,
   -0.280,   -0.440,   -0.380,    0.000,
   -0.060,   -0.510,   -0.340,    0.000,
   -0.100,   -0.550,   -0.380,    0.000,
   -0.310,   -0.230,   -0.260,    0.000,
   -0.300,   -0.450,   -0.390,    0.000,
   -0.430,   -0.460,   -0.450,    0.000,
   -0.610,   -0.430,   -0.490,    0.000,
   -0.490,   -0.450,   -0.470,    0.000,
   -0.400,   -0.520,   -0.470,    0.000,
   -0.360,   -0.560,   -0.480,    0.000,
   -0.360,   -0.480,   -0.430,    0.000,
   -0.460,   -0.430,   -0.440,    0.000,
   -0.390,   -0.460,   -0.440,    0.000,
   -0.130,   -0.480,   -0.350,    0.000,
   -0.210,   -0.460,   -0.370,    0.000,
   -0.390,   -0.400,   -0.400,    0.000,
   -0.340,   -0.290,   -0.310,    0.000,
   -0.350,   -0.250,   -0.290,    0.000,
   -0.330,   -0.380,   -0.360,    0.000,
   -0.260,   -0.280,   -0.270,    0.000,
   -0.290,   -0.270,   -0.280,    0.000,
   -0.410,   -0.400,   -0.400,    0.000,
   -0.270,   -0.100,   -0.160,    0.000,
   -0.030,    0.010,    0.000,    0.000,
   -0.050,    0.030,    0.000,    0.000,
   -0.030,   -0.150,   -0.100,    0.000,
    0.350,   -0.230,    0.000,    0.000,
    0.040,   -0.220,   -0.120,    0.000,
   -0.030,   -0.530,   -0.340,    0.000,
   -0.060,   -0.270,   -0.190,    0.000,
    0.130,   -0.220,   -0.080,    0.000,
    0.130,   -0.030,    0.020,    0.000,
    0.190,    0.060,    0.110,    0.000,
   -0.070,   -0.020,   -0.040,    0.000,
    0.040,   -0.060,   -0.020,    0.000,
    0.130,    0.060,    0.090,    0.000,
    0.070,    0.090,    0.080,    0.000,
    0.030,    0.010,    0.020,    0.000,
    0.020,    0.000,    0.010,    0.000,
    0.150,    0.130,    0.140,    0.000,
    0.300,    0.120,    0.190,    0.000,
    1.330,    0.030,    0.530,    0.000,
    2.800,   -0.620,    0.670,    0.000,
    3.050,    0.030,    1.180,    0.000,
    2.700,    0.400,    1.280,    0.000,
    1.710,    1.000,    1.270,    0.000,
    0.770,    0.850,    0.820,    0.000,
    0.610,    0.580,    0.590,    0.000,
    0.580,    0.540,    0.560,    0.000,
    0.560,    0.620,    0.590,    0.000,
    0.160,    0.700,    0.490,    0.000,
    0.380,    0.390,    0.390,    0.000,
    1.060,   -0.110,    0.330,    0.000,
    1.600,   -0.180,    0.490,    0.000,
    1.870,    0.050,    0.750,    0.000,
    2.040,    0.060,    0.810,    0.000,
    1.630,    0.550,    0.960,    0.000,
    0.900,    1.140,    1.050,    0.000,
    0.030,    1.190,    0.750,    0.000,
   -0.650,    1.370,    0.590,    0.000,
    0.670,    0.000,    0.250,    0.000,
    1.090,   -0.280,    0.230,    0.000,
    0.890,    0.730,    0.790,    0.000,
    0.690,    0.520,    0.590,    0.000,
    0.740,    0.620,    0.660,    0.000,
    0.760,    0.530,    0.610,    0.000,
    0.230,   -0.120,    0.000,    0.000,
   -0.200,   -1.360,   -0.910,    0.000,
   -0.630,   -1.420,   -1.120,    0.000,
   -0.920,   -1.690,   -1.400,    0.000,
   -1.280,   -1.570,   -1.450,    0.000,
   -1.450,   -1.750,   -1.640,    0.000,
   -1.240,   -1.320,   -1.290,    0.000,
   -1.220,   -1.120,   -1.160,    0.000,
   -1.000,   -0.990,   -0.990,    0.000,
   -0.850,   -0.900,   -0.880,    0.000,
   -0.750,    0.000,   -0.280,    0.000,
   -0.740,    0.320,   -0.080,    0.000,
   -0.500,    0.200,   -0.060,    0.000,
    0.140,    0.150,    0.150,    0.000,
   -0.050,    0.300,    0.160,    0.000,
    0.210,    0.160,    0.180,    0.000,
   -0.070,    0.260,    0.130,    0.000,
    0.200,   -0.010,    0.070,    0.000,
    0.100,   -0.050,    0.000,    0.000,
    0.170,   -0.120,   -0.010,    0.000,
    0.440,   -0.370,   -0.060,    0.000,
    0.410,   -0.270,   -0.010,    0.000,
    0.280,    0.040,    0.130,    0.000,
    0.000,   -0.120,   -0.070,    0.000,
    0.950,   -0.710,   -0.070,    0.000,
    1.050,   -0.280,    0.220,    0.000,
    0.780,    0.240,    0.450,    0.000,
    0.320,    0.260,    0.290,    0.000,
    0.010,    0.030,    0.020,    0.000,
    0.030,    0.020,    0.020,    0.000,
   -0.020,    0.030,    0.010,    0.000,
    0.010,    0.000,    0.000,    0.000,
    0.000,   -0.020,   -0.010,    0.000,
   -0.080,   -0.080,   -0.080,    0.000,
   -0.140,   -0.160,   -0.150,    0.000,
   -0.090,   -0.150,   -0.130,    0.000,
    0.000,   -0.020,   -0.010,    0.000,
    0.090,    0.070,    0.070,    0.000,
    0.000,    0.000,    0.000,    0.000,
   -0.160,   -0.170,   -0.160,    0.000,
   -0.270,   -0.280,   -0.280,    0.000,
   -0.170,   -0.240,   -0.210,    0.000,
   -0.020,   -0.090,   -0.060,    0.000,
   -0.220,   -0.200,   -0.210,    0.000,
   -0.400,   -0.470,   -0.450,    0.000,
   -0.190,   -0.250,   -0.220,    0.000,
   -0.330,   -0.290,   -0.300,    0.000,
   -0.280,   -0.360,   -0.330,    0.000,
   -0.180,   -0.350,   -0.290,    0.000,
   -0.230,   -0.610,   -0.470,    0.000,
    0.160,   -0.420,   -0.190,    0.000,
    0.180,   -0.660,   -0.330,    0.000,
    0.520,   -0.770,   -0.280,    0.000,
    0.560,   -0.330,    0.000,    0.000,
    0.020,   -0.130,   -0.070,    0.000,
   -0.180,   -0.170,   -0.180,    0.000,
   -0.390,   -0.380,   -0.390,    0.000,
   -0.280,   -0.460,   -0.390,    0.000,
   -0.370,   -0.290,   -0.320,    0.000,
   -0.360,   -0.360,   -0.360,    0.000,
   -0.320,   -0.540,   -0.460,    0.000,
   -0.540,   -0.380,   -0.440,    0.000,
   -0.360,   -0.390,   -0.380,    0.000,
   -0.110,   -0.590,   -0.400,    0.000,
   -0.390,   -0.470,   -0.440,    0.000,
   -0.430,   -0.300,   -0.350,    0.000,
   -0.460,   -0.440,   -0.450,    0.000,
   -0.430,   -0.510,   -0.480,    0.000,
   -0.250,   -0.410,   -0.350,    0.000,
   -0.200,   -0.500,   -0.380,    0.000,
   -0.380,   -0.330,   -0.340,    0.000,
   -0.500,   -0.280,   -0.370,    0.000,
   -0.520,   -0.950,   -0.780,    0.000,
   -0.910,   -1.000,   -0.970,    0.000,
   -1.050,   -1.000,   -1.020,    0.000,
   -1.080,   -1.300,   -1.220,    0.000,
   -1.250,   -1.110,   -1.160,    0.000,
   -1.090,   -1.290,   -1.210,    0.000,
   -1.420,   -1.190,   -1.280,    0.000,
   -1.190,   -1.200,   -1.190,    0.000,
   -1.350,   -1.290,   -1.310,    0.000,
   -1.290,   -1.450,   -1.390,    0.000,
   -1.130,   -1.450,   -1.330,    0.000,
   -1.190,   -1.170,   -1.180,    0.000,
   -1.070,   -1.030,   -1.040,    0.000,
   -0.770,   -0.740,   -0.750,    0.000,
   -0.780,   -0.480,   -0.590,    0.000,
   -0.610,   -0.600,   -0.610,    0.000,
   -0.610,   -0.350,   -0.450,    0.000,
   -0.590,   -0.340,   -0.440,    0.000,
   -0.540,   -0.540,   -0.540,    0.000,
   -0.480,   -0.350,   -0.400,    0.000,
   -0.540,   -0.230,   -0.350,    0.000,
   -0.270,   -0.180,   -0.210,    0.000,
   -0.460,   -0.250,   -0.330,    0.000,
   -0.960,    0.170,   -0.260,    0.000,
   -0.730,   -0.570,   -0.630,    0.000,
   -1.070,   -0.940,   -0.990,    0.000,
   -1.340,   -1.400,   -1.380,    0.000,
   -1.690,   -1.740,   -1.720,    0.000,
   -1.860,   -1.950,   -1.920,    0.000,
   -2.110,   -2.390,   -2.290,    0.000,
   -2.480,   -2.720,   -2.630,    0.000,
   -2.960,   -3.100,   -3.050,    0.000,
   -2.970,   -3.220,   -3.120,    0.000,
   -3.400,   -3.510,   -3.470,    0.000,
   -3.470,   -3.730,   -3.630,    0.000,
   -3.690,   -4.000,   -3.880,    0.000,
   -3.990,   -4.200,   -4.120,    0.000,
   -4.450,   -4.630,   -4.560,    0.000,
   -4.980,   -5.210,   -5.120,    0.000,
   -5.300,   -5.590,   -5.480,    0.000,
   -5.610,   -5.920,   -5.800,    0.000,
   -6.030,   -6.220,   -6.150,    0.000,
   -6.290,   -6.660,   -6.520,    0.000,
   -6.670,   -7.030,   -6.900,    0.000,
   -7.010,   -7.440,   -7.280,    0.000,
   -7.160,   -7.780,   -7.540,    0.000,
   -7.460,   -8.000,   -7.790,    0.000,
   -7.990,   -8.290,   -8.180,    0.000,
   -8.140,   -8.530,   -8.380,    0.000,
   -8.500,   -9.020,   -8.820,    0.000,
   -8.940,   -9.560,   -9.330,    0.000,
   -9.390,  -10.070,   -9.810,    0.000,
   -9.630,  -10.360,  -10.080,    0.000,
  -10.160,  -10.630,  -10.450,    0.000,
  -10.000,  -10.760,  -10.470,    0.000,
  -10.260,  -10.900,  -10.650,    0.000,
  -10.520,  -11.110,  -10.890,    0.000,
  -10.720,  -11.260,  -11.050,    0.000,
  -10.640,  -11.250,  -11.010,    0.000,
  -10.430,  -11.030,  -10.800,    0.000,
  -10.300,  -10.810,  -10.610,    0.000,
  -10.330,  -10.860,  -10.660,    0.000,
  -10.360,  -10.840,  -10.660,    0.000,
  -10.320,  -10.840,  -10.640,    0.000,
  -10.140,  -10.710,  -10.490,    0.000,
  -10.210,  -10.660,  -10.490,    0.000,
  -10.330,  -10.940,  -10.710,    0.000,
  -10.650,  -11.260,  -11.030,    0.000,
  -11.100,  -11.640,  -11.430,    0.000,
  -11.410,  -11.920,  -11.730,    0.000,
  -11.540,  -12.070,  -11.870,    0.000,
  -11.550,  -12.250,  -11.980,    0.000,
  -11.740,  -12.400,  -12.150,    0.000,
  -11.880,  -12.270,  -12.120,    0.000,
  -11.500,  -12.200,  -11.930,    0.000,
  -11.760,  -12.390,  -12.150,    0.000,
  -11.790,  -12.480,  -12.220,    0.000,
  -11.970,  -12.560,  -12.330,    0.000,
  -12.170,  -12.710,  -12.510,    0.000,
  -12.360,  -13.050,  -12.780,    0.000,
  -12.730,  -13.670,  -13.310,    0.000,
  -13.340,  -14.050,  -13.780,    0.000,
  -13.610,  -14.170,  -13.960,    0.000,
  -13.730,  -14.450,  -14.180,    0.000,
  -13.830,  -14.730,  -14.380,    0.000,
  -13.910,  -14.740,  -14.420,    0.000,
  -13.890,  -14.640,  -14.360,    0.000,
  -14.090,  -14.810,  -14.540,    0.000,
  -13.740,  -14.320,  -14.100,    0.000,
  -12.130,  -12.740,  -12.510,    0.000,
   -9.420,   -9.330,   -9.370,    0.000,
   -4.340,   -4.800,   -4.620,    0.000,
   -1.600,   -1.980,   -1.830,    0.000,
   -0.210,   -0.470,   -0.370,    0.000,
    0.300,    0.060,    0.150,    0.000,
    0.160,    0.170,    0.160,    0.000,
    0.040,    0.040,    0.040,    0.000,
    0.030,    0.000,    0.000,    0.000,
    0.020,    0.000,    0.010,    0.000,
    0.020,    0.000,    0.000,    0.000,
    0.020,    0.000,    0.010,    0.000,
    0.020,    0.000,    0.000,    0.000,
    0.020,    0.000,    0.000,    0.000,
    0.020,    0.000,    0.000,    0.000,
    0.020,    0.000,    0.000,    0.000,
    0.020,    0.000,    0.000,    0.000,
    0.020,    0.000,    0.000,    0.000,
    0.020,    0.000,    0.000,    0.000,
    0.090,    0.090,    0.090,    0.000,
   -0.120,    0.040,   -0.010,    0.000,
    0.180,   -0.730,   -0.380,    0.000,
   -0.700,   -0.220,   -0.400,    0.000,
   -0.700,   -0.180,   -0.380,    0.000,
   -0.090,   -0.500,   -0.340,    0.000,
   -0.510,   -0.260,   -0.350,    0.000,
    0.060,   -0.860,   -0.500,    0.000,
    1.550,   -0.930,    0.010,    0.000,
    2.270,   -1.100,    0.180,    0.000,
    2.690,   -0.480,    0.720,    0.000,
    3.110,   -0.300,    1.000,    0.000,
    3.630,   -0.690,    0.950,    0.000,
    3.700,   -0.900,    0.850,    0.000,
    3.100,   -0.020,    1.160,    0.000,
    2.960,    0.000,    1.130,    0.000,
    2.410,   -0.090,    0.860,    0.000,
    1.270,    0.520,    0.810,    0.000,
    0.860,    0.520,    0.650,    0.000,
    0.640,   -0.110,    0.170,    0.000,
    0.000,    0.030,    0.020,    0.000,
    0.120,   -0.100,   -0.010,    0.000,
    0.030,   -0.230,   -0.130,    0.000,
   -0.020,   -0.310,   -0.200,    0.000,
   -0.070,   -0.160,   -0.130,    0.000,
   -0.330,   -0.140,   -0.210,    0.000,
   -0.270,   -0.290,   -0.280,    0.000,
   -0.560,   -0.580,   -0.570,    0.000,
   -0.300,   -0.400,   -0.360,    0.000,
    0.080,   -0.030,    0.010,    0.000,
   -0.200,   -0.120,   -0.150,    0.000,
   -0.160,   -0.240,   -0.210,    0.000,
    0.010,   -0.040,   -0.020,    0.000,
    0.070,    0.030,    0.040,    0.000,
    0.100,    0.070,    0.080,    0.000,
    0.200,    0.010,    0.090,    0.000,
    0.230,    0.380,    0.320,    0.000,
    1.680,   -0.770,    0.160,    0.000,
    0.710,    0.480,    0.570,    0.000,
    0.080,    0.400,    0.280,    0.000,
    0.150,    0.110,    0.130,    0.000,
    0.490,    0.050,    0.210,    0.000,
   -0.450,    0.600,    0.190,    0.000,
    0.800,   -0.030,    0.280,    0.000,
    1.070,    0.470,    0.700,    0.000,
    0.830,    0.440,    0.590,    0.000,
    1.520,    0.170,    0.690,    0.000,
    1.520,    0.120,    0.650,    0.000,
    0.270,    0.840,    0.620,    0.000,
   -0.730,    1.010,    0.340,    0.000,
   -1.090,    0.580,   -0.050,    0.000,
   -1.030,    0.650,    0.010,    0.000,
   -0.910,    0.280,   -0.170,    0.000,
   -0.680,    0.110,   -0.190,    0.000,
   -1.440,    0.470,   -0.250,    0.000,
   -2.660,    1.200,   -0.270,    0.000,
   -3.120,    1.030,   -0.540,    0.000,
   -3.010,    0.170,   -1.040,    0.000,
   -2.040,   -0.620,   -1.160,    0.000,
    0.560,   -1.490,   -0.710,    0.000,
    1.380,   -0.760,    0.050,    0.000,
    0.280,    0.560,    0.460,    0.000,
   -1.350,    1.660,    0.510,    0.000,
   -2.430,    1.450,   -0.020,    0.000,
   -3.300,    0.950,   -0.660,    0.000,
   -4.370,    0.970,   -1.060,    0.000,
   -4.890,    0.940,   -1.280,    0.000,
   -6.800,    1.410,   -1.720,    0.000,
   -7.680,    1.210,   -2.170,    0.000,
   -8.840,    1.210,   -2.620,    0.000,
   -8.590,   -0.120,   -3.350,    0.000,
   -8.730,    0.020,   -3.310,    0.000,
  -10.610,    1.380,   -3.180,    0.000,
  -11.630,    0.940,   -3.850,    0.000,
  -12.060,    0.850,   -4.070,    0.000,
   -9.960,   -0.180,   -3.910,    0.000,
   -6.260,   -1.560,   -3.350,    0.000,
   -2.150,   -2.730,   -2.510,    0.000,
   -1.300,   -1.580,   -1.470,    0.000,
   -0.480,   -0.610,   -0.560,    0.000,
    0.080,   -0.060,    0.000,    0.000,
    0.050,    0.030,    0.040,    0.000,
    0.060,    0.030,    0.040,    0.000,
    0.040,    0.020,    0.030,    0.000,
    0.030,    0.000,    0.010,    0.000,
    0.030,    0.000,    0.010,    0.000,
    0.020,    0.000,    0.010,    0.000,
    0.020,    0.000,    0.010,    0.000,
    0.020,    0.000,    0.010,    0.000,
    0.020,    0.000,    0.000,    0.000,
    0.020,    0.000,    0.000,    0.000,
    0.540,    0.130,    0.290,    0.000,
    1.090,   -0.450,    0.130,    0.000,
    0.470,    0.140,    0.260,    0.000,
   -0.210,    0.430,    0.180,    0.000,
    0.100,    0.060,    0.070,    0.000,
   -0.200,   -0.280,   -0.250,    0.000,
   -0.220,   -0.460,   -0.370,    0.000,
   -0.230,   -0.890,   -0.640,    0.000,
   -0.330,   -0.800,   -0.620,    0.000,
   -0.380,   -0.740,   -0.600,    0.000,
   -0.080,   -0.740,   -0.490,    0.000,
   -0.010,   -0.860,   -0.530,    0.000,
   -1.050,   -0.180,   -0.510,    0.000,
   -0.810,   -0.220,   -0.450,    0.000,
   -1.060,    0.210,   -0.270,    0.000,
   -0.680,   -0.280,   -0.430,    0.000,
   -0.550,   -0.290,   -0.390,    0.000,
   -1.020,   -0.180,   -0.500,    0.000,
   -0.900,   -0.190,   -0.460,    0.000,
   -0.940,    0.000,   -0.360,    0.000,
   -0.520,   -0.290,   -0.380,    0.000,
   -0.500,   -0.140,   -0.280,    0.000,
   -1.000,   -0.100,   -0.450,    0.000,
   -1.140,   -0.010,   -0.440,    0.000,
   -1.130,   -0.080,   -0.480,    0.000,
   -2.630,    1.200,   -0.250,    0.000,
   -4.090,    1.320,   -0.730,    0.000,
   -4.610,    0.300,   -1.560,    0.000,
   -4.640,    0.000,   -1.760,    0.000,
   -3.090,   -1.200,   -1.920,    0.000,
   -4.630,    0.520,   -1.440,    0.000,
   -5.410,    0.840,   -1.540,    0.000,
   -6.420,    0.570,   -2.090,    0.000,
   -7.930,    0.880,   -2.480,    0.000,
   -9.750,    0.990,   -3.100,    0.000,
  -11.470,    1.600,   -3.380,    0.000,
  -11.940,    0.690,   -4.120,    0.000,
  -12.670,    0.520,   -4.500,    0.000,
  -14.250,    1.240,   -4.670,    0.000,
  -13.690,   -0.160,   -5.320,    0.000,
  -11.540,   -1.480,   -5.320,    0.000,
   -7.730,   -3.300,   -4.990,    0.000,
   -4.070,   -3.650,   -3.810,    0.000,
   -1.760,   -2.230,   -2.050,    0.000,
   -0.560,   -0.790,   -0.700,    0.000,
   -0.230,   -0.310,   -0.280,    0.000,
   -0.180,   -0.220,   -0.200,    0.000,
   -0.130,   -0.170,   -0.160,    0.000,
   -0.060,   -0.110,   -0.090,    0.000,
   -0.050,   -0.080,   -0.070,    0.000,
    0.010,   -0.010,    0.000,    0.000,
    0.020,    0.000,    0.000,    0.000,
    0.040,    0.000,    0.010,    0.000,
    0.000,   -0.040,   -0.030,    0.000,
    0.030,    0.000,    0.010,    0.000,
    0.000,   -0.020,   -0.010,    0.000,
    0.020,    0.000,    0.000,    0.000,
    0.020,    0.000,    0.000,    0.000,
    0.020,    0.000,    0.000,    0.000,
    0.020,    0.000,    0.010,    0.000,
    0.020,    0.000,    0.000,    0.000,
    0.020,   -0.040,   -0.010,    0.000,
   -0.030,   -0.060,   -0.050,    0.000,
    0.030,    0.000,    0.010,    0.000,
    0.190,    0.070,    0.120,    0.000,
    0.130,    0.470,    0.340,    0.000,
   -0.500,    0.570,    0.160,    0.000,
    0.000,    0.450,    0.280,    0.000,
    0.540,    0.090,    0.260,    0.000,
    1.620,   -0.710,    0.170,    0.000,
    1.780,   -0.280,    0.500,    0.000,
    0.490,    0.730,    0.640,    0.000,
    0.570,    0.460,    0.500,    0.000,
   -0.410,    0.980,    0.440,    0.000,
   -0.250,    0.210,    0.040,    0.000,
    0.060,    0.200,    0.150,    0.000,
    0.270,    0.000,    0.110,    0.000,
    0.190,    0.430,    0.340,    0.000,
    0.080,    0.400,    0.280,    0.000,
    0.260,    0.200,    0.220,    0.000,
    0.490,   -0.030,    0.160,    0.000,
    0.580,    0.060,    0.260,    0.000,
    0.390,   -0.020,    0.130,    0.000,
   -0.230,    0.530,    0.240,    0.000,
   -0.150,    0.290,    0.120,    0.000,
   -0.190,    0.410,    0.180,    0.000,
   -0.940,    0.820,    0.140,    0.000,
   -1.180,    0.450,   -0.170,    0.000,
   -1.250,    0.180,   -0.360,    0.000,
   -1.580,    0.380,   -0.360,    0.000,
   -1.340,    0.060,   -0.470,    0.000,
   -1.400,    0.330,   -0.320,    0.000,
   -0.800,   -0.210,   -0.440,    0.000,
   -1.350,    0.280,   -0.340,    0.000,
   -1.490,    0.520,   -0.240,    0.000,
   -2.100,    0.430,   -0.530,    0.000,
   -2.320,    0.250,   -0.730,    0.000,
   -2.470,    0.180,   -0.820,    0.000,
   -2.280,    0.180,   -0.750,    0.000,
   -2.810,    0.570,   -0.710,    0.000,
   -3.670,    0.820,   -0.880,    0.000,
   -3.610,    0.730,   -0.920,    0.000,
   -4.530,    0.690,   -1.300,    0.000,
   -4.970,    0.560,   -1.550,    0.000,
   -4.800,    0.120,   -1.750,    0.000,
   -4.530,   -0.180,   -1.840,    0.000,
   -3.180,   -0.910,   -1.780,    0.000,
   -1.410,   -0.530,   -0.870,    0.000,
   -3.700,    1.050,   -0.760,    0.000,
   -5.100,    1.390,   -1.080,    0.000,
   -6.600,    1.520,   -1.570,    0.000,
   -8.230,    1.660,   -2.110,    0.000,
   -9.570,    1.630,   -2.640,    0.000,
  -10.250,    0.990,   -3.290,    0.000,
  -10.620,    1.000,   -3.430,    0.000,
  -11.120,    0.790,   -3.750,    0.000,
  -10.320,    0.310,   -3.730,    0.000,
   -9.850,    0.250,   -3.600,    0.000,
   -8.350,    0.130,   -3.100,    0.000,
   -5.110,   -0.960,   -2.540,    0.000,
   -1.750,   -2.310,   -2.100,    0.000,
   -0.870,   -1.120,   -1.020,    0.000,
   -0.070,   -0.300,   -0.210,    0.000,
    0.100,    0.050,    0.070,    0.000,
    0.170,    0.130,    0.150,    0.000,
    0.080,    0.080,    0.080,    0.000,
    0.020,    0.000,    0.010,    0.000,
    0.020,    0.000,    0.010,    0.000,
    0.020,    0.000,    0.010,    0.000,
    0.020,    0.000,    0.000,    0.000,
    0.020,    0.000,    0.010,    0.000,
    0.020,    0.000,    0.000,    0.000,
    0.020,    0.000,    0.000,    0.000,
    0.020,    0.000,    0.000,    0.000,
    0.020,    0.000,    0.000,    0.000,
    0.020,    0.000,    0.000,    0.000,
    0.020,    0.000,    0.000,    0.000,
    0.020,    0.000,    0.000,    0.000,
    0.190,    0.310,    0.260,    0.000,
    1.080,    0.270,    0.580,    0.000,
    0.030,    0.680,    0.430,    0.000,
    0.210,    0.190,    0.190,    0.000,
   -0.630,    0.420,    0.020,    0.000,
   -0.110,   -0.320,   -0.240,    0.000,
   -1.070,    0.130,   -0.330,    0.000,
    0.000,   -0.520,   -0.320,    0.000,
   -0.330,   -0.370,   -0.350,    0.000,
    0.330,   -0.580,   -0.230,    0.000,
    1.070,   -0.910,   -0.150,    0.000,
    1.030,   -0.520,    0.070,    0.000,
    1.300,   -0.310,    0.300,    0.000,
    0.720,   -0.020,    0.260,    0.000,
   -0.040,    0.430,    0.250,    0.000,
    0.430,   -0.120,    0.080,    0.000,
    0.230,   -0.480,   -0.210,    0.000,
   -0.040,   -0.090,   -0.070,    0.000,
    0.290,   -0.160,    0.000,    0.000,
    0.720,   -0.460,    0.000,    0.000,
    0.480,   -0.160,    0.080,    0.000,
    0.430,   -0.150,    0.060,    0.000,
    0.430,   -0.090,    0.110,    0.000,
    0.550,   -0.230,    0.060,    0.000,
    0.580,   -0.270,    0.050,    0.000,
    1.430,   -0.500,    0.230,    0.000,
    1.410,   -0.160,    0.430,    0.000,
    1.280,    0.070,    0.530,    0.000,
    1.060,    0.190,    0.520,    0.000,
    0.750,    0.110,    0.360,    0.000,
    0.380,    0.110,    0.210,    0.000,
    0.070,   -0.870,   -0.510,    0.000,
   -0.340,   -1.570,   -1.100,    0.000,
   -1.350,   -1.240,   -1.280,    0.000,
   -1.850,   -1.390,   -1.560,    0.000,
   -1.750,   -1.700,   -1.720,    0.000,
   -1.580,   -1.840,   -1.740,    0.000,
   -2.540,   -1.100,   -1.650,    0.000,
   -2.390,   -0.560,   -1.260,    0.000,
   -2.730,    0.280,   -0.860,    0.000,
   -1.960,   -0.380,   -0.980,    0.000,
   -0.980,   -0.780,   -0.860,    0.000,
   -0.800,   -0.580,   -0.660,    0.000,
   -0.920,    0.500,   -0.040,    0.000,
   -1.810,    0.480,   -0.390,    0.000,
   -2.910,    0.420,   -0.840,    0.000,
   -3.400,    0.380,   -1.060,    0.000,
   -2.910,   -0.120,   -1.190,    0.000,
   -3.200,   -0.430,   -1.490,    0.000,
   -2.760,   -0.770,   -1.520,    0.000,
   -4.770,   -6.750,   -5.990,    0.000,
   -5.040,   -3.560,   -4.130,    0.000,
   -3.360,   -1.320,   -2.100,    0.000,
   -1.420,   -0.980,   -1.150,    0.000,
   -0.430,   -0.530,   -0.490,    0.000,
   -0.030,   -0.120,   -0.080,    0.000,
    0.080,    0.080,    0.080,    0.000,
   -0.050,   -0.060,   -0.060,    0.000,
    0.200,    0.020,    0.090,    0.000,
    0.160,    0.170,    0.170,    0.000,
    0.100,    0.110,    0.110,    0.000,
    0.020,    0.010,    0.010,    0.000,
    0.020,    0.000,    0.000,    0.000,
    0.020,    0.000,    0.010,    0.000,
    0.020,    0.000,    0.000,    0.000,
    0.020,    0.000,    0.000,    0.000,
    0.020,    0.000,    0.000,    0.000,
    0.020,    0.000,    0.000,    0.000,
    0.020,    0.000,    0.010,    0.000,
    0.020,    0.000,    0.010,    0.000,
    0.020,    0.000,    0.000,    0.000,
    0.020,    0.000,    0.000,    0.000,
    0.020,    0.000,    0.000,    0.000,
    0.080,    0.060,    0.070,    0.000,
    0.270,    0.310,    0.290,    0.000,
    1.890,    1.620,    1.720,    0.000,
    4.710,    4.670,    4.690,    0.000,
    7.030,    7.370,    7.240,    0.000,
    9.640,   10.150,    9.960,    0.000,
   11.350,   12.090,   11.810,    0.000,
   12.230,   13.310,   12.900,    0.000,
   13.130,   13.900,   13.600,    0.000,
   13.560,   14.260,   14.000,    0.000,
   13.860,   14.410,   14.200,    0.000,
   13.790,   14.600,   14.290,    0.000,
   13.860,   14.700,   14.380,    0.000,
   14.110,   14.760,   14.510,    0.000,
   14.000,   14.720,   14.450,    0.000,
   14.100,   14.920,   14.610,    0.000,
   14.110,   14.850,   14.570,    0.000,
   14.210,   14.770,   14.560,    0.000,
   14.080,   14.780,   14.510,    0.000,
   14.050,   14.940,   14.600,    0.000,
   14.250,   14.960,   14.690,    0.000,
   13.270,   13.560,   13.450,    0.000,
    7.590,    4.280,    5.540,    0.000,
    2.550,    3.030,    2.850,    0.000,
    0.890,    1.010,    0.960,    0.000,
    0.260,    0.380,    0.330,    0.000,
    0.080,    0.080,    0.080,    0.000,
    0.020,    0.010,    0.020,    0.000,
    0.010,    0.000,    0.000,    0.000,
    0.020,    0.000,    0.010,    0.000,
   -0.860,   -0.720,   -0.770,    0.000,
   -3.230,   -3.660,   -3.500,    0.000,
   -8.120,   -8.830,   -8.560,    0.000,
  -10.820,  -11.470,  -11.220,    0.000,
  -12.220,  -13.070,  -12.740,    0.000,
  -12.920,  -13.850,  -13.500,    0.000,
  -13.340,  -14.140,  -13.840,    0.000,
  -13.480,  -14.270,  -13.970,    0.000,
  -13.690,  -14.530,  -14.210,    0.000,
  -13.830,  -14.690,  -14.360,    0.000,
  -13.940,  -14.660,  -14.380,    0.000,
  -13.990,  -14.680,  -14.420,    0.000,
  -13.960,  -14.870,  -14.520,    0.000,
  -14.070,  -14.940,  -14.610,    0.000,
  -13.990,  -14.710,  -14.440,    0.000,
  -14.130,  -14.860,  -14.580,    0.000,
  -14.070,  -14.970,  -14.630,    0.000,
  -13.340,  -13.640,  -13.520,    0.000,
   -9.350,   -8.840,   -9.040,    0.000,
   -4.400,   -4.050,   -4.180,    0.000,
   -1.490,   -1.850,   -1.710,    0.000,
   -0.300,   -0.440,   -0.390,    0.000,
    0.080,    0.000,    0.030,    0.000,
    0.050,    0.020,    0.030,    0.000,
    0.020,    0.000,    0.010,    0.000,
    0.010,    0.000,    0.000,    0.000,
    0.020,    0.000,    0.000,    0.000,
    0.020,    0.000,    0.010,    0.000,
    0.020,    0.000,    0.000,    0.000,
    0.020,    0.000,    0.010,    0.000,
    0.020,    0.000,    0.000,    0.000,
    0.070,    0.030,    0.040,    0.000,
    0.650,   -0.010,    0.230,    0.000,
    1.910,   -0.360,    0.500,    0.000,
    2.780,   -0.460,    0.770,    0.000,
    4.210,   -0.720,    1.150,    0.000,
    4.860,   -0.490,    1.540,    0.000,
    5.280,   -0.370,    1.780,    0.000,
    4.370,    0.690,    2.100,    0.000,
    3.770,    0.730,    1.890,    0.000,
    2.620,    1.010,    1.620,    0.000,
    1.190,    1.710,    1.510,    0.000,
    0.370,    0.930,    0.720,    0.000,
    0.210,    0.610,    0.460,    0.000,
    0.530,    0.500,    0.510,    0.000,
    0.370,    0.310,    0.330,    0.000,
   -0.780,   -5.230,   -3.540,    0.000,
   -0.720,   -1.650,   -1.290,    0.000,
   -0.440,   -0.610,   -0.540,    0.000,
    0.730,   -0.810,   -0.220,    0.000,
    0.400,   -0.260,   -0.010,    0.000,
    0.330,    0.110,    0.200,    0.000,
   -0.020,    0.020,    0.000,    0.000,
   -0.160,   -0.090,   -0.120,    0.000,
   -0.210,   -0.310,   -0.270,    0.000,
   -0.280,   -0.310,   -0.300,    0.000,
   -0.110,   -0.180,   -0.150,    0.000,
   -0.020,   -0.080,   -0.050,    0.000,
    0.460,   -0.320,   -0.020,    0.000,
    0.370,   -0.360,   -0.080,    0.000,
    0.360,   -0.420,   -0.120,    0.000,
    0.840,   -0.760,   -0.150,    0.000,
    1.200,   -0.460,    0.170,    0.000,
    1.390,   -0.710,    0.080,    0.000,
    1.250,   -0.260,    0.310,    0.000,
    0.040,    0.110,    0.080,    0.000,
   -0.500,    0.180,   -0.080,    0.000,
   -0.620,   -0.300,   -0.420,    0.000,
   -0.510,   -0.510,   -0.510,    0.000,
   -0.290,   -0.420,   -0.380,    0.000,
   -0.600,   -0.440,   -0.500,    0.000,
   -0.400,   -0.470,   -0.440,    0.000,
   -0.180,   -0.140,   -0.150,    0.000,
    0.120,   -2.060,   -1.230,    0.000,
    0.440,   -0.770,   -0.310,    0.000,
    1.450,   -0.240,    0.400,    0.000,
    1.770,   -0.330,    0.460,    0.000,
    1.310,    0.710,    0.940,    0.000,
    0.490,    0.600,    0.560,    0.000,
    0.200,    0.110,    0.140,    0.000,
   -0.030,   -0.020,   -0.020,    0.000,
    0.170,    0.040,    0.090,    0.000,
    0.110,    0.090,    0.100,    0.000,
    0.000,    0.000,    0.000,    0.000,
    0.100,    0.200,    0.160,    0.000,
   -0.540,    1.030,    0.420,    0.000,
   -0.210,    0.450,    0.190,    0.000,
    0.040,   -0.070,   -0.020,    0.000,
    1.780,   -0.380,    0.440,    0.000,
    2.690,   -0.460,    0.740,    0.000,
    2.650,    0.320,    1.210,    0.000,
    2.240,    0.440,    1.130,    0.000,
    1.150,    0.920,    1.010,    0.000,
    0.560,    1.000,    0.830,    0.000,
    0.390,    0.510,    0.460,    0.000,
    0.350,    0.640,    0.530,    0.000,
    0.230,    0.420,    0.350,    0.000,
    0.180,    0.430,    0.330,    0.000,
    0.450,    0.340,    0.380,    0.000,
    0.280,    0.270,    0.280,    0.000,
    0.370,    0.160,    0.240,    0.000,
   -0.700,   -3.170,   -2.230,    0.000,
   -0.530,   -0.660,   -0.610,    0.000,
    0.540,   -0.580,   -0.150,    0.000,
    0.400,   -0.310,   -0.040,    0.000,
    0.310,    0.090,    0.170,    0.000,
    0.110,    0.070,    0.080,    0.000,
    0.020,    0.000,    0.010,    0.000,
   -0.020,   -0.040,   -0.030,    0.000,
   -0.210,   -0.220,   -0.220,    0.000,
   -0.440,   -0.300,   -0.350,    0.000,
    0.370,   -0.870,   -0.390,    0.000,
    0.840,   -0.800,   -0.170,    0.000,
    1.760,   -1.870,   -0.480,    0.000,
    1.840,   -1.720,   -0.350,    0.000,
    2.350,   -1.090,    0.220,    0.000,
    1.050,   -0.390,    0.150,    0.000,
    0.840,   -0.440,    0.040,    0.000,
    0.600,   -0.430,   -0.030,    0.000,
   -0.300,   -0.270,   -0.280,    0.000,
   -0.600,    0.010,   -0.220,    0.000,
   -0.340,   -0.610,   -0.500,    0.000,
   -0.380,   -0.340,   -0.360,    0.000,
   -0.290,   -0.350,   -0.330,    0.000,
    0.480,   -0.600,   -0.180,    0.000,
    0.720,   -0.040,    0.250,    0.000,
    1.100,    0.240,    0.570,    0.000,
    1.330,    0.600,    0.880,    0.000,
    1.050,    0.390,    0.640,    0.000,
    0.540,    0.800,    0.700,    0.000,
    0.370,    0.490,    0.440,    0.000,
   -0.020,    0.050,    0.020,    0.000,
   -0.300,   -0.200,   -0.240,    0.000,
   -0.220,   -0.300,   -0.270,    0.000,
    0.060,   -0.010,    0.010,    0.000,
    0.020,    0.020,    0.020,    0.000,
    0.090,    0.160,    0.130,    0.000,
    0.170,    0.730,    0.510,    0.000,
   -0.450,    1.320,    0.640,    0.000,
   -1.800,    1.380,    0.170,    0.000,
   -2.870,    1.690,   -0.050,    0.000,
   -3.160,    1.600,   -0.210,    0.000,
   -2.650,    0.710,   -0.570,    0.000,
   -2.080,    0.070,   -0.740,    0.000,
   -0.940,   -0.130,   -0.440,    0.000,
    0.080,   -0.310,   -0.160,    0.000,
    0.340,    0.060,    0.170,    0.000,
    0.340,    0.440,    0.400,    0.000,
    0.330,    0.320,    0.330,    0.000,
    0.320,    0.290,    0.300,    0.000,
    0.300,    0.330,    0.320,    0.000,
    0.310,    0.410,    0.370,    0.000,
    0.350,    0.300,    0.320,    0.000,
    0.350,    0.250,    0.290,    0.000,
    0.150,    0.320,    0.250,    0.000,
    0.400,    0.370,    0.380,    0.000,
    0.330,    0.370,    0.350,    0.000,
    0.270,    0.310,    0.290,    0.000,
    0.350,    0.400,    0.380,    0.000,
    0.310,    0.390,    0.360,    0.000,
    0.310,    0.260,    0.280,    0.000,
    0.050,   -0.230,   -0.120,    0.000,
   -0.590,   -0.680,   -0.640,    0.000,
   -1.040,   -1.180,   -1.120,    0.000,
   -1.430,   -1.540,   -1.500,    0.000,
   -1.580,   -1.770,   -1.700,    0.000,
   -1.840,   -1.860,   -1.850,    0.000,
   -1.830,   -1.960,   -1.910,    0.000,
   -1.940,   -1.950,   -1.940,    0.000,
   -2.090,   -2.020,   -2.050,    0.000,
   -1.970,   -2.200,   -2.110,    0.000,
   -1.970,   -2.140,   -2.080,    0.000,
   -2.110,   -2.150,   -2.130,    0.000,
   -1.970,   -2.120,   -2.070,    0.000,
   -1.660,   -2.030,   -1.890,    0.000,
   -1.210,   -1.010,   -1.090,    0.000,
   -0.210,   -0.290,   -0.260,    0.000,
    0.160,    0.280,    0.230,    0.000,
    0.440,    0.340,    0.380,    0.000,
    0.370,    0.380,    0.370,    0.000,
    0.460,    0.350,    0.390,    0.000,
    0.120,    0.300,    0.230,    0.000,
    0.270,    0.310,    0.290,    0.000,
    0.310,    0.250,    0.270,    0.000,
    0.240,    0.270,    0.260,    0.000,
    0.330,    0.330,    0.330,    0.000,
    0.320,    0.330,    0.330,    0.000,
    0.300,    0.450,    0.390,    0.000,
    0.390,    0.420,    0.410,    0.000,
    0.350,    0.260,    0.290,    0.000,
    0.180,    0.300,    0.250,    0.000,
    0.200,    0.290,    0.260,    0.000,
    0.250,    0.240,    0.240,    0.000,
    0.340,    0.310,    0.320,    0.000,
    0.020,   -0.050,   -0.020,    0.000,
   -0.310,   -0.240,   -0.260,    0.000,
   -0.380,   -0.360,   -0.370,    0.000,
   -0.450,   -0.410,   -0.430,    0.000,
   -0.590,   -0.580,   -0.590,    0.000,
   -0.570,   -0.610,   -0.600,    0.000,
   -0.670,   -0.680,   -0.670,    0.000,
   -0.530,   -0.600,   -0.570,    0.000,
   -0.190,   -0.210,   -0.210,    0.000,
    0.080,    0.050,    0.060,    0.000,
    0.340,    0.270,    0.300,    0.000,
    0.350,    0.310,    0.320,    0.000,
    0.320,    0.300,    0.310,    0.000,
    0.450,    0.300,    0.360,    0.000,
    0.140,    0.330,    0.250,    0.000,
    0.170,    0.300,    0.250,    0.000,
    0.340,    0.190,    0.240,    0.000,
    0.470,    0.240,    0.330,    0.000,
    0.200,    0.350,    0.300,    0.000,
    0.430,    0.430,    0.430,    0.000,
    0.470,    0.370,    0.410,    0.000,
    0.150,    0.480,    0.350,    0.000,
    0.280,    0.300,    0.290,    0.000,
    0.200,    0.310,    0.270,    0.000,
    0.260,    0.290,    0.280,    0.000,
    0.200,    0.210,    0.210,    0.000,
   -0.750,   -1.220,   -1.040,    0.000,
   -0.100,   -0.540,   -0.370,    0.000,
   -0.160,   -0.220,   -0.190,    0.000,
   -0.110,   -0.090,   -0.100,    0.000,
    0.000,   -0.090,   -0.060,    0.000,
   -0.070,   -0.080,   -0.080,    0.000,
    0.030,   -0.020,    0.000,    0.000,
    0.060,    0.040,    0.050,    0.000,
    0.070,    0.050,    0.050,    0.000,
    0.070,    0.040,    0.050,    0.000,
    0.040,    0.020,    0.030,    0.000,
    0.020,    0.000,    0.010,    0.000,
    0.020,    0.000,    0.000,    0.000,
    0.020,    0.000,    0.010,    0.000,
    0.020,    0.000,    0.010,    0.000,
    0.020,    0.000,    0.010,    0.000,
    0.020,    0.000,    0.010,    0.000,
    0.020,    0.000,    0.000,    0.000,
    0.020,    0.000,    0.010,    0.000,
    0.020,    0.000,    0.010,    0.000,
    0.020,    0.000,    0.010,    0.000,
    0.020,    0.000,    0.010,    0.000,
    0.020,    0.000,    0.010,    0.000,
    0.020,    0.000,    0.010,    0.000,
    0.020,    0.000,    0.010,    0.000,
    0.020,    0.000,    0.010,    0.000,
    0.020,    0.000,    0.010,    0.000,
    0.020,    0.000,    0.010,    0.000,
    0.020,    0.000,    0.000,    0.000,
    0.020,    0.000,    0.010,    0.000,
    0.020,    0.000,    0.000,    0.000,
    0.020,    0.000,    0.010,    0.000,
    0.020,    0.000,    0.000,    0.000,
    0.020,    0.000,    0.000,    0.000,
    0.020,    0.000,    0.000,    0.000,
    0.020,    0.000,    0.000,    0.000,
    0.020,    0.000,    0.000,    0.000,
    0.020,    0.000,    0.000,    0.000,
    0.020,    0.000,    0.010,    0.000,
