0.000000,0.000000,0.000000,0.000000,
0.000000,0.000000,0.000000,0.000000,
0.000000,0.000000,0.000000,0.000000,
0.920000,0.511000,-0.715000,0.000000,
3.477000,1.738000,-2.249000,-0.204000,
8.578000,3.676000,-4.595000,1.123000,
12.271000,6.238000,-3.170000,2.352000,
25.157000,7.465000,-3.886000,4.397000,
29.145000,8.078000,-7.772000,2.045000,
29.452000,9.612000,-9.306000,2.556000,
32.111000,8.283000,-10.840000,1.431000,
31.395000,11.965000,-12.885000,-0.102000,
-29.028000,10.226000,-17.385000,-0.306000,
-30.406000,12.969000,-19.403000,-1.633000,
-27.392000,13.908000,-23.111000,-3.681000,
-26.573000,14.726000,-23.521000,-5.522000,
-29.641000,14.726000,-25.259000,-7.874000,
-24.484000,16.289000,-30.883000,-9.980000,
-21.562000,17.794000,-32.315000,-13.396000,
-19.210000,19.021000,31.278000,-18.816000,
-17.267000,20.657000,30.971000,-20.453000,
-17.370000,21.271000,29.028000,-20.964000,
-14.711000,22.600000,26.164000,-24.236000,
-13.453000,25.122000,24.483000,-24.101000,
-14.813000,27.202000,25.346000,-27.100000,
-9.086000,30.066000,22.585000,31.380000,
-11.029000,31.190000,21.562000,29.948000,
-9.266000,30.739000,19.479000,31.019000,
-4.177000,-31.380000,16.449000,28.005000,
-7.347000,-28.721000,16.858000,24.733000,
-4.177000,-29.744000,17.370000,20.335000,
-3.548000,-26.219000,16.415000,22.849000,
-1.518000,-25.755000,13.381000,21.562000,
3.799000,-23.710000,14.404000,17.267000,
2.368000,-21.767000,12.972000,16.449000,
5.031000,-18.866000,11.922000,12.330000,
3.186000,-18.188000,12.154000,11.540000,
4.515000,-17.676000,11.540000,11.847000,
7.072000,-15.529000,5.404000,12.768000,
10.140000,-13.177000,5.916000,4.382000,
14.946000,-13.688000,7.859000,-2.777000,
1.447000,-15.733000,7.961000,3.461000,
7.890000,-11.847000,-2.572000,6.632000,
20.162000,-11.540000,-4.720000,5.200000,
19.139000,-11.540000,-2.777000,0.291000,
21.696000,-6.120000,-4.720000,0.291000,
24.048000,-8.575000,-3.902000,-1.141000,
20.571000,-6.632000,-7.072000,-2.163000,
28.241000,-3.768000,-7.686000,-2.675000,
30.184000,-1.212000,-13.003000,-4.413000,
31.002000,-3.359000,-9.322000,-10.753000,
28.548000,0.527000,-10.549000,-9.117000,
30.664000,-0.075000,-12.690000,-10.035000,
-27.682000,-1.621000,-20.366000,-8.401000,
-23.387000,-1.314000,-24.355000,-9.117000,
-24.410000,-1.416000,-20.673000,-10.958000,
-29.562000,-1.709000,-17.388000,-7.482000,
-28.603000,-2.132000,-20.980000,-7.174000,
-28.500000,-0.189000,-23.434000,-7.788000,
-30.239000,-3.870000,-20.264000,-6.254000,
30.460000,-3.650000,-22.800000,-4.418000,
32.331000,-3.973000,-23.230000,-1.243000,
29.877000,-4.995000,-22.003000,-0.220000,
24.457000,-6.120000,-19.037000,1.007000,
21.983000,-8.449000,-17.796000,1.505000,
20.366000,-7.961000,-17.196000,3.973000,
14.844000,-9.086000,-10.753000,5.916000,
15.867000,-10.518000,-12.594000,4.995000,
16.991000,-7.616000,-11.975000,3.073000,
11.674000,-10.313000,-5.027000,5.814000,
5.129000,-13.279000,-2.265000,7.654000,
6.356000,-14.915000,-2.981000,8.268000,
5.333000,-12.461000,0.905000,7.450000,
1.243000,-14.506000,4.995000,7.654000,
-3.052000,-17.063000,7.143000,9.188000,
-5.404000,-19.108000,10.518000,10.927000,
-6.427000,-16.960000,10.518000,11.234000,
-6.938000,-19.722000,11.131000,13.586000,
-11.131000,-21.767000,16.142000,16.040000,
-13.279000,-21.971000,18.085000,15.733000,
-15.324000,-22.892000,18.290000,16.040000,
-18.699000,-26.164000,22.483000,20.131000,
-19.926000,-28.823000,24.324000,21.767000,
-21.665000,-32.198000,26.676000,24.426000,
-22.483000,-28.721000,27.289000,25.142000,
-25.039000,-30.971000,28.516000,25.960000,
-28.721000,30.781000,32.505000,30.050000,
-31.175000,26.486000,-31.293000,30.869000,
-32.142000,25.939000,-29.922000,-32.577000,
30.577000,25.361000,-28.327000,-29.861000,
28.532000,21.680000,-25.055000,-26.384000,
26.691000,15.851000,-23.111000,-25.259000,
24.305000,20.833000,-22.058000,-21.956000,
23.214000,17.078000,-20.248000,-19.737000,
22.907000,17.896000,-20.044000,-19.021000,
19.430000,14.317000,-18.612000,-16.669000,
17.156000,11.744000,-15.829000,-15.829000,
15.748000,11.351000,-14.828000,-14.623000,
15.339000,10.226000,-14.112000,-12.987000,
10.840000,9.510000,-13.089000,-10.942000,
11.744000,7.352000,-11.642000,-8.782000,
7.363000,6.033000,-8.794000,-8.385000,
9.101000,4.806000,-8.794000,-6.544000,
4.908000,4.192000,-7.363000,-5.931000,
3.067000,2.045000,-2.045000,-4.806000,
1.738000,-0.306000,-1.738000,-1.329000,
0.000000,-1.636000,2.147000,0.613000,
-0.613000,-0.818000,0.204000,0.920000,
-1.533000,-2.556000,-0.306000,2.454000,
-0.818000,-1.227000,1.636000,1.124000,
-0.306000,-0.613000,0.409000,1.227000,
0.000000,0.000000,-0.409000,0.409000,
0.000000,0.306000,0.000000,-1.022000,
0.000000,0.102000,-0.204000,-1.022000,
0.000000,0.306000,-0.306000,-1.124000,
0.000000,0.204000,-0.409000,-0.818000,
0.000000,0.000000,0.000000,-0.409000,
0.000000,0.000000,0.102000,0.000000,
0.000000,0.000000,0.000000,0.000000,
0.000000,0.000000,0.000000,0.000000,
0.000000,0.000000,0.000000,0.000000,
0.000000,0.000000,0.000000,0.000000,
0.000000,0.000000,0.000000,0.000000,
0.000000,0.000000,0.000000,0.000000,
0.000000,0.000000,0.000000,0.000000,
0.000000,0.000000,0.000000,0.000000,
0.000000,0.000000,0.000000,0.000000,
0.000000,0.000000,0.000000,0.000000,
0.000000,0.000000,0.000000,0.000000,
0.000000,0.000000,0.000000,0.000000,
0.000000,0.000000,0.000000,0.000000,
0.000000,0.000000,0.000000,0.000000,
0.000000,0.000000,0.000000,0.000000,
0.000000,0.000000,0.000000,0.000000,
0.000000,0.000000,0.000000,0.000000,
0.000000,0.000000,0.000000,0.000000,
0.000000,0.000000,0.000000,0.000000,
0.000000,0.000000,0.000000,0.000000,
0.000000,0.000000,0.000000,0.000000,
0.000000,0.000000,0.000000,0.000000,
0.000000,0.000000,0.000000,0.000000,
0.000000,0.000000,0.000000,0.000000,
0.000000,0.000000,0.000000,0.000000,
0.000000,0.000000,0.000000,0.000000,
0.000000,0.000000,0.000000,0.000000,
0.000000,0.000000,0.000000,0.000000,
0.000000,0.000000,0.000000,0.000000,
0.000000,0.000000,0.000000,0.000000,
0.000000,0.000000,0.000000,0.000000,
0.000000,0.000000,0.000000,0.000000,
0.000000,0.000000,0.000000,0.000000,
0.000000,0.000000,0.000000,0.000000,
0.000000,0.000000,0.000000,0.000000,
0.000000,0.000000,0.000000,0.000000,
0.000000,0.000000,0.000000,0.000000,
0.000000,0.000000,0.000000,0.000000,
0.000000,0.000000,0.000000,0.000000,
0.000000,0.000000,0.000000,0.000000,
0.000000,0.000000,0.000000,0.000000,
0.000000,0.000000,0.000000,0.000000,
0.000000,0.000000,0.000000,0.000000,
0.000000,0.000000,0.000000,0.000000,
0.000000,0.000000,0.000000,0.000000,
0.000000,0.000000,0.000000,0.000000,
0.000000,0.000000,0.000000,0.000000,
0.000000,0.000000,0.000000,0.000000,
0.000000,0.000000,0.000000,0.000000,
0.000000,0.000000,0.000000,0.000000,
0.000000,0.000000,0.000000,0.000000,
0.000000,0.000000,0.000000,0.000000,
0.000000,0.000000,0.000000,0.000000,
0.000000,0.000000,0.000000,0.000000,
0.000000,0.000000,0.000000,0.000000,
0.000000,0.000000,0.000000,0.000000,
0.000000,0.000000,0.000000,0.000000,
0.000000,0.000000,0.000000,0.000000,
0.000000,0.000000,0.000000,0.000000,
0.000000,0.000000,0.000000,0.000000,
0.000000,0.000000,0.000000,0.000000,
0.000000,0.000000,0.000000,0.000000,
0.000000,0.000000,0.000000,0.000000,
0.000000,0.000000,0.000000,0.000000,
0.000000,0.000000,0.000000,0.000000,
0.000000,0.000000,0.000000,0.000000,
0.000000,0.000000,0.000000,0.000000,
0.000000,0.000000,0.000000,0.000000,
0.000000,0.000000,0.000000,0.000000,
0.000000,0.000000,0.000000,0.000000,
0.000000,0.000000,0.000000,0.000000,
0.000000,0.000000,0.000000,0.000000,
0.000000,0.000000,0.000000,0.000000,
0.000000,0.000000,0.000000,0.000000,
0.000000,0.000000,0.000000,0.000000,
0.000000,0.000000,0.000000,0.000000,
0.000000,0.000000,0.000000,0.000000,
0.000000,0.000000,0.000000,0.000000,
0.000000,0.000000,0.000000,0.000000,
0.000000,0.000000,0.000000,0.000000,
0.000000,0.000000,0.000000,0.000000,
0.000000,0.000000,0.000000,0.000000,
0.000000,0.000000,0.000000,0.000000,
0.000000,0.000000,0.000000,0.000000,
0.000000,0.000000,0.000000,0.000000,
0.000000,0.000000,0.000000,0.000000,
0.000000,0.000000,0.000000,0.000000,
0.000000,0.000000,0.000000,0.000000,
0.000000,0.000000,0.000000,0.000000,
0.000000,0.000000,0.000000,0.000000,
-0.715000,-0.409000,1.022000,1.329000,
-3.170000,-2.761000,4.499000,2.556000,
-6.025000,-9.599000,11.539000,6.433000,
-7.260000,-14.521000,20.146000,9.510000,
-7.056000,-9.817000,19.532000,8.078000,
-10.942000,-11.658000,13.499000,11.965000,
-13.276000,-19.097000,19.097000,15.318000,
-14.461000,-21.692000,25.256000,17.822000,
-16.566000,-14.214000,20.453000,16.566000,
-18.714000,-18.100000,21.782000,17.896000,
-22.805000,-21.987000,26.384000,20.146000,
-21.884000,-23.214000,29.554000,22.396000,
-23.827000,-23.316000,26.589000,23.214000,
-23.794000,-25.428000,31.045000,26.654000,
-26.179000,-26.998000,-31.687000,26.793000,
-28.532000,-26.793000,32.213000,30.168000,
-28.020000,-29.247000,-28.414000,31.906000,
-32.475000,-31.658000,-31.325000,-30.814000,
-32.009000,-30.679000,-28.823000,-30.664000,
29.130000,-31.600000,-28.516000,-28.721000,
27.187000,29.846000,-21.051000,-28.312000,
25.810000,31.427000,-22.134000,-29.283000,
23.608000,30.357000,-22.790000,-26.369000,
22.994000,28.312000,-18.290000,-24.017000,
17.881000,27.596000,-13.586000,-21.562000,
20.398000,25.913000,-13.658000,-20.602000,
21.562000,25.653000,-12.461000,-19.926000,
17.165000,23.403000,-12.665000,-19.722000,
15.836000,21.869000,-10.006000,-18.290000,
13.995000,20.335000,-10.620000,-16.756000,
12.563000,18.392000,-7.757000,-13.381000,
11.234000,19.722000,-5.609000,-12.768000,
9.802000,17.983000,-5.098000,-10.927000,
7.245000,18.290000,0.322000,-10.313000,
4.995000,15.631000,-0.087000,-11.847000,
2.234000,14.813000,2.675000,-8.166000,
3.052000,14.506000,3.186000,-6.734000,
0.598000,13.381000,6.765000,-4.995000,
-0.570000,12.671000,11.524000,-4.479000,
-1.959000,11.234000,14.230000,-4.995000,
-2.061000,9.802000,16.480000,-5.200000,
-3.697000,9.495000,9.117000,0.936000,
-2.265000,5.609000,12.594000,1.550000,
-9.422000,5.181000,17.490000,2.069000,
-13.310000,8.370000,15.151000,1.243000,
-15.560000,5.916000,19.344000,3.697000,
-14.333000,4.791000,24.866000,3.493000,
-18.423000,5.200000,22.003000,7.276000,
-18.117000,3.666000,28.241000,6.561000,
-19.139000,3.052000,30.695000,4.618000,
-25.173000,0.087000,29.673000,10.242000,
-23.413000,-0.537000,-31.808000,14.324000,
-24.559000,-2.572000,27.218000,9.935000,
-24.764000,-1.447000,-31.568000,11.674000,
-24.764000,1.518000,27.730000,9.629000,
-25.558000,1.301000,24.128000,11.056000,
-21.185000,0.496000,29.979000,11.674000,
-25.582000,1.007000,25.275000,7.992000,
-28.678000,1.729000,26.339000,10.621000,
-26.502000,1.109000,26.911000,11.367000,
-23.946000,1.007000,23.639000,9.322000,
-25.377000,1.416000,23.128000,8.606000,
-25.762000,0.688000,24.128000,10.137000,
-27.320000,0.598000,24.662000,12.901000,
-24.355000,0.496000,24.355000,11.060000,
-24.968000,0.598000,23.025000,10.038000,
-27.218000,0.189000,21.900000,9.935000,
-23.843000,-0.016000,22.309000,11.981000,
-27.730000,-0.527000,21.900000,12.594000,
-22.309000,-0.220000,22.309000,9.629000,
-16.174000,0.803000,21.389000,6.356000,
-24.253000,-0.731000,15.253000,13.617000,
-31.718000,-2.981000,22.719000,17.503000,
-19.548000,-0.731000,20.980000,9.219000,
-20.673000,2.234000,14.435000,4.924000,
-19.124000,3.752000,10.648000,7.380000,
-11.572000,6.734000,6.458000,3.288000,
-9.833000,7.347000,4.311000,-0.700000,
-9.219000,7.757000,4.924000,0.016000,
-7.073000,9.266000,1.763000,-3.139000,
-4.822000,11.234000,-0.803000,-5.916000,
-2.572000,12.768000,-3.666000,-4.382000,
-0.527000,12.972000,-3.564000,-7.041000,
0.253000,13.854000,-4.474000,-8.508000,
3.752000,17.641000,-9.164000,-13.964000,
9.597000,19.108000,-12.052000,-15.529000,
7.245000,17.881000,-11.438000,-14.199000,
8.779000,20.437000,-12.563000,-14.097000,
13.045000,24.483000,-15.904000,-19.683000,
14.813000,23.914000,-17.165000,-21.971000,
14.199000,24.937000,-17.574000,-21.971000,
17.676000,27.801000,-21.460000,-25.448000,
22.032000,30.712000,-23.870000,-27.036000,
28.312000,-32.111000,-27.392000,32.520000,
28.414000,-31.497000,-26.982000,-32.403000,
26.573000,-30.066000,-27.289000,-31.482000,
31.278000,-26.691000,32.622000,28.225000,
-30.781000,-24.441000,32.111000,25.055000,
-32.213000,-24.339000,30.986000,23.930000,
-31.600000,-23.009000,29.963000,24.645000,
-28.736000,-20.759000,26.486000,21.884000,
-23.930000,-20.044000,23.930000,20.453000,
-23.009000,-18.919000,24.441000,20.044000,
-22.907000,-15.646000,21.987000,17.998000,
-21.271000,-15.135000,21.066000,17.691000,
-20.248000,-13.396000,19.532000,16.566000,
-17.385000,-12.067000,17.998000,14.419000,
-16.464000,-11.965000,17.385000,14.010000,
-14.623000,-10.533000,14.726000,12.578000,
-14.010000,-9.306000,14.419000,11.453000,
-13.192000,-8.181000,12.578000,10.328000,
-6.749000,-5.829000,6.033000,6.954000,
2.556000,-3.886000,5.624000,2.045000,
8.680000,-5.208000,1.021000,-2.144000,
2.761000,-1.738000,0.613000,0.102000,
-2.147000,0.306000,-0.409000,-1.227000,
1.431000,1.124000,-2.249000,-0.920000,
0.816000,0.919000,-0.816000,-2.246000,
1.022000,0.204000,-0.715000,-1.943000,
0.564000,0.564000,-1.788000,-2.165000,
-0.818000,0.000000,-0.102000,0.204000,
-0.613000,-0.204000,-0.102000,-1.124000,
-0.919000,-0.612000,-0.510000,-0.612000,
-0.920000,-0.818000,-0.306000,-0.409000,
-1.022000,-0.715000,-0.102000,-0.306000,
-0.511000,-0.511000,0.000000,-0.204000,
-0.204000,-0.204000,0.000000,0.000000,
0.000000,0.000000,0.102000,0.000000,
0.102000,0.000000,0.000000,0.000000,
0.000000,0.000000,-0.102000,-0.102000,
0.000000,0.000000,-0.102000,-0.102000,
0.000000,0.000000,0.000000,0.000000,
0.000000,0.000000,0.000000,0.000000,
0.000000,0.000000,0.000000,0.000000,
0.000000,0.000000,0.000000,0.000000,
0.000000,0.000000,0.000000,0.000000,
0.000000,0.000000,0.000000,-0.102000,
0.000000,0.000000,0.000000,0.000000,
0.000000,0.000000,0.000000,0.000000,
0.000000,0.000000,0.000000,0.000000,
0.000000,0.000000,-0.102000,0.000000,
0.000000,0.000000,0.000000,0.000000,
0.000000,0.000000,0.000000,-0.102000,
0.000000,0.000000,0.000000,0.000000,
0.000000,0.000000,0.000000,0.000000,
0.000000,0.000000,-0.102000,0.000000,
-0.102000,0.000000,0.000000,-0.102000,
0.000000,0.000000,0.000000,0.000000,
0.000000,0.000000,0.000000,0.000000,
0.000000,0.000000,0.000000,-0.102000,
0.000000,0.000000,0.000000,0.000000,
0.000000,0.000000,0.000000,-0.102000,
0.000000,0.000000,0.000000,0.000000,
0.000000,0.000000,0.000000,0.000000,
0.000000,0.000000,0.000000,-0.102000,
0.000000,0.000000,0.000000,0.000000,
0.000000,0.000000,0.000000,0.000000,
0.000000,0.000000,0.000000,0.000000,
-0.102000,0.000000,0.000000,-0.102000,
0.000000,0.000000,0.000000,0.000000,
0.000000,0.000000,0.000000,0.000000,
0.000000,0.000000,0.000000,0.000000,
0.000000,0.000000,0.000000,0.000000,
0.000000,0.000000,0.000000,0.000000,
0.000000,0.000000,0.000000,0.000000,
0.000000,0.000000,0.000000,0.000000,
0.000000,0.000000,-0.102000,0.000000,
0.000000,0.000000,0.000000,0.000000,
0.000000,0.000000,0.000000,0.000000,
0.000000,0.000000,0.000000,-0.102000,
0.000000,0.000000,0.000000,0.000000,
0.000000,0.000000,0.000000,0.000000,
0.000000,0.000000,0.000000,0.000000,
0.000000,0.000000,0.000000,0.000000,
0.000000,0.000000,0.000000,0.000000,
0.000000,0.000000,0.000000,0.000000,
0.000000,0.000000,0.000000,0.000000,
0.000000,0.000000,0.000000,-0.102000,
0.000000,0.000000,0.000000,0.000000,
0.000000,0.000000,0.000000,0.000000,
0.000000,0.000000,0.000000,0.000000,
0.000000,0.000000,0.000000,0.000000,
0.000000,0.000000,0.000000,0.000000,
0.000000,0.000000,0.000000,0.000000,
0.000000,0.000000,0.000000,0.000000,
0.000000,0.000000,0.000000,0.000000,
0.000000,0.000000,0.000000,0.000000,
0.000000,0.000000,0.000000,0.000000,
0.000000,0.000000,0.000000,0.000000,
0.000000,0.000000,0.000000,-0.102000,
0.000000,0.000000,0.000000,0.000000,
0.000000,0.000000,-0.102000,0.000000,
0.000000,0.000000,0.000000,0.000000,
0.000000,0.000000,0.000000,0.000000,
0.000000,0.000000,0.000000,0.000000,
0.000000,0.000000,0.000000,0.000000,
0.000000,0.000000,0.000000,0.000000,
0.000000,0.000000,0.000000,0.000000,
0.000000,0.000000,0.000000,0.000000,
0.000000,0.000000,0.000000,0.000000,
0.000000,0.000000,0.000000,0.000000,
0.000000,0.000000,0.000000,0.000000,
0.000000,0.000000,0.000000,0.000000,
0.000000,0.000000,0.000000,0.000000,
0.000000,0.000000,0.000000,0.000000,
0.000000,0.000000,0.000000,0.000000,
0.000000,0.000000,0.000000,0.000000,
0.000000,0.000000,0.000000,0.000000,
0.000000,0.000000,0.000000,-0.102000,
0.000000,0.000000,0.000000,0.000000,
0.000000,0.000000,0.000000,0.000000,
0.000000,0.000000,0.000000,0.000000,
0.000000,0.000000,0.000000,0.000000,
0.000000,0.000000,0.000000,0.000000,
0.000000,0.000000,0.000000,0.000000,
0.000000,0.000000,0.000000,0.000000,
0.818000,0.306000,-1.636000,-1.227000,
3.574000,1.736000,-4.187000,-3.063000,
8.078000,3.988000,-6.442000,-10.124000,
22.293000,6.238000,-10.635000,-14.010000,
27.202000,6.135000,-8.692000,-11.146000,
15.727000,9.088000,-9.293000,-12.152000,
22.293000,12.885000,-9.919000,-14.419000,
31.088000,12.578000,-16.260000,-16.873000,
28.941000,12.578000,-14.214000,-18.510000,
26.654000,15.931000,-14.399000,-17.871000,
28.532000,18.305000,-18.305000,-22.907000,
-29.437000,16.566000,-21.168000,-23.009000,
-31.278000,19.328000,-21.987000,-21.680000,
-29.948000,21.168000,-21.577000,-23.214000,
-29.948000,21.782000,-24.952000,-24.952000,
-24.119000,22.907000,-28.941000,-27.202000,
-24.733000,23.418000,-30.986000,-29.554000,
-19.006000,24.441000,32.607000,-29.963000,
-21.562000,25.157000,30.562000,-29.861000,
-13.995000,26.589000,29.232000,-31.804000,
-15.529000,26.793000,28.414000,-32.009000,
-15.631000,27.407000,25.039000,31.380000,
-11.513000,30.126000,21.215000,30.406000,
-6.427000,29.247000,21.051000,30.255000,
-10.211000,-32.709000,17.881000,28.619000,
-4.571000,32.042000,20.545000,25.271000,
-2.234000,32.622000,13.688000,25.448000,
-4.977000,-29.487000,14.883000,23.564000,
-0.393000,-30.664000,12.358000,22.176000,
0.016000,-29.641000,9.188000,22.176000,
5.333000,-28.005000,8.881000,20.540000,
5.439000,-29.589000,7.837000,22.747000,
4.208000,-26.267000,5.200000,19.926000,
12.287000,-23.710000,4.177000,14.608000,
12.185000,-22.381000,0.496000,13.892000,
10.239000,-23.870000,2.016000,14.168000,
7.174000,-21.358000,2.132000,13.892000,
15.151000,-19.006000,-4.413000,9.904000,
20.775000,-19.619000,-6.458000,10.006000,
19.242000,-18.801000,-6.561000,8.268000,
18.321000,-17.165000,-5.333000,5.711000,
21.082000,-16.347000,-7.379000,5.507000,
23.946000,-14.711000,-11.469000,6.938000,
24.253000,-12.052000,-13.310000,1.927000,
29.979000,-11.847000,-9.322000,-3.595000,
23.649000,-12.207000,-13.852000,-2.842000,
25.786000,-9.086000,-19.344000,1.007000,
30.797000,-10.211000,-17.298000,-1.754000,
32.536000,-6.325000,-21.287000,-3.902000,
-30.955000,-4.586000,-23.843000,-7.379000,
-26.557000,-6.632000,-20.060000,-7.174000,
-30.494000,-4.525000,-24.320000,-5.058000,
-29.318000,-2.336000,-22.105000,-7.788000,
-31.057000,0.527000,-21.389000,-15.049000,
-25.535000,-4.893000,-16.378000,-17.094000,
30.797000,-3.155000,-26.400000,-7.379000,
31.104000,-0.087000,-29.264000,-5.129000,
27.423000,-0.598000,-19.037000,-7.890000,
26.885000,-1.914000,-19.430000,-7.788000,
28.241000,0.527000,-24.355000,-9.219000,
31.922000,-0.291000,-24.150000,-8.401000,
30.184000,-0.087000,-23.230000,-8.299000,
24.355000,-0.700000,-16.583000,-10.344000,
25.377000,2.572000,-19.344000,-11.265000,
29.468000,1.754000,-20.673000,-12.287000,
32.331000,2.470000,-21.696000,-10.856000,
25.071000,1.959000,-19.242000,-12.287000,
22.616000,1.243000,-13.821000,-10.447000,
24.866000,3.288000,-18.117000,-11.163000,
29.468000,2.470000,-17.298000,-13.924000,
25.684000,3.288000,-18.117000,-13.719000,
22.923000,3.186000,-17.503000,-12.185000,
22.616000,1.652000,-12.594000,-7.992000,
16.787000,-0.291000,-10.549000,-6.561000,
18.526000,0.425000,-11.469000,-10.344000,
20.162000,1.141000,-12.390000,-10.753000,
17.094000,-2.030000,-8.299000,-5.538000,
10.958000,-6.018000,-2.777000,-1.652000,
5.742000,-8.472000,2.336000,1.825000,
5.333000,-8.472000,2.746000,1.109000,
6.356000,-9.700000,1.416000,0.905000,
2.265000,-11.643000,5.098000,5.098000,
-2.234000,-13.177000,10.518000,6.938000,
-4.262000,-16.517000,14.577000,9.369000,
-3.155000,-17.267000,14.608000,6.836000,
-4.382000,-16.040000,13.381000,8.575000,
-10.109000,-21.460000,18.903000,15.120000,
-12.534000,-26.423000,24.483000,17.743000,
-14.302000,-26.164000,24.119000,16.960000,
-17.063000,-25.858000,24.426000,20.335000,
-19.415000,-29.539000,28.516000,22.687000,
-22.687000,31.906000,-32.520000,25.142000,
-24.426000,30.986000,-29.759000,27.698000,
-26.573000,31.804000,-31.497000,28.823000,
-29.335000,30.372000,-30.168000,-32.622000,
-31.631000,26.654000,-25.939000,-30.534000,
-31.131000,24.669000,-26.276000,-31.853000,
32.111000,26.179000,-28.532000,-29.145000,
29.043000,23.009000,-23.623000,-26.077000,
27.509000,21.987000,-21.987000,-25.464000,
26.486000,21.271000,-22.089000,-23.418000,
24.543000,20.248000,-21.373000,-23.623000,
21.987000,18.816000,-19.430000,-20.248000,
20.146000,16.771000,-17.896000,-20.555000,
18.612000,16.771000,-16.873000,-18.612000,
16.771000,14.419000,-15.953000,-16.873000,
16.873000,13.908000,-15.442000,-15.953000,
14.623000,12.680000,-14.419000,-13.294000,
14.317000,11.555000,-12.271000,-12.783000,
12.885000,10.124000,-11.249000,-11.453000,
11.862000,9.715000,-10.635000,-8.897000,
11.965000,7.772000,-9.408000,-8.897000,
7.863000,6.229000,-8.272000,-6.331000,
7.363000,4.601000,-3.067000,-5.113000,
4.192000,2.556000,-0.409000,-2.249000,
0.204000,-2.658000,6.442000,0.102000,
-0.374000,-1.498000,5.433000,-0.468000,
-0.306000,-0.920000,0.000000,1.840000,
-1.943000,-1.124000,1.533000,3.170000,
-0.612000,-1.021000,2.655000,2.144000,
-0.715000,-1.431000,1.636000,2.454000,
0.511000,-0.409000,0.204000,0.920000,
-0.204000,-0.306000,-0.204000,0.000000,
0.102000,0.000000,-0.306000,-0.306000,
0.102000,0.409000,0.000000,0.000000,
0.204000,0.306000,0.102000,0.000000,
0.000000,0.102000,0.000000,0.000000,
0.000000,0.000000,0.000000,0.000000,
0.102000,0.102000,0.000000,0.000000,
0.000000,0.000000,0.000000,0.000000,
0.000000,0.000000,0.000000,0.000000,
0.000000,0.000000,0.000000,0.000000,
0.000000,0.000000,0.000000,0.000000,
0.000000,0.000000,0.000000,0.000000,
0.000000,0.000000,0.000000,0.000000,
0.000000,0.000000,0.000000,0.000000,
0.000000,0.000000,0.000000,0.000000,
0.000000,0.000000,0.000000,0.000000,
0.000000,0.000000,0.000000,0.000000,
0.000000,0.000000,0.000000,0.000000,
0.000000,0.000000,0.000000,0.000000,
0.000000,0.000000,0.000000,0.000000,
0.000000,0.000000,0.000000,0.000000,
0.000000,0.000000,0.000000,0.000000,
0.000000,0.000000,0.000000,0.000000,
0.000000,0.000000,0.000000,0.000000,
0.000000,0.000000,0.000000,0.000000,
0.000000,0.000000,0.000000,0.000000,
0.000000,0.000000,0.000000,0.000000,
0.000000,0.000000,0.000000,0.000000,
0.000000,0.000000,0.000000,0.000000,
0.000000,0.000000,0.000000,0.000000,
0.000000,0.000000,0.000000,0.000000,
0.000000,0.000000,0.000000,0.000000,
0.000000,0.000000,0.000000,0.000000,
0.000000,0.000000,0.000000,0.000000,
0.000000,0.000000,0.000000,0.000000,
0.000000,0.000000,0.000000,0.000000,
0.000000,0.000000,0.000000,0.000000,
0.000000,0.000000,0.000000,0.000000,
0.000000,0.000000,0.000000,0.000000,
0.000000,0.000000,0.000000,0.000000,
0.000000,0.000000,0.000000,0.000000,
0.000000,0.000000,0.000000,0.000000,
0.000000,0.000000,0.000000,0.000000,
0.000000,0.000000,0.000000,0.000000,
0.000000,0.000000,0.000000,0.000000,
0.000000,0.000000,0.000000,0.000000,
0.000000,0.000000,0.000000,0.000000,
0.000000,0.000000,0.000000,0.000000,
0.000000,0.000000,0.000000,0.000000,
0.000000,0.000000,0.000000,0.000000,
0.000000,0.000000,0.000000,0.000000,
0.000000,0.000000,0.000000,0.000000,
0.000000,0.000000,0.000000,0.000000,
0.000000,0.000000,0.000000,0.000000,
0.000000,0.000000,0.000000,0.000000,
0.000000,0.000000,0.000000,0.000000,
0.000000,0.000000,0.000000,0.000000,
0.000000,0.000000,0.000000,0.000000,
0.000000,0.000000,0.000000,0.000000,
0.000000,0.000000,0.000000,0.000000,
0.000000,0.000000,0.000000,0.000000,
0.000000,0.000000,0.000000,0.000000,
0.000000,0.000000,0.000000,0.000000,
0.000000,0.000000,0.000000,0.000000,
0.000000,0.000000,0.000000,0.000000,
0.000000,0.000000,0.000000,0.000000,
0.000000,0.000000,0.000000,0.000000,
0.000000,0.000000,0.000000,0.000000,
0.000000,0.000000,0.000000,0.000000,
0.000000,0.000000,0.000000,0.000000,
0.000000,0.000000,0.000000,0.000000,
0.000000,0.000000,0.000000,0.000000,
0.000000,0.000000,0.000000,0.000000,
0.000000,0.000000,0.000000,0.000000,
0.000000,0.000000,0.000000,0.000000,
0.000000,0.000000,0.000000,0.000000,
0.000000,0.000000,0.000000,0.000000,
0.000000,0.000000,0.000000,0.000000,
0.000000,0.000000,0.000000,0.000000,
0.000000,0.000000,0.000000,0.000000,
0.000000,0.000000,0.000000,0.000000,
0.000000,0.000000,0.000000,0.000000,
0.000000,0.000000,0.000000,0.000000,
0.000000,0.000000,0.000000,0.000000,
0.000000,0.000000,0.000000,0.000000,
0.000000,0.000000,0.000000,0.000000,
0.000000,0.000000,0.000000,0.000000,
0.000000,0.000000,0.000000,0.000000,
0.000000,0.000000,0.000000,0.000000,
0.000000,0.000000,0.000000,0.000000,
0.000000,0.000000,0.000000,0.000000,
0.000000,0.000000,0.000000,0.000000,
0.000000,0.000000,0.000000,0.000000,
0.000000,0.000000,0.000000,0.000000,
0.000000,0.000000,0.000000,0.000000,
-0.920000,-0.409000,1.022000,0.511000,
-1.227000,-1.431000,1.840000,0.818000,
-2.147000,-1.738000,1.124000,2.045000,
-2.655000,-2.859000,2.246000,2.042000,
-3.681000,-3.477000,2.352000,2.863000,
-6.442000,-5.317000,5.829000,5.011000,
-9.510000,-9.101000,16.055000,7.772000,
-9.191000,-15.624000,19.403000,8.067000,
-11.453000,-10.328000,14.521000,11.658000,
-12.885000,-17.794000,18.510000,11.760000,
-14.623000,-15.033000,19.430000,17.282000,
-14.214000,-17.385000,20.350000,18.305000,
-19.123000,-19.430000,20.248000,19.634000,
-20.657000,-22.191000,25.770000,22.089000,
-20.862000,-21.782000,27.611000,22.191000,
-22.396000,-22.702000,24.952000,24.748000,
-24.701000,-24.228000,26.121000,27.351000,
-26.895000,-26.486000,31.293000,29.145000,
-29.145000,-27.816000,29.759000,28.736000,
-29.247000,-27.304000,31.190000,30.475000,
-32.009000,-30.884000,-30.562000,31.804000,
30.508000,-30.637000,31.454000,-31.938000,
31.584000,-31.600000,-29.232000,-31.584000,
28.414000,32.096000,-23.710000,-28.925000,
28.516000,30.971000,-23.199000,-27.289000,
25.810000,30.508000,-24.483000,-24.993000,
23.403000,28.619000,-20.131000,-24.324000,
24.733000,27.698000,-17.983000,-24.528000,
21.051000,27.085000,-20.131000,-22.381000,
20.806000,24.074000,-16.721000,-21.419000,
19.517000,21.358000,-12.154000,-19.517000,
17.676000,21.665000,-15.733000,-16.654000,
19.517000,21.869000,-14.302000,-17.370000,
14.475000,20.704000,-15.292000,-13.658000,
10.620000,17.063000,-7.654000,-13.688000,
8.166000,17.370000,-5.098000,-12.256000,
10.266000,18.042000,-7.456000,-13.639000,
10.109000,16.040000,-4.075000,-9.904000,
5.609000,14.199000,0.629000,-6.325000,
2.950000,14.199000,1.856000,-7.245000,
1.825000,13.688000,1.345000,-6.529000,
1.314000,10.620000,5.129000,-4.995000,
4.995000,10.927000,7.788000,-6.529000,
0.700000,10.722000,7.788000,-2.746000,
-5.231000,8.268000,7.072000,1.141000,
-4.929000,4.262000,14.324000,0.946000,
-6.458000,6.632000,10.549000,-0.598000,
-7.276000,8.063000,7.276000,1.447000,
-11.265000,5.098000,14.742000,4.004000,
-15.039000,3.956000,23.515000,3.805000,
-16.685000,3.870000,21.389000,5.538000,
-15.151000,1.314000,23.128000,5.436000,
-14.333000,2.643000,27.116000,5.947000,
-24.128000,0.994000,22.903000,12.486000,
-18.935000,-2.470000,30.184000,11.981000,
-23.128000,-5.333000,26.298000,9.731000,
-26.298000,-2.572000,30.593000,14.128000,
-22.923000,-0.220000,28.650000,11.265000,
-22.412000,-0.220000,23.639000,9.322000,
-20.571000,0.496000,23.946000,9.322000,
-26.093000,0.087000,24.253000,10.140000,
-25.889000,0.189000,26.093000,13.208000,
-22.412000,1.416000,23.025000,9.526000,
-22.719000,0.905000,22.309000,8.606000,
-25.991000,-0.016000,23.434000,11.060000,
-24.355000,-0.425000,26.298000,12.287000,
-26.502000,-0.834000,22.719000,11.572000,
-24.048000,0.905000,21.798000,9.219000,
-22.514000,1.314000,22.412000,9.731000,
-27.525000,-0.527000,20.571000,12.697000,
-24.253000,-0.731000,24.048000,12.185000,
-27.218000,0.189000,21.491000,10.038000,
-23.230000,0.189000,22.412000,10.038000,
-17.094000,-0.016000,23.946000,8.299000,
-25.173000,-0.527000,14.640000,14.128000,
-31.309000,-2.879000,20.060000,17.094000,
-18.935000,-0.936000,21.389000,9.424000,
-22.309000,2.132000,13.821000,7.072000,
-20.247000,3.650000,11.567000,7.175000,
-10.447000,7.143000,6.663000,2.061000,
-9.322000,7.757000,5.333000,-2.643000,
-10.958000,7.143000,6.356000,2.572000,
-8.401000,9.573000,1.559000,-1.607000,
-3.288000,14.097000,-2.132000,-9.188000,
-1.141000,14.199000,-3.870000,-9.086000,
-0.016000,13.892000,-5.916000,-10.927000,
3.037000,16.721000,-7.530000,-13.351000,
3.467000,16.923000,-8.773000,-12.185000,
6.223000,18.801000,-9.393000,-11.949000,
9.777000,21.419000,-13.862000,-16.926000,
13.074000,24.017000,-14.302000,-20.335000,
13.381000,24.835000,-17.370000,-22.892000,
14.506000,24.937000,-17.370000,-22.381000,
16.109000,26.730000,-19.887000,-22.440000,
20.744000,30.255000,-22.483000,-27.596000,
24.528000,31.993000,-23.608000,-30.050000,
23.608000,-32.009000,-25.858000,-31.278000,
23.812000,-30.986000,-25.960000,-30.255000,
25.142000,-28.634000,-28.516000,32.622000,
29.641000,-26.895000,-30.664000,27.509000,
31.380000,-26.179000,-32.198000,26.384000,
32.198000,-23.521000,31.293000,25.259000,
-30.372000,-22.293000,30.781000,25.361000,
-30.577000,-20.964000,29.554000,24.441000,
-27.816000,-19.123000,26.589000,21.475000,
-27.918000,-18.919000,27.304000,22.396000,
-26.486000,-17.589000,24.543000,20.759000,
-23.700000,-15.456000,23.325000,18.173000,
-21.475000,-14.828000,20.657000,17.487000,
-21.066000,-13.908000,19.532000,16.362000,
-19.225000,-12.067000,17.896000,13.499000,
-16.976000,-10.635000,16.055000,12.271000,
-17.180000,-10.226000,16.260000,12.374000,
-14.112000,-9.306000,13.499000,10.431000,
-12.169000,-7.056000,11.555000,9.101000,
-11.658000,-7.260000,11.862000,8.181000,
-6.033000,-5.011000,5.420000,5.113000,
2.450000,-2.348000,4.697000,-2.042000,
8.283000,-2.965000,3.170000,-4.295000,
1.431000,-1.636000,1.431000,0.000000,
-0.920000,1.022000,-0.409000,-2.658000,
1.225000,1.123000,-3.267000,-1.633000,
0.204000,0.818000,-0.920000,-1.738000,
1.227000,1.022000,-0.715000,-1.738000,
0.102000,0.511000,0.511000,-0.102000,
0.204000,0.204000,0.204000,0.510000,
-0.102000,0.000000,0.306000,0.715000,
-0.306000,-0.409000,0.204000,0.204000,
-0.306000,-0.204000,0.000000,0.000000,
0.000000,0.000000,-0.102000,0.000000,
0.000000,0.000000,0.000000,0.000000,
0.000000,0.000000,0.000000,0.000000,
0.000000,0.000000,0.000000,0.000000,
0.000000,0.000000,0.000000,0.000000,
0.000000,0.000000,0.000000,0.000000,
0.000000,0.000000,0.000000,0.000000,
0.000000,0.000000,0.000000,0.000000,
0.000000,0.000000,0.000000,0.000000,
0.000000,0.000000,0.000000,0.000000,
0.000000,0.000000,0.000000,0.000000,
0.000000,0.000000,0.000000,0.000000,
0.000000,0.000000,0.000000,0.000000,
0.000000,0.000000,0.000000,0.000000,
0.000000,0.000000,0.000000,0.000000,
0.000000,0.000000,0.000000,0.000000,
0.000000,0.000000,0.000000,0.000000,
0.000000,0.000000,0.000000,0.000000,
0.000000,0.000000,0.000000,0.000000,
0.000000,0.000000,0.000000,0.000000,
0.000000,0.000000,0.000000,0.000000,
0.000000,0.000000,0.000000,0.000000,
0.000000,0.000000,0.000000,0.000000,
0.000000,0.000000,0.000000,0.000000,
0.000000,0.000000,0.000000,0.000000,
0.000000,0.000000,0.000000,0.000000,
0.000000,0.000000,0.000000,0.000000,
0.000000,0.000000,0.000000,0.000000,
0.000000,0.000000,0.000000,0.000000,
0.000000,0.000000,0.000000,0.000000,
0.000000,0.000000,0.000000,0.000000,
0.000000,0.000000,0.000000,0.000000,
0.000000,0.000000,0.000000,0.000000,
0.000000,0.000000,0.000000,0.000000,
0.000000,0.000000,0.000000,0.000000,
0.000000,0.000000,0.000000,0.000000,
0.000000,0.000000,0.000000,0.000000,
0.000000,0.000000,0.000000,0.000000,
0.000000,0.000000,0.000000,0.000000,
0.000000,0.000000,0.000000,0.000000,
0.000000,0.000000,0.000000,0.000000,
0.000000,0.000000,0.000000,0.000000,
0.000000,0.000000,0.000000,0.000000,
0.000000,0.000000,0.000000,0.000000,
0.000000,0.000000,0.000000,0.000000,
0.000000,0.000000,0.000000,0.000000,
0.000000,0.000000,0.000000,0.000000,
0.000000,0.000000,0.000000,0.000000,
0.000000,0.000000,0.000000,0.000000,
0.000000,0.000000,0.000000,0.000000,
0.000000,0.000000,0.000000,0.000000,
0.000000,0.000000,0.000000,0.000000,
0.000000,0.000000,0.000000,0.000000,
0.000000,0.000000,0.000000,0.000000,
0.000000,0.000000,0.000000,0.000000,
0.000000,0.000000,0.000000,0.000000,
0.000000,0.000000,0.000000,0.000000,
0.000000,0.000000,0.000000,0.000000,
0.000000,0.000000,0.000000,0.000000,
0.000000,0.000000,0.000000,0.000000,
0.000000,0.000000,0.000000,0.000000,
0.000000,0.000000,0.000000,0.000000,
0.000000,0.000000,0.000000,0.000000,
0.000000,0.000000,0.000000,0.000000,
0.000000,0.000000,0.000000,0.000000,
0.000000,0.000000,0.000000,0.000000,
0.000000,0.000000,0.000000,0.000000,
0.000000,0.000000,0.000000,0.000000,
0.000000,0.000000,0.000000,0.000000,
0.000000,0.000000,0.000000,0.000000,
0.000000,0.000000,0.000000,0.000000,
0.000000,0.000000,0.000000,0.000000,
0.000000,0.000000,0.000000,0.000000,
0.000000,0.000000,0.000000,0.000000,
0.000000,0.000000,0.000000,0.000000,
0.000000,0.000000,0.000000,0.000000,
0.000000,0.000000,0.000000,0.000000,
0.000000,0.000000,0.000000,0.000000,
0.000000,0.000000,0.000000,0.000000,
0.000000,0.000000,0.000000,0.000000,
0.000000,0.000000,0.000000,0.000000,
0.000000,0.000000,0.000000,0.000000,
0.000000,0.000000,0.000000,0.000000,
0.000000,0.000000,0.000000,0.000000,
0.000000,0.000000,0.000000,0.000000,
0.000000,0.000000,0.000000,0.000000,
0.000000,0.000000,0.000000,0.000000,
0.000000,0.000000,0.000000,0.000000,
0.000000,0.000000,0.000000,0.000000,
0.000000,0.000000,0.000000,0.000000,
0.000000,0.000000,0.000000,0.000000,
0.000000,0.000000,0.000000,0.000000,
0.818000,0.511000,-0.920000,-0.613000,
3.477000,2.249000,-3.477000,-3.783000,
11.965000,4.601000,-6.851000,-8.897000,
25.157000,5.522000,-8.692000,-18.407000,
20.657000,4.601000,-8.794000,-10.124000,
20.453000,9.715000,-10.124000,-13.908000,
20.248000,12.885000,-10.737000,-17.691000,
30.475000,14.828000,-15.339000,-22.396000,
32.622000,10.840000,-15.339000,-20.044000,
22.648000,17.246000,-15.730000,-21.321000,
31.190000,19.430000,-14.930000,-22.907000,
-29.335000,19.634000,-23.418000,-22.089000,
-30.050000,21.680000,-21.373000,-26.486000,
-30.459000,20.964000,-23.827000,-24.952000,
-25.653000,21.884000,-26.998000,-25.668000,
-23.096000,23.827000,-28.225000,-26.691000,
-21.358000,25.566000,-32.315000,-29.452000,
-21.153000,25.770000,-32.418000,-31.190000,
-20.744000,25.566000,31.175000,-30.066000,
-19.517000,27.304000,27.494000,-32.520000,
-16.858000,27.713000,26.062000,31.073000,
-8.881000,28.736000,22.074000,30.869000,
-10.390000,29.820000,19.989000,28.976000,
-6.938000,30.372000,20.335000,28.414000,
-9.904000,31.906000,19.722000,29.437000,
-6.120000,-32.403000,17.779000,27.801000,
-2.628000,-30.917000,13.760000,24.483000,
-0.700000,-29.846000,11.745000,22.074000,
2.368000,-30.971000,12.870000,21.767000,
-0.700000,-29.846000,12.052000,22.074000,
1.652000,-26.471000,7.552000,18.699000,
9.219000,-26.471000,5.609000,16.449000,
7.788000,-24.324000,1.212000,17.881000,
7.992000,-24.324000,4.382000,15.733000,
7.276000,-22.176000,3.359000,15.426000,
10.344000,-21.460000,0.700000,10.415000,
12.799000,-21.256000,-3.084000,10.415000,
17.503000,-19.722000,-5.027000,10.006000,
15.867000,-18.903000,-4.924000,11.438000,
16.685000,-18.494000,-3.697000,8.881000,
18.730000,-15.120000,-7.686000,4.586000,
25.377000,-15.017000,-9.322000,1.723000,
21.389000,-13.381000,-13.106000,3.461000,
25.762000,-12.534000,-11.260000,1.811000,
27.773000,-12.243000,-8.848000,-1.880000,
22.003000,-9.393000,-16.378000,-1.345000,
31.002000,-6.836000,-22.514000,-3.186000,
-30.889000,-9.369000,-16.877000,-7.380000,
30.388000,-4.280000,-20.673000,-3.390000,
31.104000,-6.325000,-18.014000,-6.765000,
-29.868000,-3.650000,-23.515000,-8.197000,
-26.455000,-0.393000,-25.377000,-12.083000,
-29.114000,-0.393000,-23.434000,-10.344000,
-28.398000,-2.234000,-17.298000,-13.310000,
30.797000,-6.325000,-17.912000,-13.821000,
29.264000,-1.927000,-26.809000,-5.845000,
31.104000,0.425000,-28.139000,-8.299000,
28.854000,-0.700000,-17.708000,-8.095000,
29.059000,0.322000,-23.639000,-11.060000,
29.570000,-1.723000,-20.469000,-7.174000,
26.809000,-1.212000,-21.185000,-7.788000,
27.423000,1.447000,-18.321000,-9.526000,
26.170000,2.171000,-20.452000,-13.507000,
29.673000,3.595000,-23.025000,-12.594000,
25.144000,0.413000,-15.214000,-9.687000,
22.105000,1.959000,-16.276000,-10.753000,
26.298000,2.879000,-15.151000,-13.515000,
25.275000,3.084000,-18.628000,-13.821000,
26.400000,4.004000,-18.117000,-12.492000,
21.491000,0.834000,-12.799000,-10.140000,
20.366000,2.163000,-13.719000,-10.753000,
19.124000,1.661000,-11.363000,-9.933000,
16.889000,0.118000,-11.060000,-8.504000,
17.401000,-0.700000,-9.731000,-6.254000,
14.435000,-2.132000,-6.356000,-5.640000,
11.363000,-3.445000,-3.703000,-4.316000,
7.992000,-5.200000,-0.936000,-2.572000,
7.072000,-7.654000,1.723000,1.109000,
4.515000,-8.677000,4.177000,3.359000,
0.640000,-11.922000,8.143000,5.692000,
0.016000,-12.563000,8.881000,3.666000,
0.118000,-12.563000,9.188000,3.359000,
-3.564000,-13.995000,11.949000,7.757000,
-5.916000,-18.085000,16.960000,13.074000,
-6.836000,-18.085000,19.006000,10.006000,
-9.291000,-18.597000,18.597000,11.234000,
-14.199000,-22.278000,21.562000,16.551000,
-14.270000,-24.483000,24.687000,18.049000,
-17.370000,-27.801000,27.392000,21.665000,
-17.165000,-26.573000,25.039000,22.278000,
-19.619000,-27.187000,26.062000,22.892000,
-23.608000,-30.562000,29.948000,25.244000,
-25.858000,32.622000,-32.315000,27.596000,
-28.005000,30.986000,-30.577000,28.925000,
-28.516000,31.395000,-30.679000,29.641000,
-30.153000,29.656000,-29.963000,32.198000,
32.622000,27.713000,-28.020000,-29.861000,
30.986000,25.464000,-25.770000,-28.020000,
30.066000,23.827000,-24.748000,-26.998000,
28.838000,25.259000,-25.055000,-27.202000,
25.975000,22.293000,-23.418000,-24.236000,
24.236000,20.759000,-20.657000,-23.725000,
22.396000,19.532000,-20.146000,-21.884000,
20.044000,18.203000,-18.305000,-20.248000,
19.634000,17.998000,-17.794000,-19.941000,
18.203000,15.953000,-16.976000,-18.100000,
16.669000,14.623000,-15.033000,-16.464000,
16.566000,13.192000,-13.805000,-14.828000,
15.114000,12.356000,-13.582000,-14.297000,
13.703000,10.840000,-12.374000,-12.476000,
12.374000,10.124000,-11.760000,-11.862000,
11.249000,9.203000,-10.328000,-9.919000,
10.212000,8.169000,-8.986000,-8.067000,
7.056000,7.567000,-5.522000,-5.829000,
4.601000,3.477000,1.227000,-4.295000,
1.892000,-3.880000,5.678000,-1.135000,
0.409000,-1.840000,4.908000,0.204000,
-0.715000,0.306000,1.124000,1.227000,
-2.045000,-2.863000,0.818000,2.249000,
-1.940000,-1.838000,1.940000,0.816000,
-1.329000,-2.352000,-0.306000,0.818000,
-0.409000,-0.613000,-0.613000,0.000000,
-0.102000,-0.306000,-0.306000,0.000000,
0.306000,0.204000,-0.102000,-0.306000,
0.306000,0.306000,-0.102000,-0.204000,
0.102000,0.204000,-0.204000,-0.204000,
0.000000,0.000000,-0.102000,-0.102000,
-0.102000,0.000000,0.000000,0.000000,
-0.102000,0.000000,0.000000,0.000000,
0.000000,0.000000,-0.102000,0.000000,
0.102000,0.000000,0.000000,0.000000,
0.000000,0.000000,0.000000,0.000000,
0.000000,0.000000,0.000000,0.000000,
0.000000,0.000000,0.000000,0.000000,
0.000000,0.000000,0.000000,0.000000,
0.000000,0.000000,0.000000,0.000000,
0.000000,0.000000,0.000000,0.000000,
0.000000,0.000000,0.000000,0.000000,
0.000000,0.000000,0.000000,0.000000,
0.000000,0.000000,0.000000,0.000000,
0.000000,0.000000,0.000000,0.000000,
0.000000,0.000000,0.000000,0.000000,
0.000000,0.000000,0.000000,0.000000,
0.000000,0.000000,0.000000,0.000000,
0.000000,0.000000,0.000000,0.000000,
0.000000,0.000000,0.000000,0.000000,
0.000000,0.000000,0.000000,0.000000,
0.000000,0.000000,0.000000,0.000000,
0.000000,0.000000,0.000000,0.000000,
0.000000,0.000000,0.000000,0.000000,
0.000000,0.000000,0.000000,0.000000,
0.000000,0.000000,0.000000,0.000000,
0.000000,0.000000,0.000000,0.000000,
0.000000,0.000000,0.000000,0.000000,
0.000000,0.000000,0.000000,0.000000,
0.000000,0.000000,0.000000,0.000000,
0.000000,0.000000,0.000000,0.000000,
0.000000,0.000000,0.000000,0.000000,
0.000000,0.000000,0.000000,0.000000,
0.000000,0.000000,0.000000,0.000000,
0.000000,0.000000,0.000000,0.000000,
0.000000,0.000000,0.000000,0.000000,
0.000000,0.000000,0.000000,0.000000,
0.000000,0.000000,0.000000,0.000000,
0.000000,0.000000,0.000000,0.000000,
0.000000,0.000000,0.000000,0.000000,
0.000000,0.000000,0.000000,0.000000,
0.000000,0.000000,0.000000,0.000000,
0.000000,0.000000,0.000000,0.000000,
0.000000,0.000000,0.000000,0.000000,
0.000000,0.000000,0.000000,0.000000,
0.000000,0.000000,0.000000,0.000000,
0.000000,0.000000,0.000000,0.000000,
0.000000,0.000000,0.000000,0.000000,
0.000000,0.000000,0.000000,0.000000,
0.000000,0.000000,0.000000,0.000000,
0.000000,0.000000,0.000000,0.000000,
0.000000,0.000000,0.000000,0.000000,
0.000000,0.000000,0.000000,0.000000,
0.000000,0.000000,0.000000,0.000000,
0.000000,0.000000,0.000000,0.000000,
0.000000,0.000000,0.000000,0.000000,
0.000000,0.000000,0.000000,0.000000,
0.000000,0.000000,0.000000,0.000000,
0.000000,0.000000,0.000000,0.000000,
0.000000,0.000000,0.000000,0.000000,
0.000000,0.000000,0.000000,0.000000,
0.000000,0.000000,0.000000,0.000000,
0.000000,0.000000,0.000000,0.000000,
0.000000,0.000000,0.000000,0.000000,
0.000000,0.000000,0.000000,0.000000,
0.000000,0.000000,0.000000,0.000000,
0.000000,0.000000,0.000000,0.000000,
0.000000,0.000000,0.000000,0.000000,
0.000000,0.000000,0.000000,0.000000,
0.000000,0.000000,0.000000,0.000000,
0.000000,0.000000,0.000000,0.000000,
0.000000,0.000000,0.000000,0.000000,
0.000000,0.000000,0.000000,0.000000,
0.000000,0.000000,0.000000,0.000000,
0.000000,0.000000,0.000000,0.000000,
0.000000,0.000000,0.000000,0.000000,
0.000000,0.000000,0.000000,0.000000,
0.000000,0.000000,0.000000,0.000000,
0.000000,0.000000,0.000000,0.000000,
0.000000,0.000000,0.000000,0.000000,
0.000000,0.000000,0.000000,0.000000,
0.000000,0.000000,0.000000,0.000000,
0.000000,0.000000,0.000000,0.000000,
0.000000,0.000000,0.000000,0.000000,
0.000000,0.000000,0.000000,0.000000,
0.000000,0.000000,0.000000,0.000000,
0.000000,0.000000,0.000000,0.000000,
0.000000,0.000000,0.000000,0.000000,
0.000000,0.000000,0.000000,0.000000,
0.000000,0.000000,0.000000,0.000000,
0.000000,0.000000,0.000000,0.000000,
0.000000,0.000000,0.000000,0.000000,
-0.920000,-0.511000,1.022000,0.102000,
-2.965000,-2.863000,4.295000,2.352000,
-5.821000,-8.884000,10.518000,5.514000,
-9.612000,-20.044000,21.168000,8.283000,
-8.897000,-15.237000,20.862000,8.897000,
-12.374000,-11.249000,13.499000,12.169000,
-12.987000,-19.532000,16.771000,15.033000,
-19.532000,-21.680000,25.157000,19.021000,
-18.919000,-18.407000,25.464000,17.998000,
-17.998000,-19.328000,19.941000,21.782000,
-21.139000,-22.977000,22.160000,25.530000,
-25.566000,-26.282000,31.702000,26.486000,
-24.952000,-25.464000,32.315000,26.384000,
-25.259000,-26.384000,27.713000,28.122000,
-27.611000,-27.918000,29.043000,30.372000,
-31.702000,-32.213000,30.066000,-32.198000,
32.300000,30.459000,-31.482000,32.520000,
31.789000,-31.702000,-32.300000,32.622000,
28.925000,32.300000,-31.175000,-28.312000,
29.232000,29.846000,-26.369000,-28.414000,
27.289000,30.971000,-23.096000,-26.880000,
25.551000,27.698000,-23.199000,-23.199000,
25.653000,25.448000,-22.278000,-24.733000,
22.381000,25.448000,-18.290000,-21.665000,
23.403000,24.119000,-18.290000,-23.812000,
19.313000,23.710000,-18.597000,-19.926000,
19.210000,19.517000,-14.813000,-16.245000,
15.017000,19.722000,-10.927000,-14.199000,
18.188000,20.437000,-14.915000,-15.631000,
17.983000,19.108000,-15.017000,-14.813000,
12.461000,16.551000,-11.949000,-12.154000,
6.529000,15.529000,-2.336000,-12.358000,
8.881000,17.267000,-7.961000,-11.336000,
8.472000,15.836000,-8.166000,-9.393000,
6.651000,14.307000,-2.586000,-8.446000,
3.564000,13.177000,3.902000,-6.836000,
-0.118000,11.131000,3.799000,-6.632000,
0.496000,9.495000,7.276000,-3.461000,
-1.243000,8.370000,9.935000,-4.075000,
2.132000,9.700000,11.367000,-2.336000,
-2.784000,8.041000,6.256000,0.435000,
-4.515000,4.791000,12.697000,0.527000,
-10.140000,3.257000,12.901000,2.572000,
-11.265000,5.302000,14.128000,5.231000,
-10.852000,5.896000,16.264000,2.784000,
-13.106000,5.098000,22.309000,4.004000,
-17.912000,2.541000,22.105000,5.231000,
-16.276000,0.496000,26.196000,8.913000,
-16.673000,-0.231000,25.966000,9.116000,
-20.673000,2.336000,25.173000,9.935000,
-25.786000,-1.652000,31.820000,9.322000,
-21.798000,-2.981000,31.207000,12.390000,
-26.783000,-4.112000,30.358000,14.937000,
-22.719000,-0.834000,27.934000,8.504000,
-26.093000,1.109000,26.502000,8.810000,
-25.684000,0.291000,23.843000,11.060000,
-22.494000,1.709000,23.515000,9.014000,
-28.854000,1.518000,23.537000,10.753000,
-27.730000,1.109000,29.161000,10.038000,
-27.360000,2.194000,29.478000,9.002000,
-27.423000,0.905000,24.559000,10.753000,
-24.048000,1.416000,26.400000,11.163000,
-30.184000,1.518000,22.514000,10.242000,
-27.090000,1.199000,27.907000,9.218000,
-26.074000,2.370000,25.599000,8.190000,
-22.207000,2.439000,17.708000,8.708000,
-21.287000,1.723000,18.526000,9.322000,
-25.558000,0.177000,19.430000,9.422000,
-24.866000,0.087000,24.968000,10.344000,
-16.174000,1.825000,23.843000,6.152000,
-21.389000,1.723000,12.799000,7.686000,
-27.627000,-0.322000,16.889000,10.651000,
-14.435000,1.109000,16.480000,8.504000,
-18.423000,3.155000,10.651000,7.276000,
-21.798000,2.950000,13.412000,7.890000,
-13.617000,6.632000,12.287000,1.856000,
-10.038000,9.495000,5.640000,-3.359000,
-8.504000,10.620000,2.675000,-2.132000,
-10.038000,10.109000,3.595000,0.016000,
-10.750000,11.615000,3.805000,-2.833000,
-3.902000,14.404000,-0.393000,-6.836000,
0.087000,14.404000,-5.098000,-9.597000,
1.314000,15.426000,-5.200000,-11.745000,
1.314000,17.267000,-6.938000,-10.620000,
6.529000,20.233000,-10.722000,-16.654000,
8.268000,20.437000,-11.029000,-15.631000,
7.757000,21.460000,-11.847000,-18.392000,
10.518000,23.608000,-15.529000,-19.926000,
14.404000,25.142000,-17.574000,-21.153000,
19.415000,28.619000,-21.153000,-25.858000,
19.313000,28.312000,-19.517000,-24.630000,
18.188000,30.153000,-20.335000,-25.448000,
22.278000,-32.213000,-24.017000,-30.255000,
25.448000,-30.781000,-26.471000,32.009000,
25.448000,-30.270000,-28.619000,29.656000,
26.676000,-28.838000,-28.721000,30.884000,
27.085000,-26.793000,-31.278000,29.963000,
-32.622000,-22.907000,31.395000,25.464000,
-26.998000,-22.498000,30.475000,23.111000,
-31.088000,-22.600000,31.088000,25.055000,
-29.963000,-19.634000,29.145000,23.725000,
-25.566000,-17.487000,25.566000,20.350000,
-22.907000,-17.589000,24.032000,19.328000,
-25.157000,-15.544000,23.930000,17.794000,
-22.467000,-14.399000,21.445000,16.748000,
-20.578000,-13.687000,20.201000,15.009000,
-18.714000,-11.760000,18.100000,13.396000,
-16.771000,-11.044000,15.851000,12.374000,
-14.419000,-9.510000,16.464000,9.817000,
-15.442000,-9.101000,12.987000,9.817000,
-12.680000,-8.385000,11.351000,9.101000,
-10.124000,-7.260000,9.715000,6.135000,
-7.455000,-4.391000,6.535000,5.514000,
-1.124000,-4.295000,3.170000,1.636000,
4.704000,-1.329000,1.431000,-3.681000,
-0.306000,-0.613000,1.329000,-0.613000,
-1.123000,1.021000,-0.408000,0.000000,
2.045000,1.431000,-2.249000,-1.636000,
0.613000,1.022000,0.102000,-0.818000,
1.840000,1.022000,-1.124000,-0.818000,
-0.102000,0.612000,0.204000,0.000000,
0.000000,0.102000,0.409000,0.102000,
-0.102000,0.000000,0.000000,0.204000,
-0.204000,-0.306000,0.000000,0.204000,
-0.204000,-0.306000,-0.102000,0.000000,
-0.101000,-0.101000,-0.101000,0.000000,
0.000000,0.000000,0.000000,0.000000,
0.000000,0.000000,0.000000,0.000000,
0.000000,0.000000,0.000000,0.000000,
0.000000,0.000000,0.000000,0.000000,
0.000000,0.000000,0.000000,0.000000,
0.000000,0.000000,0.000000,0.000000,
0.000000,0.000000,0.000000,0.000000,
0.000000,0.000000,0.000000,0.000000,
0.000000,0.000000,0.000000,0.000000,
0.000000,0.000000,0.000000,0.000000,
0.000000,0.000000,0.000000,0.000000,
0.000000,0.000000,0.000000,0.000000,
0.000000,0.000000,0.000000,0.000000,
0.000000,0.000000,0.000000,0.000000,
0.000000,0.000000,0.000000,0.000000,
0.000000,0.000000,0.000000,0.000000,
0.000000,0.000000,0.000000,0.000000,
0.000000,0.000000,0.000000,0.000000,
0.000000,0.000000,0.000000,0.000000,
0.000000,0.000000,0.000000,0.000000,
0.000000,0.000000,0.000000,0.000000,
0.000000,0.000000,0.000000,0.000000,
0.000000,0.000000,0.000000,0.000000,
0.000000,0.000000,0.000000,0.000000,
0.000000,0.000000,0.000000,0.000000,
0.000000,0.000000,0.000000,0.000000,
0.000000,0.000000,0.000000,0.000000,
0.000000,0.000000,0.000000,0.000000,
0.000000,0.000000,0.000000,0.000000,
0.000000,0.000000,0.000000,0.000000,
0.000000,0.000000,0.000000,0.000000,
0.000000,0.000000,0.000000,0.000000,
0.000000,0.000000,0.000000,0.000000,
0.000000,0.000000,0.000000,0.000000,
0.000000,0.000000,0.000000,0.000000,
0.000000,0.000000,0.000000,0.000000,
0.000000,0.000000,0.000000,0.000000,
0.000000,0.000000,0.000000,0.000000,
0.000000,0.000000,0.000000,0.000000,
0.000000,0.000000,0.000000,0.000000,
0.000000,0.000000,0.000000,0.000000,
0.000000,0.000000,0.000000,0.000000,
0.000000,0.000000,0.000000,0.000000,
0.000000,0.000000,0.000000,0.000000,
0.000000,0.000000,0.000000,0.000000,
0.000000,0.000000,0.000000,0.000000,
0.000000,0.000000,0.000000,0.000000,
0.000000,0.000000,0.000000,0.000000,
0.000000,0.000000,0.000000,0.000000,
0.000000,0.000000,0.000000,0.000000,
0.000000,0.000000,0.000000,0.000000,
0.000000,0.000000,0.000000,0.000000,
0.000000,0.000000,0.000000,0.000000,
0.000000,0.000000,0.000000,0.000000,
0.000000,0.000000,0.000000,0.000000,
0.000000,0.000000,0.000000,0.000000,
0.000000,0.000000,0.000000,0.000000,
0.000000,0.000000,0.000000,0.000000,
0.000000,0.000000,0.000000,0.000000,
0.000000,0.000000,0.000000,0.000000,
0.000000,0.000000,0.000000,0.000000,
0.000000,0.000000,0.000000,0.000000,
0.000000,0.000000,0.000000,0.000000,
0.000000,0.000000,0.000000,0.000000,
0.000000,0.000000,0.000000,0.000000,
0.000000,0.000000,0.000000,0.000000,
0.000000,0.000000,0.000000,0.000000,
0.000000,0.000000,0.000000,0.000000,
0.000000,0.000000,0.000000,0.000000,
0.000000,0.000000,0.000000,0.000000,
0.000000,0.000000,0.000000,0.000000,
0.000000,0.000000,0.000000,0.000000,
0.000000,0.000000,0.000000,0.000000,
0.000000,0.000000,0.000000,0.000000,
0.000000,0.000000,0.000000,0.000000,
0.000000,0.000000,0.000000,0.000000,
0.000000,0.000000,0.000000,0.000000,
0.000000,0.000000,0.000000,0.000000,
0.000000,0.000000,0.000000,0.000000,
0.000000,0.000000,0.000000,0.000000,
0.000000,0.000000,0.000000,0.000000,
0.000000,0.000000,0.000000,0.000000,
0.000000,0.000000,0.000000,0.000000,
0.000000,0.000000,0.000000,0.000000,
0.000000,0.000000,0.000000,0.000000,
0.000000,0.000000,0.000000,0.000000,
0.000000,0.000000,0.000000,0.000000,
0.000000,0.000000,0.000000,0.000000,
0.000000,0.000000,0.000000,0.000000,
0.000000,0.000000,0.000000,0.000000,
0.818000,0.409000,-1.124000,-0.204000,
3.783000,2.147000,-3.477000,-2.761000,
14.399000,4.084000,-6.740000,-7.455000,
27.304000,4.499000,-8.385000,-14.521000,
19.123000,8.181000,-10.533000,-11.658000,
23.214000,10.328000,-9.203000,-12.476000,
22.098000,13.071000,-14.857000,-17.302000,
28.225000,13.192000,-14.623000,-20.044000,
25.566000,15.748000,-15.748000,-18.407000,
30.168000,15.544000,-17.589000,-21.373000,
32.577000,18.280000,-21.139000,-22.977000,
-31.584000,19.123000,-19.634000,-23.827000,
30.372000,20.248000,-23.009000,-24.952000,
-25.142000,22.089000,-27.202000,-28.020000,
-24.528000,20.248000,-28.429000,-26.793000,
-21.665000,23.623000,-27.202000,-28.838000,
-25.551000,23.009000,-30.270000,-29.350000,
-18.494000,24.032000,-32.213000,-27.202000,
-20.335000,26.998000,30.664000,-30.168000,
-16.245000,26.998000,26.982000,30.357000,
-15.631000,26.486000,27.289000,-32.315000,
-12.768000,28.327000,23.199000,31.278000,
-10.211000,28.429000,22.892000,30.153000,
-8.984000,31.088000,20.335000,29.539000,
-9.086000,32.009000,18.290000,25.653000,
-3.052000,32.315000,14.711000,24.835000,
-6.325000,-32.403000,13.177000,27.187000,
-3.241000,-30.712000,14.475000,24.687000,
0.527000,-29.335000,11.234000,21.358000,
1.959000,-27.801000,7.552000,17.267000,
5.333000,-28.516000,8.881000,17.779000,
5.027000,-26.778000,6.529000,19.210000,
7.174000,-23.914000,6.734000,16.245000,
9.833000,-22.994000,1.109000,14.404000,
10.651000,-21.460000,1.825000,12.665000,
11.363000,-20.602000,2.526000,10.594000,
11.878000,-20.131000,-0.629000,11.336000,
17.605000,-19.006000,-2.981000,8.881000,
15.969000,-17.472000,-6.049000,6.529000,
20.349000,-16.517000,-4.520000,6.305000,
19.344000,-14.506000,-7.788000,3.768000,
20.264000,-15.324000,-6.867000,4.280000,
19.548000,-12.972000,-12.185000,2.746000,
30.286000,-10.313000,-13.515000,-2.981000,
30.900000,-11.745000,-11.060000,-3.902000,
21.594000,-9.086000,-15.662000,1.621000,
30.082000,-7.347000,-17.196000,-2.163000,
-31.875000,-7.654000,-17.196000,-8.606000,
-32.591000,-2.643000,-20.775000,-4.822000,
-30.648000,-4.280000,-18.219000,-8.810000,
-26.148000,-1.927000,-23.332000,-10.344000,
-30.546000,-0.905000,-22.616000,-9.629000,
-30.034000,1.243000,-22.821000,-12.185000,
-21.137000,-0.291000,-19.139000,-18.014000,
-26.864000,-4.893000,-20.264000,-19.037000,
30.286000,0.527000,-26.093000,-5.027000,
27.396000,-1.505000,-23.311000,-5.133000,
24.048000,-3.564000,-15.253000,-2.368000,
26.196000,-2.030000,-22.309000,-6.356000,
29.775000,-2.643000,-20.571000,-6.663000,
27.907000,-1.709000,-22.800000,-7.175000,
24.150000,-1.927000,-15.151000,-4.106000,
22.043000,-0.730000,-16.350000,-6.766000,
25.684000,0.629000,-17.810000,-9.935000,
25.582000,-0.291000,-15.253000,-10.753000,
21.491000,1.038000,-16.276000,-8.504000,
21.798000,0.425000,-12.287000,-7.992000,
20.571000,0.834000,-14.435000,-11.060000,
25.275000,2.572000,-16.071000,-11.776000,
20.247000,0.231000,-12.486000,-8.707000,
20.366000,1.141000,-13.821000,-8.708000,
19.344000,1.141000,-11.878000,-9.731000,
17.503000,-0.189000,-11.265000,-9.322000,
17.592000,-1.097000,-9.729000,-6.767000,
14.230000,-2.746000,-6.970000,-3.595000,
11.163000,-3.870000,-3.799000,-3.288000,
6.561000,-6.427000,0.905000,-0.425000,
7.686000,-8.245000,1.505000,-0.844000,
7.276000,-7.961000,0.905000,1.927000,
2.265000,-11.438000,5.814000,6.120000,
-0.189000,-12.768000,8.575000,5.507000,
-1.927000,-16.142000,11.745000,6.120000,
-1.273000,-13.077000,11.109000,4.927000,
-2.746000,-14.711000,10.927000,8.268000,
-7.143000,-17.779000,15.120000,12.154000,
-10.006000,-21.051000,19.824000,13.995000,
-13.790000,-23.199000,23.096000,16.551000,
-11.949000,-21.767000,21.153000,13.995000,
-13.688000,-22.278000,20.949000,16.551000,
-17.370000,-26.676000,24.733000,22.176000,
-22.381000,-30.971000,31.993000,26.778000,
-20.642000,-31.278000,32.300000,24.017000,
-22.585000,-29.641000,29.028000,24.528000,
-27.036000,31.760000,31.427000,29.385000,
-27.698000,29.145000,-29.861000,31.175000,
-29.744000,28.429000,-27.202000,31.789000,
-30.050000,29.861000,-29.145000,31.482000,
-32.653000,26.960000,-29.003000,-29.922000,
30.884000,23.214000,-24.952000,-26.691000,
28.429000,22.805000,-23.009000,-25.873000,
26.589000,22.702000,-23.111000,-24.236000,
24.611000,21.752000,-21.956000,-24.509000,
23.054000,20.413000,-21.022000,-22.140000,
20.555000,18.510000,-19.123000,-20.146000,
19.634000,17.794000,-17.078000,-18.816000,
18.203000,16.566000,-16.260000,-17.589000,
17.589000,14.419000,-15.748000,-16.566000,
16.464000,12.885000,-15.339000,-15.953000,
14.214000,11.555000,-13.396000,-14.010000,
13.601000,11.249000,-11.658000,-13.499000,
12.067000,9.919000,-11.658000,-10.737000,
11.658000,8.794000,-10.226000,-10.635000,
8.283000,7.056000,-8.590000,-8.692000,
7.669000,6.851000,-4.090000,-7.669000,
2.045000,1.636000,1.022000,-3.886000,
0.920000,-5.317000,6.954000,-1.124000,
1.022000,-6.238000,6.033000,-0.409000,
0.306000,0.511000,1.943000,0.409000,
-2.348000,-2.246000,1.021000,3.267000,
-1.022000,-1.329000,2.249000,1.124000,
-0.715000,-0.306000,0.306000,0.409000,
0.000000,-0.511000,-0.102000,0.511000,
0.306000,0.000000,-0.306000,-0.102000,
0.190000,0.190000,-0.095000,-0.665000,
0.000000,0.204000,-0.306000,-0.920000,
-0.204000,0.204000,-0.306000,-0.612000,
-0.102000,0.306000,-0.204000,-0.511000,
0.000000,0.204000,-0.102000,-0.306000,
0.000000,0.102000,0.000000,0.000000,
0.000000,0.000000,0.000000,0.000000,
0.000000,0.000000,0.000000,0.000000,
0.000000,0.000000,0.000000,0.000000,
0.000000,0.000000,0.000000,0.000000,
0.000000,0.000000,0.000000,0.000000,
0.000000,0.000000,0.000000,0.000000,
0.000000,0.000000,0.000000,0.000000,
0.000000,0.000000,0.000000,0.000000,
0.000000,0.000000,0.000000,0.000000,
0.000000,0.000000,0.000000,0.000000,
0.000000,0.000000,0.000000,0.000000,
0.000000,0.000000,0.000000,0.000000,
0.000000,0.000000,0.000000,0.000000,
0.000000,0.000000,0.000000,0.000000,
0.000000,0.000000,0.000000,0.000000,
0.000000,0.000000,0.000000,0.000000,
0.000000,0.000000,0.000000,0.000000,
0.000000,0.000000,0.000000,0.000000,
0.000000,0.000000,0.000000,0.000000,
0.000000,0.000000,0.000000,0.000000,
0.000000,0.000000,0.000000,0.000000,
0.000000,0.000000,0.000000,0.000000,
0.000000,0.000000,0.000000,0.000000,
0.000000,0.000000,0.000000,0.000000,
0.000000,0.000000,0.000000,0.000000,
0.000000,0.000000,0.000000,0.000000,
0.000000,0.000000,0.000000,0.000000,
0.000000,0.000000,0.000000,0.000000,
0.000000,0.000000,0.000000,0.000000,
0.000000,0.000000,0.000000,0.000000,
0.000000,0.000000,0.000000,0.000000,
0.000000,0.000000,0.000000,0.000000,
0.000000,0.000000,0.000000,0.000000,
0.000000,0.000000,0.000000,0.000000,
0.000000,0.000000,0.000000,0.000000,
0.000000,0.000000,0.000000,0.000000,
0.000000,0.000000,0.000000,0.000000,
0.000000,0.000000,0.000000,0.000000,
0.000000,0.000000,0.000000,0.000000,
0.000000,0.000000,0.000000,0.000000,
0.000000,0.000000,0.000000,0.000000,
0.000000,0.000000,0.000000,0.000000,
0.000000,0.000000,0.000000,0.000000,
0.000000,0.000000,0.000000,0.000000,
0.000000,0.000000,0.000000,0.000000,
0.000000,0.000000,0.000000,0.000000,
0.000000,0.000000,0.000000,0.000000,
0.000000,0.000000,0.000000,0.000000,
0.000000,0.000000,0.000000,0.000000,
0.000000,0.000000,0.000000,0.000000,
0.000000,0.000000,0.000000,0.000000,
0.000000,0.000000,0.000000,0.000000,
0.000000,0.000000,0.000000,0.000000,
0.000000,0.000000,0.000000,0.000000,
0.000000,0.000000,0.000000,0.000000,
0.000000,0.000000,0.000000,0.000000,
0.000000,0.000000,0.000000,0.000000,
0.000000,0.000000,0.000000,0.000000,
0.000000,0.000000,0.000000,0.000000,
0.000000,0.000000,0.000000,0.000000,
0.000000,0.000000,0.000000,0.000000,
0.000000,0.000000,0.000000,0.000000,
0.000000,0.000000,0.000000,0.000000,
0.000000,0.000000,0.000000,0.000000,
0.000000,0.000000,0.000000,0.000000,
0.000000,0.000000,0.000000,0.000000,
0.000000,0.000000,0.000000,0.000000,
0.000000,0.000000,0.000000,0.000000,
0.000000,0.000000,0.000000,0.000000,
0.000000,0.000000,0.000000,0.000000,
0.000000,0.000000,0.000000,0.000000,
0.000000,0.000000,0.000000,0.000000,
0.000000,0.000000,0.000000,0.000000,
0.000000,0.000000,0.000000,0.000000,
0.000000,0.000000,0.000000,0.000000,
0.000000,0.000000,0.000000,0.000000,
0.000000,0.000000,0.000000,0.000000,
0.000000,0.000000,0.000000,0.000000,
0.000000,0.000000,0.000000,0.000000,
0.000000,0.000000,0.000000,0.000000,
0.000000,0.000000,0.000000,0.000000,
0.000000,0.000000,0.000000,0.000000,
0.000000,0.000000,0.000000,0.000000,
0.000000,0.000000,0.000000,0.000000,
0.000000,0.000000,0.000000,0.000000,
0.000000,0.000000,0.000000,0.000000,
0.000000,0.000000,0.000000,0.000000,
0.000000,0.000000,0.000000,0.000000,
-1.021000,-0.306000,1.327000,1.021000,
-2.556000,-2.965000,6.238000,2.147000,
-5.931000,-8.181000,15.442000,5.317000,
-7.669000,-12.783000,20.555000,8.385000,
-10.722000,-9.395000,19.403000,11.233000,
-10.737000,-13.396000,20.248000,12.578000,
-13.499000,-14.828000,18.305000,15.237000,
-17.487000,-17.794000,19.839000,17.589000,
-16.135000,-18.177000,23.182000,18.892000,
-20.453000,-17.691000,23.623000,21.884000,
-21.066000,-20.146000,27.407000,23.827000,
-22.293000,-21.680000,30.884000,22.293000,
-23.794000,-23.182000,27.981000,24.611000,
-23.827000,-25.873000,31.088000,26.384000,
-26.691000,-25.770000,31.702000,27.407000,
-31.190000,-29.452000,-32.403000,30.986000,
-30.475000,-29.145000,-30.971000,30.066000,
32.198000,-30.168000,-30.255000,32.315000,
28.823000,-30.577000,-29.641000,-29.028000,
27.698000,31.789000,-24.528000,-29.028000,
23.096000,32.300000,-21.971000,-27.085000,
26.778000,32.096000,-22.994000,-27.903000,
22.994000,30.050000,-22.687000,-26.369000,
21.460000,28.005000,-16.654000,-23.710000,
20.335000,26.062000,-13.177000,-22.687000,
18.699000,25.039000,-15.836000,-21.051000,
18.392000,23.403000,-13.586000,-18.903000,
16.756000,23.301000,-12.358000,-17.574000,
16.245000,21.562000,-13.688000,-15.120000,
14.985000,19.275000,-8.756000,-15.394000,
10.825000,17.983000,-9.188000,-14.404000,
8.677000,17.267000,-6.120000,-12.768000,
7.961000,17.881000,-5.507000,-11.131000,
6.509000,16.007000,-4.160000,-9.879000,
4.689000,15.222000,2.265000,-6.938000,
4.177000,13.892000,3.186000,-7.041000,
0.700000,13.381000,4.413000,-7.654000,
-0.231000,11.615000,5.541000,-4.773000,
1.109000,9.495000,8.504000,-2.030000,
1.621000,9.904000,12.492000,-3.666000,
-4.413000,9.495000,11.060000,-0.393000,
-4.112000,5.488000,10.852000,-0.892000,
-6.049000,5.200000,12.492000,1.345000,
-11.674000,6.325000,10.549000,3.902000,
-11.776000,5.916000,18.526000,3.493000,
-16.060000,5.590000,23.515000,2.580000,
-16.787000,4.689000,21.082000,4.004000,
-16.378000,4.075000,22.514000,6.356000,
-16.583000,1.927000,24.457000,8.606000,
-19.957000,2.541000,26.911000,8.299000,
-24.048000,2.541000,25.991000,7.890000,
-17.503000,0.087000,22.616000,9.526000,
-20.162000,-1.550000,27.014000,12.287000,
-24.150000,0.291000,25.071000,9.322000,
-23.676000,1.026000,25.671000,8.570000,
-21.473000,0.484000,21.677000,10.239000,
-20.469000,1.007000,21.287000,9.526000,
-22.821000,2.950000,19.344000,7.788000,
-23.639000,1.927000,20.878000,8.606000,
-20.980000,0.700000,22.003000,9.219000,
-23.741000,1.109000,20.060000,10.651000,
-22.207000,1.109000,21.491000,9.935000,
-21.082000,1.416000,16.583000,8.095000,
-20.775000,0.291000,18.730000,9.117000,
-22.616000,-0.322000,20.264000,10.344000,
-24.048000,0.291000,18.832000,11.981000,
-19.651000,0.598000,19.344000,9.219000,
-19.941000,0.382000,15.754000,7.584000,
-22.821000,-1.038000,16.787000,12.287000,
-18.526000,-2.368000,22.821000,12.799000,
-16.889000,-2.265000,21.389000,7.072000,
-24.150000,-1.652000,10.958000,10.549000,
-20.145000,-1.763000,12.997000,11.465000,
-14.026000,1.007000,11.878000,8.197000,
-20.264000,1.621000,9.424000,8.606000,
-15.253000,2.439000,9.219000,5.027000,
-9.831000,6.918000,3.193000,1.048000,
-5.538000,7.041000,-0.700000,-1.723000,
-4.924000,7.245000,0.322000,1.856000,
-7.890000,8.166000,0.936000,-1.007000,
-4.929000,11.309000,-3.445000,-5.284000,
0.700000,13.279000,-6.018000,-6.325000,
5.200000,14.813000,-8.575000,-10.620000,
1.518000,14.608000,-6.836000,-8.779000,
1.811000,15.496000,-7.326000,-9.573000,
6.018000,19.210000,-11.847000,-14.097000,
10.825000,21.051000,-14.711000,-18.494000,
14.608000,22.994000,-16.040000,-20.028000,
12.665000,22.381000,-15.733000,-17.779000,
12.256000,24.426000,-17.267000,-18.290000,
17.472000,28.312000,-20.540000,-23.914000,
21.971000,28.619000,-23.403000,-27.289000,
21.725000,29.691000,-23.768000,-28.057000,
23.403000,31.891000,-24.733000,-30.357000,
26.062000,-30.577000,-28.312000,-31.482000,
25.755000,-30.986000,-27.801000,-31.584000,
26.471000,-28.225000,-29.028000,-32.505000,
31.482000,-25.668000,32.520000,28.327000,
-31.088000,-24.850000,31.088000,26.179000,
-31.804000,-24.134000,29.759000,26.589000,
-30.986000,-22.702000,29.452000,25.259000,
-27.304000,-19.839000,26.793000,22.396000,
-24.236000,-20.146000,25.873000,20.657000,
-24.952000,-18.612000,24.236000,18.919000,
-21.884000,-15.544000,21.680000,16.464000,
-22.293000,-16.260000,21.475000,16.260000,
-20.964000,-14.419000,19.225000,16.566000,
-16.873000,-11.862000,17.385000,14.623000,
-16.464000,-11.249000,16.464000,13.192000,
-15.851000,-10.431000,14.623000,12.578000,
-12.987000,-8.897000,13.601000,11.146000,
-12.067000,-8.692000,12.169000,9.817000,
-7.056000,-4.499000,7.772000,6.749000,
2.352000,-4.499000,4.806000,-1.943000,
2.147000,-1.329000,2.761000,-3.783000,
4.566000,-1.046000,0.761000,0.190000,
-1.225000,0.408000,0.102000,0.204000,
1.943000,2.045000,-1.124000,-1.636000,
1.329000,1.329000,-1.022000,-1.329000,
0.818000,1.533000,-0.409000,-1.943000,
1.943000,1.840000,-1.840000,-2.454000,
-0.920000,1.227000,-0.204000,-0.613000,
0.306000,0.818000,0.204000,-1.840000,
-0.102000,0.715000,-0.204000,-1.329000,
-0.102000,0.511000,0.000000,-0.613000,
0.102000,0.511000,0.102000,-0.102000,
0.102000,0.204000,0.000000,0.204000,
0.000000,0.000000,0.000000,0.102000,
-0.102000,0.000000,0.000000,0.000000,
0.000000,0.000000,0.000000,0.000000,
0.000000,0.000000,0.000000,0.000000,
0.000000,0.000000,0.000000,0.000000,
0.000000,0.000000,0.000000,0.000000,
0.000000,0.000000,0.000000,0.000000,
0.000000,0.000000,0.000000,0.000000,
0.000000,0.000000,0.000000,0.000000,
0.000000,0.000000,0.000000,0.000000,
0.000000,0.000000,0.000000,0.000000,
0.000000,0.000000,0.000000,0.000000,
0.000000,0.000000,0.000000,0.000000,
0.000000,0.000000,0.000000,0.000000,
0.000000,0.000000,0.000000,0.000000,
0.000000,0.000000,0.000000,0.000000,
0.000000,0.000000,0.000000,0.000000,
0.000000,0.000000,0.000000,0.000000,
0.000000,0.000000,0.000000,0.000000,
0.000000,0.000000,0.000000,0.000000,
0.000000,0.000000,0.000000,0.000000,
0.000000,0.000000,0.000000,0.000000,
0.000000,0.000000,0.000000,0.000000,
0.000000,0.000000,0.000000,0.000000,
0.000000,0.000000,0.000000,0.000000,
0.000000,0.000000,0.000000,0.000000,
0.000000,0.000000,0.000000,0.000000,
0.000000,0.000000,0.000000,0.000000,
0.000000,0.000000,0.000000,0.000000,
0.000000,0.000000,0.000000,0.000000,
0.000000,0.000000,0.000000,0.000000,
0.000000,0.000000,0.000000,0.000000,
0.000000,0.000000,0.000000,0.000000,
0.000000,0.000000,0.000000,0.000000,
0.000000,0.000000,0.000000,0.000000,
0.000000,0.000000,0.000000,0.000000,
0.000000,0.000000,0.000000,0.000000,
0.000000,0.000000,0.000000,0.000000,
0.000000,0.000000,0.000000,0.000000,
0.000000,0.000000,0.000000,0.000000,
0.000000,0.000000,0.000000,0.000000,
0.000000,0.000000,0.000000,0.000000,
0.000000,0.000000,0.000000,0.000000,
0.000000,0.000000,0.000000,0.000000,
0.000000,0.000000,0.000000,0.000000,
0.000000,0.000000,0.000000,0.000000,
0.000000,0.000000,0.000000,0.000000,
0.000000,0.000000,0.000000,0.000000,
0.000000,0.000000,0.000000,0.000000,
0.000000,0.000000,0.000000,0.000000,
0.000000,0.000000,0.000000,0.000000,
0.000000,0.000000,0.000000,0.000000,
0.000000,0.000000,0.000000,0.000000,
0.000000,0.000000,0.000000,0.000000,
0.000000,0.000000,0.000000,0.000000,
0.000000,0.000000,0.000000,0.000000,
0.000000,0.000000,0.000000,0.000000,
0.000000,0.000000,0.000000,0.000000,
0.000000,0.000000,0.000000,0.000000,
0.000000,0.000000,0.000000,0.000000,
0.000000,0.000000,0.000000,0.000000,
0.000000,0.000000,0.000000,0.000000,
0.000000,0.000000,0.000000,0.000000,
0.000000,0.000000,0.000000,0.000000,
0.000000,0.000000,0.000000,0.000000,
0.000000,0.000000,0.000000,0.000000,
0.000000,0.000000,0.000000,0.000000,
0.000000,0.000000,0.000000,0.000000,
0.000000,0.000000,0.000000,0.000000,
0.000000,0.000000,0.000000,0.000000,
0.000000,0.000000,0.000000,0.000000,
0.000000,0.000000,0.000000,0.000000,
0.000000,0.000000,0.000000,0.000000,
0.000000,0.000000,0.000000,0.000000,
0.000000,0.102000,0.000000,0.000000,
0.000000,0.000000,0.000000,0.000000,
0.000000,0.000000,0.000000,0.000000,
0.000000,0.000000,0.000000,0.000000,
0.000000,0.000000,0.000000,0.000000,
0.000000,0.000000,0.000000,0.000000,
0.000000,0.000000,0.000000,0.000000,
0.000000,0.000000,0.000000,0.000000,
0.000000,0.000000,0.000000,0.000000,
0.000000,0.000000,0.000000,0.000000,
0.000000,0.000000,0.000000,0.000000,
0.000000,0.000000,0.000000,0.000000,
0.000000,0.000000,0.000000,0.000000,
0.000000,0.000000,0.000000,0.000000,
0.000000,0.000000,0.000000,0.000000,
0.000000,0.000000,0.000000,0.000000,
1.533000,0.715000,-1.227000,-1.124000,
4.295000,1.943000,-3.170000,-3.783000,
9.101000,4.601000,-6.544000,-9.408000,
23.079000,4.084000,-8.680000,-18.177000,
26.077000,4.090000,-8.897000,-10.635000,
16.669000,10.022000,-11.351000,-15.237000,
25.566000,11.658000,-10.635000,-19.430000,
32.009000,13.396000,-16.976000,-16.260000,
24.134000,12.783000,-14.828000,-18.714000,
26.383000,16.747000,-15.343000,-20.395000,
31.454000,17.973000,-17.054000,-20.833000,
-29.948000,20.964000,-23.623000,-25.770000,
-29.846000,21.066000,-22.702000,-24.748000,
-28.721000,20.350000,-23.009000,-25.055000,
-29.589000,22.262000,-27.164000,-25.735000,
-22.790000,23.111000,-29.554000,-29.247000,
-21.665000,24.748000,-32.213000,-29.452000,
-22.278000,25.361000,31.584000,-31.190000,
-21.358000,24.952000,30.664000,-31.395000,
-14.506000,27.100000,26.778000,-31.293000,
-13.279000,28.429000,25.039000,32.198000,
-12.461000,27.816000,21.869000,31.687000,
-11.949000,29.043000,23.505000,31.482000,
-10.518000,31.190000,18.903000,28.823000,
-7.450000,31.906000,16.449000,25.653000,
-1.007000,31.804000,15.733000,26.164000,
-1.314000,-31.687000,12.461000,24.119000,
-1.723000,-30.459000,13.483000,22.790000,
-1.212000,-30.050000,11.847000,24.426000,
-0.291000,-28.925000,9.700000,20.642000,
6.867000,-26.880000,4.484000,17.676000,
11.465000,-26.219000,5.284000,16.517000,
6.049000,-25.755000,4.280000,16.551000,
5.845000,-24.426000,4.484000,16.142000,
12.697000,-21.869000,1.007000,13.892000,
15.039000,-20.704000,-2.376000,12.024000,
16.480000,-20.437000,-0.425000,10.109000,
13.924000,-19.108000,-5.231000,8.779000,
18.832000,-19.006000,-4.924000,9.393000,
19.941000,-16.721000,-5.644000,7.224000,
20.571000,-15.017000,-8.504000,4.689000,
24.150000,-13.586000,-9.629000,3.973000,
23.946000,-13.279000,-13.208000,3.257000,
24.332000,-13.862000,-9.933000,2.424000,
20.264000,-15.222000,-6.663000,0.803000,
21.594000,-10.620000,-15.969000,2.643000,
30.695000,-8.370000,-23.537000,-0.936000,
-30.443000,-10.620000,-17.912000,-6.663000,
31.104000,-7.961000,-19.651000,-0.527000,
28.485000,-7.576000,-18.006000,-3.752000,
-29.216000,-3.564000,-21.389000,-6.356000,
-29.318000,-1.109000,-24.866000,-9.424000,
-27.989000,-2.439000,-24.355000,-9.731000,
-30.341000,-4.586000,-16.378000,-10.856000,
29.059000,-7.654000,-14.128000,-10.140000,
28.241000,-1.109000,-24.866000,-3.186000,
31.309000,0.118000,-29.366000,-9.629000,
28.036000,-3.666000,-14.946000,-6.152000,
25.684000,-4.791000,-18.117000,-2.675000,
28.957000,-2.643000,-20.673000,-4.106000,
31.616000,-1.723000,-22.003000,-7.992000,
29.468000,-1.007000,-20.264000,-8.197000,
24.332000,-1.607000,-15.754000,-7.890000,
24.457000,0.016000,-17.605000,-6.970000,
24.457000,0.220000,-17.401000,-11.060000,
29.059000,1.447000,-18.423000,-11.469000,
24.026000,0.742000,-15.652000,-10.954000,
23.230000,1.447000,-15.662000,-10.344000,
25.071000,1.754000,-15.969000,-10.753000,
22.596000,0.797000,-14.269000,-11.931000,
22.821000,1.856000,-14.946000,-12.185000,
20.673000,1.652000,-14.435000,-9.526000,
21.594000,0.936000,-13.719000,-9.935000,
18.103000,-1.403000,-9.320000,-7.380000,
15.560000,-1.621000,-8.504000,-7.890000,
15.764000,-0.496000,-9.117000,-6.970000,
13.208000,-3.359000,-4.822000,-3.390000,
10.549000,-5.916000,-1.141000,-2.572000,
7.174000,-6.325000,1.007000,-0.425000,
2.675000,-9.802000,3.768000,2.643000,
3.186000,-12.052000,5.507000,4.893000,
2.368000,-15.222000,8.779000,5.404000,
-0.291000,-12.870000,10.722000,5.200000,
-6.529000,-17.165000,15.529000,10.415000,
-5.507000,-19.313000,16.960000,11.234000,
-5.711000,-17.983000,15.938000,10.825000,
-10.825000,-19.926000,18.699000,16.245000,
-12.665000,-23.608000,23.403000,17.983000,
-14.711000,-26.676000,25.653000,17.983000,
-16.858000,-25.039000,23.096000,19.619000,
-20.949000,-29.130000,27.596000,23.710000,
-22.278000,32.520000,32.096000,25.551000,
-22.790000,32.213000,-31.190000,27.903000,
-24.119000,-31.687000,32.403000,27.289000,
-27.547000,32.373000,-32.271000,30.610000,
-31.073000,28.634000,-27.918000,32.505000,
32.009000,26.282000,-25.361000,-31.600000,
30.884000,25.668000,-25.975000,-29.861000,
30.126000,25.326000,-26.450000,-29.207000,
27.918000,23.725000,-24.850000,-26.077000,
25.975000,21.577000,-21.680000,-24.748000,
24.441000,20.248000,-20.964000,-22.702000,
22.773000,18.994000,-19.607000,-20.526000,
21.884000,18.714000,-18.714000,-20.044000,
20.248000,17.691000,-17.487000,-18.100000,
18.100000,15.339000,-15.544000,-17.282000,
17.054000,14.501000,-14.501000,-17.054000,
15.339000,13.908000,-13.601000,-14.726000,
14.112000,12.169000,-12.783000,-13.294000,
13.601000,11.453000,-11.760000,-13.089000,
10.620000,9.905000,-10.722000,-11.642000,
10.737000,9.203000,-10.124000,-11.146000,
6.238000,7.465000,-6.749000,-8.385000,
4.704000,3.272000,0.102000,-6.033000,
2.655000,-3.472000,5.821000,-2.246000,
0.409000,0.511000,6.135000,-1.227000,
0.102000,1.022000,2.352000,0.818000,
-0.613000,-0.613000,0.306000,2.965000,
-0.715000,-0.613000,3.579000,2.863000,
-0.102000,-1.124000,2.454000,2.454000,
-0.715000,-1.022000,0.920000,1.840000,
0.000000,0.306000,-0.409000,-0.204000,
0.000000,0.000000,-0.204000,-0.102000,
0.204000,0.102000,-0.511000,-1.022000,
0.102000,0.613000,-0.511000,-0.920000,
0.000000,0.379000,-0.094000,-0.569000,
0.102000,0.102000,0.000000,-0.102000,
0.000000,0.000000,0.000000,0.204000,
0.000000,0.000000,0.000000,0.102000,
0.000000,0.000000,0.000000,0.000000,
0.000000,0.000000,0.000000,-0.102000,
0.000000,0.000000,0.000000,0.000000,
0.000000,0.000000,0.000000,0.000000,
0.000000,0.000000,0.000000,0.000000,
0.000000,0.000000,0.000000,0.000000,
0.000000,0.000000,0.000000,0.000000,
0.000000,0.000000,0.000000,0.000000,
0.000000,0.000000,0.000000,0.000000,
0.000000,0.000000,0.000000,0.000000,
0.000000,0.000000,0.000000,0.000000,
0.000000,0.000000,0.000000,0.000000,
0.000000,0.000000,0.000000,0.000000,
0.000000,0.000000,0.000000,0.000000,
0.000000,0.000000,0.000000,0.000000,
0.000000,0.000000,0.000000,0.000000,
0.000000,0.000000,0.000000,0.000000,
0.000000,0.000000,0.000000,0.000000,
0.000000,0.000000,0.000000,0.000000,
0.000000,0.000000,0.000000,0.000000,
0.000000,0.000000,0.000000,0.000000,
0.000000,0.000000,0.000000,0.000000,
0.000000,0.000000,0.000000,0.000000,
0.000000,0.000000,0.000000,0.000000,
0.000000,0.000000,0.000000,0.000000,
0.000000,0.000000,0.000000,0.000000,
0.000000,0.000000,0.000000,0.000000,
0.000000,0.000000,0.000000,0.000000,
0.000000,0.000000,0.000000,0.000000,
0.000000,0.000000,0.000000,0.000000,
0.000000,0.000000,0.000000,0.000000,
0.000000,0.000000,0.000000,0.000000,
0.000000,0.000000,0.000000,0.000000,
0.000000,0.000000,0.000000,0.000000,
0.000000,0.000000,0.000000,0.000000,
0.000000,0.000000,0.000000,0.000000,
0.000000,0.000000,0.000000,0.000000,
0.000000,0.000000,0.000000,0.000000,
0.000000,0.000000,0.000000,0.000000,
0.000000,0.000000,0.000000,0.000000,
0.000000,0.000000,0.000000,0.000000,
0.000000,0.000000,0.000000,0.000000,
0.000000,0.000000,0.000000,0.000000,
0.000000,0.000000,0.000000,0.000000,
0.000000,0.000000,0.000000,0.000000,
0.000000,0.000000,0.000000,0.000000,
0.000000,0.000000,0.000000,0.000000,
0.000000,0.000000,0.000000,0.000000,
0.000000,0.000000,0.000000,0.000000,
0.000000,0.000000,0.000000,0.000000,
0.000000,0.000000,0.000000,0.000000,
0.000000,0.000000,0.000000,0.000000,
0.000000,0.000000,0.000000,0.000000,
0.000000,0.000000,0.000000,0.000000,
0.000000,0.000000,0.000000,0.000000,
0.000000,0.000000,0.000000,0.000000,
0.000000,0.000000,0.000000,0.000000,
0.000000,0.000000,0.000000,0.000000,
0.000000,0.000000,0.000000,0.000000,
0.000000,0.000000,0.000000,0.000000,
0.000000,0.000000,0.000000,0.000000,
0.000000,0.000000,0.000000,0.000000,
0.000000,0.000000,0.000000,0.000000,
0.000000,0.000000,0.000000,0.000000,
0.000000,0.000000,0.000000,0.000000,
0.000000,0.000000,0.000000,0.000000,
0.000000,0.000000,0.000000,0.000000,
0.000000,0.000000,0.000000,0.000000,
0.000000,0.000000,0.000000,0.000000,
0.000000,0.000000,0.000000,0.000000,
0.000000,0.000000,0.000000,0.000000,
0.000000,0.000000,0.000000,0.000000,
0.000000,0.000000,0.000000,0.000000,
0.000000,0.000000,0.000000,0.000000,
0.000000,0.000000,0.000000,0.000000,
0.000000,0.000000,0.000000,0.000000,
0.000000,0.000000,0.000000,0.000000,
0.000000,0.000000,0.000000,0.000000,
0.000000,0.000000,0.000000,0.000000,
0.000000,0.000000,0.000000,0.000000,
0.000000,0.000000,0.000000,0.000000,
0.000000,0.000000,0.000000,0.000000,
0.000000,0.000000,0.000000,0.000000,
0.000000,0.000000,0.000000,0.000000,
0.000000,0.000000,0.000000,0.000000,
0.000000,0.000000,0.000000,0.000000,
0.000000,0.000000,0.000000,0.000000,
0.000000,0.000000,0.000000,0.000000,
-0.306000,-0.409000,1.124000,0.715000,
-2.556000,-2.556000,4.397000,3.374000,
-5.011000,-8.692000,9.612000,6.033000,
-6.647000,-12.885000,16.157000,7.056000,
-8.794000,-7.976000,14.828000,8.283000,
-10.022000,-12.578000,10.431000,12.476000,
-13.396000,-17.078000,16.464000,14.112000,
-16.976000,-16.260000,22.702000,17.282000,
-16.771000,-16.771000,19.021000,16.976000,
-17.385000,-17.385000,19.430000,18.203000,
-19.709000,-21.037000,22.058000,19.811000,
-22.805000,-20.862000,24.645000,21.884000,
-24.952000,-23.827000,26.691000,23.418000,
-24.748000,-25.259000,28.225000,25.055000,
-25.837000,-26.041000,29.615000,28.186000,
-26.793000,-26.384000,25.975000,29.656000,
-28.225000,-29.043000,29.043000,31.702000,
-30.577000,32.300000,-30.153000,-31.175000,
31.121000,-30.228000,32.679000,-31.325000,
32.403000,32.709000,-31.380000,-31.175000,
29.846000,-32.724000,-29.028000,-29.744000,
25.244000,29.130000,-23.096000,-29.744000,
25.606000,28.976000,-20.398000,-26.832000,
25.244000,28.210000,-22.790000,-24.733000,
24.835000,26.471000,-21.460000,-22.278000,
23.199000,24.733000,-17.574000,-20.540000,
21.011000,23.462000,-16.517000,-20.296000,
20.642000,21.767000,-14.302000,-19.210000,
17.063000,21.460000,-14.302000,-17.165000,
18.392000,20.335000,-14.199000,-18.392000,
13.824000,19.138000,-14.298000,-14.014000,
11.922000,17.130000,-8.756000,-12.024000,
10.722000,16.347000,-3.666000,-10.211000,
9.597000,17.574000,-6.120000,-11.643000,
9.700000,15.938000,-3.359000,-11.745000,
3.956000,14.577000,-2.322000,-8.654000,
2.848000,12.972000,1.243000,-6.325000,
3.564000,13.483000,6.049000,-5.200000,
3.052000,13.586000,6.049000,-6.632000,
2.234000,11.847000,8.401000,-6.734000,
1.621000,11.234000,10.549000,-6.325000,
-3.595000,10.211000,7.276000,-1.723000,
1.723000,10.006000,7.379000,-1.416000,
-6.970000,8.677000,7.379000,0.936000,
-10.242000,9.291000,12.287000,-1.314000,
-13.208000,9.086000,14.844000,0.016000,
-12.185000,7.552000,19.139000,1.141000,
-13.003000,7.245000,18.117000,3.390000,
-15.969000,4.484000,23.230000,5.129000,
-17.094000,3.564000,23.843000,3.902000,
-17.298000,3.666000,22.207000,7.072000,
-23.843000,0.087000,26.911000,10.958000,
-19.139000,-0.425000,28.036000,9.322000,
-23.537000,-1.550000,27.014000,10.344000,
-19.651000,0.598000,24.866000,6.561000,
-21.900000,1.927000,24.559000,9.935000,
-25.149000,-0.231000,24.945000,10.341000,
-22.207000,1.007000,25.991000,8.401000,
-22.105000,1.212000,19.957000,6.561000,
-24.150000,2.030000,20.775000,9.526000,
-25.251000,1.097000,25.149000,10.750000,
-24.662000,1.927000,25.889000,8.708000,
-25.173000,1.723000,23.128000,7.686000,
-24.764000,1.007000,22.821000,9.322000,
-23.924000,1.301000,20.247000,11.465000,
-22.821000,0.189000,22.923000,9.322000,
-26.298000,0.905000,24.355000,8.606000,
-28.241000,0.087000,22.309000,11.674000,
-20.980000,-0.016000,20.673000,11.163000,
-24.764000,-0.220000,17.094000,10.344000,
-22.821000,-0.731000,24.048000,9.731000,
-21.594000,-0.527000,23.741000,7.788000,
-26.809000,-0.118000,15.355000,13.617000,
-29.468000,-2.368000,17.298000,14.946000,
-15.560000,1.723000,13.924000,6.254000,
-16.378000,3.461000,9.219000,4.106000,
-18.628000,1.212000,12.901000,9.219000,
-14.640000,4.177000,10.242000,5.742000,
-13.003000,7.859000,5.538000,0.322000,
-5.538000,9.291000,-0.598000,-2.030000,
-4.822000,8.575000,0.220000,-3.155000,
-7.242000,9.342000,1.366000,-1.856000,
-3.288000,13.279000,-3.359000,-5.098000,
1.825000,13.688000,-6.325000,-10.109000,
3.973000,15.733000,-6.734000,-13.586000,
3.052000,15.733000,-7.347000,-11.029000,
3.359000,17.165000,-9.188000,-10.109000,
7.245000,21.460000,-12.870000,-15.324000,
12.768000,23.505000,-15.017000,-19.926000,
14.813000,24.119000,-16.551000,-20.949000,
15.017000,24.119000,-16.551000,-22.278000,
14.813000,27.085000,-18.085000,-23.096000,
19.006000,29.335000,-22.176000,-26.676000,
23.914000,32.198000,-24.528000,-28.721000,
23.301000,31.993000,-24.221000,-28.925000,
23.505000,-31.190000,-26.880000,-30.050000,
30.610000,-27.777000,-29.181000,29.513000,
31.175000,-28.429000,-28.823000,29.554000,
28.005000,-26.282000,-30.562000,29.963000,
-32.315000,-24.134000,31.906000,24.441000,
-31.351000,-23.182000,30.637000,22.773000,
-29.414000,-21.733000,27.354000,22.763000,
-26.282000,-19.532000,26.077000,21.577000,
-25.020000,-17.361000,24.101000,18.994000,
-23.521000,-17.794000,24.543000,20.862000,
-21.884000,-14.623000,20.759000,17.078000,
-18.100000,-14.317000,18.919000,15.748000,
-18.994000,-13.684000,20.220000,15.931000,
-17.282000,-11.453000,17.998000,14.726000,
-13.294000,-10.737000,14.010000,12.680000,
-16.669000,-10.328000,16.669000,12.783000,
-12.783000,-9.408000,14.214000,11.555000,
-10.942000,-7.874000,10.124000,10.124000,
-8.385000,-6.647000,9.510000,7.260000,
-1.840000,-5.420000,3.272000,3.681000,
8.181000,-1.227000,1.533000,-4.806000,
8.897000,-2.249000,3.272000,-6.647000,
-1.636000,-0.409000,0.715000,1.227000,
2.556000,3.681000,-1.840000,-1.840000,
2.454000,2.045000,-0.920000,-0.613000,
1.022000,1.840000,0.102000,-1.431000,
1.738000,1.533000,-1.840000,-1.943000,
-1.227000,0.000000,0.102000,0.204000,
-0.204000,-0.204000,0.000000,-0.409000,
-0.408000,-0.612000,0.000000,0.204000,
0.000000,-0.306000,0.000000,0.409000,
0.102000,0.000000,0.306000,0.306000,
0.000000,0.000000,0.613000,0.409000,
0.000000,0.000000,0.306000,0.306000,
0.000000,0.000000,0.102000,0.306000,
0.000000,0.000000,0.102000,0.102000,
0.000000,0.000000,0.000000,0.102000,
0.000000,0.000000,0.000000,0.102000,
0.000000,0.000000,0.000000,0.000000,
0.000000,0.000000,0.000000,0.000000,
0.000000,0.000000,0.000000,0.102000,
0.000000,0.000000,0.102000,0.000000,
0.000000,0.000000,0.000000,0.102000,
0.000000,0.000000,0.000000,0.000000,
0.000000,0.000000,0.000000,0.000000,
0.000000,0.000000,0.102000,0.102000,
0.000000,0.000000,0.000000,0.000000,
0.000000,0.000000,0.000000,0.000000,
0.000000,0.000000,0.000000,0.000000,
0.000000,0.000000,0.000000,0.000000,
0.000000,0.000000,0.000000,0.000000,
0.000000,0.000000,0.000000,0.000000,
0.000000,0.000000,0.000000,0.000000,
0.000000,0.000000,0.000000,0.000000,
0.000000,0.000000,0.000000,0.102000,
0.000000,0.000000,0.000000,0.000000,
0.000000,0.000000,0.000000,0.000000,
0.000000,0.000000,0.000000,0.000000,
0.000000,0.000000,0.000000,0.000000,
0.000000,0.000000,0.000000,0.000000,
0.000000,0.000000,0.000000,0.000000,
0.000000,0.000000,0.000000,0.000000,
0.000000,0.000000,0.000000,0.000000,
0.000000,0.000000,0.000000,0.000000,
0.000000,0.000000,0.000000,0.000000,
0.000000,0.000000,0.000000,0.000000,
0.000000,0.000000,0.000000,0.000000,
0.000000,0.000000,0.000000,0.000000,
0.000000,0.000000,0.000000,0.000000,
0.000000,0.000000,0.000000,0.000000,
0.000000,0.000000,0.000000,0.000000,
0.000000,0.000000,0.000000,0.000000,
0.000000,0.000000,0.000000,0.000000,
0.000000,0.000000,0.000000,0.000000,
0.000000,0.000000,0.000000,0.000000,
0.000000,0.000000,0.000000,0.000000,
0.000000,0.000000,0.000000,0.000000,
0.000000,0.000000,0.000000,0.000000,
0.000000,0.000000,0.000000,0.000000,
0.000000,0.000000,0.000000,0.000000,
0.000000,0.000000,0.000000,0.000000,
0.000000,0.000000,0.000000,0.000000,
0.000000,0.000000,0.000000,0.000000,
0.000000,0.000000,0.000000,0.000000,
0.000000,0.000000,0.000000,0.000000,
0.000000,0.000000,0.000000,0.000000,
0.000000,0.000000,0.000000,0.000000,
0.000000,0.000000,0.000000,0.000000,
0.000000,0.000000,0.000000,0.000000,
0.000000,0.000000,0.000000,0.000000,
0.000000,0.000000,0.000000,0.000000,
0.000000,0.000000,0.000000,0.000000,
0.000000,0.000000,0.000000,0.000000,
0.000000,0.000000,0.000000,0.000000,
0.000000,0.000000,0.000000,0.000000,
0.000000,0.000000,0.000000,0.000000,
0.000000,0.000000,0.000000,0.000000,
0.000000,0.000000,0.000000,0.000000,
0.000000,0.000000,0.000000,0.000000,
0.000000,0.000000,0.000000,0.000000,
0.000000,0.000000,0.000000,0.000000,
0.000000,0.000000,0.000000,0.000000,
0.000000,0.000000,0.000000,0.000000,
0.000000,0.000000,0.000000,0.000000,
0.000000,0.000000,0.000000,0.000000,
0.000000,0.000000,0.000000,0.000000,
0.000000,0.000000,0.000000,0.000000,
0.000000,0.000000,0.000000,0.000000,
0.000000,0.000000,0.000000,0.000000,
0.000000,0.000000,0.000000,0.000000,
0.000000,0.000000,0.000000,0.000000,
0.000000,0.000000,0.000000,0.102000,
0.000000,0.000000,0.000000,0.000000,
0.000000,0.000000,0.000000,0.000000,
0.000000,0.000000,0.000000,0.000000,
0.000000,0.000000,0.000000,0.000000,
0.000000,0.000000,0.000000,0.000000,
0.000000,0.000000,0.000000,0.000000,
0.000000,0.000000,0.000000,0.000000,
0.000000,0.000000,0.000000,0.000000,
0.000000,0.000000,0.000000,0.000000,
0.000000,0.000000,0.000000,0.000000,
0.000000,0.000000,0.000000,0.000000,
0.850000,0.472000,-0.945000,-0.850000,
3.783000,2.147000,-3.886000,-3.681000,
10.328000,4.499000,-7.056000,-10.431000,
23.316000,6.135000,-7.158000,-19.328000,
22.671000,6.127000,-11.131000,-11.335000,
16.976000,9.817000,-8.181000,-16.260000,
21.884000,12.987000,-11.453000,-15.135000,
28.020000,13.089000,-15.033000,-19.839000,
-32.551000,16.646000,-15.522000,-20.322000,
27.202000,17.589000,-16.669000,-21.577000,
-32.300000,18.612000,-17.487000,-23.111000,
-30.664000,20.453000,-21.066000,-23.930000,
-30.917000,22.262000,-24.203000,-25.224000,
-24.221000,21.987000,-24.236000,-25.873000,
-26.676000,24.543000,-26.895000,-26.486000,
-25.346000,23.111000,-27.611000,-28.122000,
-22.440000,24.407000,-31.556000,-29.105000,
-17.063000,25.566000,32.403000,-32.315000,
-15.324000,26.998000,30.664000,30.869000,
-17.267000,27.816000,28.414000,-32.213000,
-14.066000,27.062000,27.138000,31.631000,
-16.449000,30.066000,22.381000,30.255000,
-5.302000,30.270000,20.540000,27.698000,
-3.666000,29.554000,15.938000,31.687000,
-5.079000,31.658000,19.070000,29.385000,
-2.950000,-32.300000,18.494000,27.494000,
-3.666000,-32.403000,14.915000,25.551000,
1.447000,-31.584000,11.643000,23.608000,
5.231000,-30.050000,9.188000,22.176000,
8.913000,-30.153000,9.291000,22.892000,
3.595000,-29.437000,6.938000,22.483000,
11.265000,-27.392000,6.325000,20.949000,
11.878000,-26.778000,1.109000,19.210000,
11.771000,-26.730000,3.037000,19.887000,
10.140000,-26.880000,2.746000,19.006000,
10.140000,-23.812000,-0.834000,16.960000,
19.393000,-24.578000,-1.880000,13.750000,
14.435000,-23.710000,-6.970000,16.960000,
22.003000,-22.994000,-6.152000,13.586000,
16.787000,-21.256000,-8.095000,12.154000,
23.741000,-20.847000,-8.299000,8.677000,
23.434000,-19.415000,-12.083000,8.575000,
25.173000,-18.188000,-11.367000,8.166000,
26.400000,-16.040000,-16.378000,7.859000,
28.241000,-14.404000,-14.230000,2.132000,
30.286000,-14.506000,-14.946000,-4.208000,
26.502000,-11.847000,-22.105000,3.359000,
32.638000,-11.847000,-21.287000,1.416000,
-30.852000,-9.291000,-22.003000,-2.675000,
32.741000,-6.427000,-23.741000,-3.390000,
-26.660000,-7.450000,-22.719000,-7.276000,
-25.228000,-2.950000,-27.423000,-7.992000,
-29.012000,-4.382000,-22.719000,-5.742000,
-32.591000,-3.052000,-21.287000,-7.992000,
-27.580000,-5.200000,-16.685000,-14.026000,
28.445000,-3.666000,-24.866000,-9.322000,
-31.159000,-0.087000,-31.207000,-5.947000,
30.797000,-1.416000,-22.719000,-7.686000,
28.445000,-1.518000,-18.730000,-7.481000,
26.196000,-0.905000,-21.491000,-8.606000,
31.616000,-1.212000,-21.594000,-8.810000,
31.820000,0.731000,-23.537000,-10.651000,
26.298000,0.936000,-17.810000,-11.674000,
27.014000,3.084000,-18.014000,-12.083000,
24.253000,1.652000,-17.094000,-11.469000,
26.707000,2.368000,-16.583000,-10.447000,
26.315000,2.929000,-18.989000,-13.824000,
27.423000,2.265000,-16.071000,-13.106000,
22.923000,2.981000,-16.276000,-12.287000,
21.185000,1.754000,-13.719000,-10.038000,
23.005000,2.682000,-15.243000,-12.894000,
26.196000,4.004000,-16.174000,-14.537000,
20.775000,1.959000,-13.310000,-11.163000,
17.605000,0.527000,-9.322000,-7.481000,
15.550000,-1.403000,-6.461000,-6.154000,
14.333000,-1.723000,-5.640000,-6.356000,
11.265000,-3.359000,-3.799000,-5.129000,
8.095000,-6.018000,1.007000,0.087000,
5.439000,-7.530000,3.445000,2.118000,
2.265000,-10.313000,6.018000,3.257000,
2.572000,-10.620000,5.814000,2.439000,
1.856000,-11.234000,5.916000,2.234000,
-1.825000,-12.154000,10.620000,6.836000,
-4.586000,-16.245000,15.836000,11.029000,
-7.859000,-18.801000,19.517000,10.722000,
-7.245000,-17.063000,18.699000,8.779000,
-10.415000,-18.392000,17.165000,11.643000,
-13.177000,-22.278000,22.176000,15.938000,
-16.245000,-27.494000,26.778000,20.847000,
-16.551000,-26.880000,26.982000,20.028000,
-18.290000,-25.653000,25.960000,20.949000,
-20.642000,-27.903000,27.289000,22.585000,
-23.914000,-30.153000,30.153000,24.017000,
-25.551000,-30.971000,32.096000,27.289000,
-28.312000,32.213000,-31.293000,28.312000,
-29.641000,30.066000,-28.736000,31.482000,
-31.687000,29.350000,-27.100000,-31.293000,
-31.891000,27.918000,-28.020000,-31.600000,
32.009000,27.202000,-27.202000,-29.554000,
27.611000,24.543000,-23.930000,-26.691000,
26.589000,22.907000,-22.191000,-26.077000,
24.441000,21.373000,-21.987000,-24.543000,
23.623000,20.862000,-21.168000,-24.032000,
20.628000,18.994000,-19.097000,-21.037000,
19.430000,17.282000,-17.180000,-19.123000,
19.021000,16.771000,-16.260000,-17.998000,
16.976000,14.010000,-15.442000,-16.669000,
16.339000,13.582000,-15.318000,-15.829000,
14.010000,11.249000,-13.089000,-13.192000,
14.214000,11.658000,-12.578000,-13.192000,
12.476000,10.328000,-11.044000,-10.124000,
10.416000,8.067000,-8.680000,-8.374000,
8.488000,6.135000,-2.863000,-8.692000,
5.420000,3.681000,-1.431000,-2.658000,
1.329000,-4.090000,6.851000,0.102000,
0.306000,-6.544000,7.260000,0.000000,
0.409000,-0.613000,4.397000,0.000000,
-1.329000,-1.636000,1.738000,3.170000,
-1.022000,-1.124000,1.738000,2.863000,
-0.613000,-1.329000,0.920000,1.431000,
0.000000,-0.818000,0.306000,0.102000,
-0.409000,-0.613000,-0.204000,-0.409000,
0.000000,-0.102000,-0.306000,-0.409000,
0.204000,0.204000,-0.102000,0.000000,
0.204000,0.306000,0.000000,0.000000,
0.000000,0.102000,0.000000,0.000000,
0.000000,0.000000,0.000000,0.000000,
0.000000,0.000000,0.000000,0.000000,
0.000000,0.000000,0.000000,0.000000,
0.000000,0.000000,0.000000,0.000000,
0.000000,0.000000,0.000000,0.000000,
0.000000,0.000000,0.000000,0.000000,
0.000000,0.000000,0.000000,0.000000,
0.000000,0.000000,0.000000,0.000000,
0.000000,0.000000,0.000000,0.000000,
0.000000,0.000000,0.000000,0.000000,
0.000000,0.000000,0.000000,0.000000,
0.000000,0.000000,0.000000,0.000000,
0.000000,0.000000,0.000000,0.000000,
0.000000,0.000000,0.000000,0.000000,
0.000000,0.000000,0.000000,0.000000,
0.000000,0.000000,0.000000,0.000000,
0.000000,0.000000,0.000000,0.000000,
0.000000,0.000000,0.000000,0.000000,
0.000000,0.000000,0.000000,0.000000,
0.000000,0.000000,0.000000,0.000000,
0.000000,0.000000,0.000000,0.000000,
0.000000,0.000000,0.000000,0.000000,
0.000000,0.000000,0.000000,0.000000,
0.000000,0.000000,0.000000,0.000000,
0.000000,0.000000,0.000000,0.000000,
0.000000,0.000000,0.000000,0.000000,
0.000000,0.000000,0.000000,0.000000,
0.000000,0.000000,0.000000,0.000000,
0.000000,0.000000,0.000000,0.000000,
0.000000,0.000000,0.000000,0.000000,
0.000000,0.000000,0.000000,0.000000,
0.000000,0.000000,0.000000,0.000000,
0.000000,0.000000,0.000000,0.000000,
0.000000,0.000000,0.000000,0.000000,
0.000000,0.000000,0.000000,0.000000,
0.000000,0.000000,0.000000,0.000000,
0.000000,0.000000,0.000000,0.000000,
0.000000,0.000000,0.000000,0.000000,
0.000000,0.000000,0.000000,0.000000,
0.000000,0.000000,0.000000,0.000000,
0.000000,0.000000,0.000000,0.000000,
0.000000,0.000000,0.000000,0.000000,
0.000000,0.000000,0.000000,0.000000,
0.000000,0.000000,0.000000,0.000000,
0.000000,0.000000,0.000000,0.000000,
0.000000,0.000000,0.000000,0.000000,
0.000000,0.000000,0.000000,0.000000,
0.000000,0.000000,0.000000,0.000000,
0.000000,0.000000,0.000000,0.000000,
0.000000,0.000000,0.000000,0.000000,
0.000000,0.000000,0.000000,0.000000,
0.000000,0.000000,0.000000,0.000000,
0.000000,0.000000,0.000000,0.000000,
0.000000,0.000000,0.000000,0.000000,
0.000000,0.000000,0.000000,0.000000,
0.000000,0.000000,0.000000,0.000000,
0.000000,0.000000,0.000000,0.000000,
0.000000,0.000000,0.000000,0.000000,
0.000000,0.000000,0.000000,0.000000,
0.000000,0.000000,0.000000,0.000000,
0.000000,0.000000,0.000000,0.000000,
0.000000,0.000000,0.000000,0.000000,
0.000000,0.000000,0.000000,0.000000,
0.000000,0.000000,0.000000,0.000000,
0.000000,0.000000,0.000000,0.000000,
0.000000,0.000000,0.000000,0.000000,
0.000000,0.000000,0.000000,0.000000,
0.000000,0.000000,0.000000,0.000000,
0.000000,0.000000,0.000000,0.000000,
0.000000,0.000000,0.000000,0.000000,
0.000000,0.000000,0.000000,0.000000,
0.000000,0.000000,0.000000,0.000000,
0.000000,0.000000,0.000000,0.000000,
0.000000,0.000000,0.000000,0.000000,
0.000000,0.000000,0.000000,0.000000,
0.000000,0.000000,0.000000,0.000000,
0.000000,0.000000,0.000000,0.000000,
0.000000,0.000000,0.000000,0.000000,
0.000000,0.000000,0.000000,0.000000,
0.000000,0.000000,0.000000,0.000000,
0.000000,0.000000,0.000000,0.000000,
0.000000,0.000000,0.000000,0.000000,
0.000000,0.000000,0.000000,0.000000,
0.000000,0.000000,0.000000,0.000000,
0.000000,0.000000,0.000000,0.000000,
0.000000,0.000000,0.000000,0.000000,
0.000000,0.000000,0.000000,0.000000,
0.000000,0.000000,0.000000,0.000000,
0.000000,0.000000,0.000000,0.000000,
0.000000,0.000000,0.000000,0.000000,
-1.022000,-0.511000,1.227000,0.409000,
-2.965000,-2.454000,5.829000,1.738000,
-5.931000,-11.351000,9.203000,5.420000,
-9.191000,-19.403000,17.769000,7.761000,
-10.431000,-11.862000,18.305000,6.749000,
-12.680000,-11.862000,10.431000,9.817000,
-15.442000,-14.419000,19.839000,15.748000,
-15.237000,-22.191000,24.748000,17.180000,
-19.225000,-16.362000,21.373000,16.464000,
-20.657000,-18.714000,22.498000,18.203000,
-19.737000,-20.759000,26.384000,21.782000,
-23.930000,-23.418000,29.247000,24.339000,
-23.009000,-24.339000,29.554000,26.589000,
-25.668000,-26.282000,28.020000,27.611000,
-27.100000,-28.225000,-32.096000,29.350000,
-30.270000,-29.554000,-31.175000,32.520000,
-32.418000,-32.520000,-32.709000,-32.403000,
-31.497000,32.403000,-31.789000,32.520000,
27.346000,-31.774000,-31.012000,-31.114000,
27.392000,29.028000,-27.187000,-27.801000,
27.903000,30.255000,-23.505000,-26.573000,
24.733000,28.925000,-20.131000,-24.835000,
25.142000,28.619000,-20.949000,-23.505000,
23.199000,27.392000,-21.256000,-22.381000,
22.687000,25.755000,-17.267000,-22.687000,
16.007000,24.074000,-16.619000,-20.500000,
18.903000,23.710000,-16.551000,-21.256000,
19.824000,22.483000,-14.608000,-18.903000,
15.938000,21.358000,-16.040000,-15.426000,
16.957000,19.624000,-11.337000,-14.671000,
13.658000,19.377000,-12.534000,-14.577000,
10.722000,16.551000,-9.802000,-12.256000,
9.086000,17.881000,-5.711000,-12.972000,
6.836000,16.040000,-6.938000,-10.518000,
8.552000,14.985000,-2.118000,-8.041000,
7.347000,15.426000,-0.598000,-7.757000,
2.439000,13.688000,2.265000,-6.836000,
-0.731000,11.745000,5.742000,-6.325000,
3.359000,10.518000,7.992000,-4.791000,
5.711000,12.052000,8.810000,-6.427000,
-0.629000,9.904000,4.720000,-1.314000,
-2.777000,6.120000,9.629000,0.425000,
-7.890000,3.854000,12.792000,-0.994000,
-10.344000,7.041000,8.504000,1.141000,
-7.379000,8.472000,12.083000,1.447000,
-11.572000,6.018000,17.196000,3.697000,
-15.867000,4.791000,22.514000,4.413000,
-18.014000,3.461000,22.003000,4.208000,
-17.094000,1.007000,22.821000,7.686000,
-14.946000,3.052000,24.764000,8.401000,
-25.275000,0.393000,25.275000,10.140000,
-22.086000,-2.274000,29.132000,9.933000,
-23.332000,-5.845000,28.957000,13.003000,
-26.400000,-3.902000,31.002000,15.151000,
-23.332000,0.291000,30.593000,11.265000,
-20.673000,1.927000,22.105000,6.867000,
-17.912000,2.132000,21.594000,8.606000,
-27.014000,1.109000,25.071000,12.287000,
-28.854000,1.109000,29.877000,11.572000,
-22.698000,3.650000,26.068000,7.278000,
-23.025000,3.359000,21.696000,7.174000,
-26.196000,2.030000,23.434000,10.447000,
-24.150000,1.927000,27.730000,10.856000,
-28.111000,1.403000,22.290000,10.035000,
-23.332000,2.643000,22.719000,6.867000,
-24.662000,2.234000,20.571000,9.629000,
