    0.000,    0.000,    0.000,    0.000,
    0.000,    0.000,    0.000,    0.000,
    0.000,    0.000,    0.000,    0.000,
    0.000,    0.000,    0.000,    0.000,
    0.000,    0.000,    0.000,    0.000,
    0.000,    0.000,    0.000,    0.000,
    0.000,    0.000,    0.000,    0.000,
    0.000,   -0.010,    0.000,   -0.010,
    0.000,   -0.010,    0.000,   -0.010,
    0.000,   -0.010,    0.000,   -0.010,
    0.000,   -0.010,    0.000,   -0.010,
    0.000,   -0.020,    0.000,   -0.020,
    0.000,   -0.030,    0.000,   -0.030,
    0.000,   -0.030,    0.000,   -0.030,
    0.000,   -0.030,    0.000,   -0.030,
    0.000,   -0.030,    0.000,   -0.030,
    0.000,   -0.040,    0.000,   -0.040,
    0.000,   -0.050,    0.000,   -0.050,
   -0.010,   -0.050,   -0.010,   -0.050,
   -0.020,   -0.040,   -0.020,   -0.040,
   -0.020,   -0.060,   -0.020,   -0.060,
   -0.020,   -0.080,   -0.020,   -0.080,
   -0.020,   -0.070,   -0.020,   -0.070,
   -0.020,   -0.070,   -0.020,   -0.070,
    0.000,   -0.090,   -0.010,   -0.090,
    0.000,   -0.100,    0.000,   -0.100,
    0.000,   -0.090,    0.000,   -0.090,
    0.000,   -0.090,    0.000,   -0.090,
    0.000,   -0.090,    0.000,   -0.090,
    0.000,   -0.090,    0.000,   -0.090,
    0.000,   -0.090,    0.000,   -0.090,
    0.000,   -0.090,    0.000,   -0.090,
    0.000,   -0.090,    0.000,   -0.090,
    0.000,   -0.100,    0.000,   -0.100,
    0.000,   -0.090,    0.000,   -0.090,
    0.000,   -0.090,    0.010,   -0.090,
    0.010,   -0.080,    0.010,   -0.080,
    0.000,   -0.100,    0.000,   -0.100,
    0.000,   -0.110,    0.000,   -0.110,
    0.000,   -0.110,    0.000,   -0.110,
    0.000,   -0.130,    0.000,   -0.130,
   -0.010,   -0.160,   -0.010,   -0.160,
   -0.020,   -0.230,   -0.030,   -0.230,
   -0.030,   -0.320,   -0.040,   -0.320,
    0.010,   -0.360,    0.010,   -0.360,
    0.020,   -0.390,    0.020,   -0.390,
    0.010,   -0.420,    0.000,   -0.420,
    0.000,   -0.450,    0.000,   -0.450,
    0.000,   -0.460,    0.000,   -0.460,
    0.000,   -0.480,    0.000,   -0.480,
   -0.010,   -0.480,   -0.010,   -0.480,
   -0.020,   -0.500,   -0.020,   -0.500,
    0.000,   -0.490,    0.000,   -0.490,
    0.000,   -0.510,    0.000,   -0.510,
    0.010,   -0.510,    0.010,   -0.510,
    0.020,   -0.520,    0.020,   -0.520,
    0.060,   -0.520,    0.060,   -0.520,
    0.050,   -0.510,    0.050,   -0.510,
    0.040,   -0.520,    0.040,   -0.520,
    0.040,   -0.520,    0.040,   -0.520,
    0.030,   -0.530,    0.030,   -0.530,
    0.010,   -0.540,    0.010,   -0.540,
    0.010,   -0.580,    0.010,   -0.580,
    0.000,   -0.620,    0.000,   -0.620,
    0.010,   -0.670,    0.010,   -0.670,
    0.020,   -0.700,    0.020,   -0.700,
    0.000,   -0.770,    0.000,   -0.770,
    0.000,   -0.830,    0.000,   -0.830,
   -0.010,   -0.920,   -0.010,   -0.920,
    0.000,   -1.010,    0.000,   -1.010,
    0.000,   -1.060,    0.000,   -1.060,
    0.020,   -1.060,    0.020,   -1.060,
    0.000,   -1.100,    0.000,   -1.100,
    0.010,   -1.130,    0.010,   -1.130,
    0.000,   -1.150,    0.000,   -1.150,
    0.020,   -1.150,    0.020,   -1.150,
   -0.010,   -1.160,   -0.010,   -1.160,
   -0.030,   -1.160,   -0.030,   -1.160,
   -0.050,   -1.180,   -0.050,   -1.180,
   -0.100,   -1.150,   -0.100,   -1.150,
   -0.130,   -1.140,   -0.120,   -1.140,
   -0.170,   -1.140,   -0.170,   -1.140,
   -0.190,   -1.140,   -0.190,   -1.140,
   -0.240,   -1.130,   -0.240,   -1.130,
   -0.250,   -1.130,   -0.250,   -1.130,
   -0.260,   -1.100,   -0.260,   -1.100,
   -0.270,   -1.100,   -0.270,   -1.100,
   -0.290,   -1.080,   -0.290,   -1.080,
   -0.270,   -1.100,   -0.280,   -1.100,
   -0.260,   -1.080,   -0.260,   -1.080,
   -0.260,   -1.090,   -0.270,   -1.090,
   -0.250,   -1.090,   -0.260,   -1.090,
   -0.240,   -1.080,   -0.240,   -1.080,
   -0.200,   -1.080,   -0.210,   -1.080,
   -0.190,   -1.090,   -0.200,   -1.090,
   -0.190,   -1.090,   -0.190,   -1.090,
   -0.170,   -1.110,   -0.170,   -1.110,
   -0.150,   -1.100,   -0.150,   -1.100,
   -0.140,   -1.120,   -0.140,   -1.120,
   -0.150,   -1.130,   -0.150,   -1.130,
   -0.170,   -1.110,   -0.170,   -1.110,
   -0.150,   -1.110,   -0.150,   -1.110,
   -0.140,   -1.120,   -0.140,   -1.120,
   -0.140,   -1.120,   -0.140,   -1.120,
   -0.100,   -1.100,   -0.100,   -1.100,
   -0.090,   -0.960,   -0.090,   -0.960,
   -0.070,   -0.700,   -0.070,   -0.700,
   -0.080,   -0.570,   -0.080,   -0.570,
   -0.070,   -0.450,   -0.080,   -0.450,
   -0.070,   -0.360,   -0.070,   -0.360,
   -0.060,   -0.290,   -0.060,   -0.290,
   -0.040,   -0.210,   -0.040,   -0.210,
   -0.060,   -0.130,   -0.060,   -0.130,
   -0.040,   -0.080,   -0.040,   -0.080,
   -0.020,   -0.080,   -0.020,   -0.080,
    0.000,   -0.060,    0.000,   -0.060,
    0.000,   -0.060,    0.000,   -0.060,
   -0.010,   -0.210,   -0.010,   -0.210,
   -0.040,   -0.590,   -0.060,   -0.590,
    0.000,   -1.080,    0.000,   -1.080,
   -0.170,   -1.400,   -0.200,   -1.400,
   -0.210,   -1.700,   -0.240,   -1.700,
   -0.110,   -1.960,   -0.170,   -1.960,
   -0.090,   -2.170,   -0.150,   -2.170,
   -0.280,   -2.240,   -0.340,   -2.240,
   -0.170,   -2.350,   -0.230,   -2.350,
   -0.190,   -2.360,   -0.230,   -2.360,
   -0.320,   -2.340,   -0.370,   -2.340,
   -0.260,   -2.470,   -0.290,   -2.470,
   -0.390,   -2.420,   -0.430,   -2.420,
   -0.460,   -2.430,   -0.510,   -2.430,
   -0.430,   -2.440,   -0.480,   -2.440,
   -0.390,   -2.450,   -0.430,   -2.450,
   -0.350,   -2.360,   -0.370,   -2.360,
   -0.430,   -2.210,   -0.440,   -2.210,
   -0.510,   -1.920,   -0.520,   -1.920,
   -0.530,   -1.540,   -0.540,   -1.540,
   -0.350,   -0.970,   -0.370,   -0.970,
   -0.190,   -0.460,   -0.230,   -0.460,
   -0.190,   -0.300,   -0.210,   -0.300,
   -0.220,   -0.240,   -0.230,   -0.240,
   -0.320,   -0.280,   -0.320,   -0.280,
   -0.310,   -0.260,   -0.320,   -0.260,
   -0.240,   -0.210,   -0.240,   -0.210,
   -0.110,   -0.130,   -0.110,   -0.130,
   -0.070,   -0.070,   -0.070,   -0.070,
   -0.010,   -0.030,   -0.010,   -0.030,
    0.000,    0.000,    0.000,    0.000,
    0.000,    0.000,    0.000,    0.000,
    0.000,    0.000,    0.000,    0.000,
    0.000,    0.000,    0.000,    0.000,
    0.000,    0.080,    0.000,    0.080,
    0.000,    0.230,    0.000,    0.230,
    0.020,    0.420,    0.020,    0.420,
    0.060,    0.580,    0.080,    0.580,
    0.150,    0.770,    0.160,    0.770,
    0.180,    0.860,    0.190,    0.860,
    0.260,    1.050,    0.270,    1.050,
    0.260,    1.190,    0.260,    1.190,
    0.360,    1.250,    0.360,    1.250,
    0.350,    1.320,    0.340,    1.320,
    0.330,    1.390,    0.330,    1.390,
    0.340,    1.440,    0.350,    1.440,
    0.360,    1.520,    0.350,    1.520,
    0.390,    1.600,    0.380,    1.600,
    0.310,    1.660,    0.310,    1.660,
    0.280,    1.760,    0.290,    1.760,
    0.300,    1.820,    0.310,    1.820,
    0.300,    1.960,    0.300,    1.960,
    0.370,    2.220,    0.370,    2.220,
    0.390,    2.460,    0.390,    2.460,
    0.470,    2.630,    0.460,    2.630,
    0.470,    2.680,    0.460,    2.680,
    0.560,    2.720,    0.540,    2.720,
    0.410,    2.730,    0.410,    2.730,
    0.510,    2.720,    0.510,    2.720,
    0.520,    2.790,    0.520,    2.790,
    0.440,    2.830,    0.450,    2.830,
    0.520,    2.670,    0.520,    2.670,
    0.550,    2.470,    0.540,    2.470,
    0.550,    2.330,    0.550,    2.330,
    0.620,    2.280,    0.610,    2.280,
    0.570,    2.170,    0.570,    2.170,
    0.640,    2.040,    0.640,    2.040,
    0.580,    1.820,    0.570,    1.820,
    0.520,    1.680,    0.500,    1.680,
    0.390,    1.440,    0.390,    1.440,
    0.450,    1.340,    0.420,    1.340,
    0.530,    1.120,    0.520,    1.120,
    0.400,    0.890,    0.360,    0.890,
    0.480,    0.600,    0.460,    0.600,
    0.430,    0.470,    0.420,    0.470,
    0.470,    0.410,    0.470,    0.410,
    0.320,    0.300,    0.320,    0.300,
    0.240,    0.210,    0.250,    0.210,
    0.100,    0.130,    0.100,    0.130,
    0.040,    0.070,    0.040,    0.070,
    0.000,    0.000,    0.000,    0.000,
   -0.010,   -0.040,   -0.010,   -0.040,
   -0.010,   -0.060,   -0.010,   -0.060,
   -0.010,   -0.070,   -0.010,   -0.070,
    0.020,   -0.220,    0.030,   -0.220,
    0.110,   -0.490,    0.130,   -0.490,
    0.070,   -0.910,    0.110,   -0.910,
    0.070,   -1.190,    0.120,   -1.190,
   -0.040,   -1.360,   -0.020,   -1.360,
   -0.200,   -1.500,   -0.200,   -1.500,
   -0.150,   -1.610,   -0.150,   -1.610,
   -0.160,   -1.750,   -0.170,   -1.750,
   -0.160,   -1.860,   -0.190,   -1.860,
    0.000,   -1.890,   -0.010,   -1.890,
    0.020,   -2.010,    0.030,   -2.010,
    0.000,   -2.130,   -0.010,   -2.130,
   -0.010,   -2.190,   -0.020,   -2.190,
    0.050,   -2.220,    0.050,   -2.220,
    0.010,   -2.290,    0.010,   -2.290,
    0.100,   -2.290,    0.100,   -2.290,
    0.100,   -2.330,    0.110,   -2.330,
    0.090,   -2.360,    0.090,   -2.360,
    0.100,   -2.390,    0.100,   -2.390,
    0.040,   -2.440,    0.040,   -2.440,
    0.090,   -2.440,    0.090,   -2.440,
    0.090,   -2.450,    0.100,   -2.450,
    0.130,   -2.450,    0.130,   -2.450,
    0.100,   -2.440,    0.100,   -2.440,
    0.150,   -2.450,    0.150,   -2.450,
    0.120,   -2.480,    0.120,   -2.480,
    0.160,   -2.460,    0.160,   -2.460,
    0.180,   -2.410,    0.180,   -2.410,
    0.220,   -2.280,    0.220,   -2.280,
    0.240,   -2.120,    0.240,   -2.120,
    0.260,   -1.910,    0.260,   -1.910,
    0.250,   -1.690,    0.250,   -1.690,
    0.250,   -1.480,    0.260,   -1.480,
    0.260,   -1.160,    0.270,   -1.160,
    0.280,   -0.860,    0.280,   -0.860,
    0.260,   -0.710,    0.270,   -0.710,
    0.270,   -0.610,    0.280,   -0.610,
    0.270,   -0.530,    0.270,   -0.530,
    0.250,   -0.430,    0.250,   -0.430,
    0.230,   -0.230,    0.230,   -0.230,
    0.160,   -0.160,    0.160,   -0.160,
    0.090,   -0.100,    0.090,   -0.100,
    0.040,   -0.040,    0.040,   -0.040,
    0.000,   -0.010,    0.000,   -0.010,
    0.000,    0.000,    0.000,    0.000,
    0.000,    0.000,    0.000,    0.000,
    0.000,    0.060,    0.000,    0.060,
    0.000,    0.300,    0.000,    0.300,
    0.070,    0.910,    0.070,    0.910,
    0.180,    1.160,    0.180,    1.160,
    0.130,    1.220,    0.150,    1.220,
    0.160,    1.210,    0.170,    1.210,
    0.230,    1.220,    0.220,    1.220,
    0.290,    1.290,    0.280,    1.290,
    0.190,    1.290,    0.190,    1.290,
    0.180,    1.330,    0.190,    1.330,
    0.230,    1.400,    0.230,    1.400,
    0.240,    1.540,    0.240,    1.540,
    0.270,    1.710,    0.270,    1.710,
    0.280,    1.850,    0.280,    1.850,
    0.270,    1.910,    0.270,    1.910,
    0.400,    2.120,    0.390,    2.120,
    0.390,    2.220,    0.380,    2.220,
    0.390,    2.260,    0.380,    2.260,
    0.400,    2.300,    0.390,    2.300,
    0.330,    2.340,    0.330,    2.340,
    0.400,    2.360,    0.400,    2.360,
    0.420,    2.370,    0.420,    2.370,
    0.410,    2.400,    0.410,    2.400,
    0.450,    2.430,    0.450,    2.430,
    0.410,    2.430,    0.410,    2.430,
    0.450,    2.460,    0.450,    2.460,
    0.470,    2.460,    0.460,    2.460,
    0.450,    2.480,    0.460,    2.480,
    0.440,    2.500,    0.440,    2.500,
    0.430,    2.510,    0.440,    2.510,
    0.400,    2.520,    0.400,    2.520,
    0.430,    2.520,    0.430,    2.520,
    0.430,    2.530,    0.440,    2.530,
    0.400,    2.520,    0.410,    2.520,
    0.430,    2.510,    0.430,    2.510,
    0.400,    2.500,    0.410,    2.500,
    0.490,    2.450,    0.480,    2.450,
    0.470,    2.330,    0.460,    2.330,
    0.460,    2.190,    0.460,    2.190,
    0.390,    1.930,    0.390,    1.930,
    0.390,    1.670,    0.380,    1.670,
    0.300,    1.230,    0.280,    1.230,
    0.300,    1.060,    0.280,    1.060,
    0.300,    0.820,    0.270,    0.820,
    0.260,    0.490,    0.230,    0.490,
    0.290,    0.400,    0.270,    0.400,
    0.350,    0.370,    0.350,    0.370,
    0.270,    0.250,    0.270,    0.250,
    0.210,    0.190,    0.210,    0.190,
    0.110,    0.080,    0.110,    0.080,
    0.030,    0.020,    0.030,    0.020,
    0.000,   -0.030,    0.000,   -0.030,
   -0.020,   -0.050,   -0.020,   -0.050,
   -0.010,   -0.040,   -0.010,   -0.040,
   -0.020,   -0.040,   -0.020,   -0.040,
   -0.020,   -0.070,   -0.020,   -0.070,
   -0.140,   -0.120,   -0.140,   -0.120,
   -0.350,   -0.170,   -0.360,   -0.170,
   -0.820,   -0.280,   -0.830,   -0.280,
   -1.110,   -0.350,   -1.120,   -0.350,
   -1.370,   -0.360,   -1.380,   -0.360,
   -1.460,   -0.290,   -1.510,   -0.290,
   -1.520,   -0.260,   -1.580,   -0.260,
   -1.520,   -0.320,   -1.570,   -0.320,
   -1.600,   -0.370,   -1.630,   -0.370,
   -1.690,   -0.330,   -1.740,   -0.330,
   -1.740,   -0.330,   -1.790,   -0.330,
   -1.750,   -0.340,   -1.770,   -0.340,
   -1.790,   -0.300,   -1.830,   -0.300,
   -1.750,   -0.310,   -1.780,   -0.310,
   -1.420,   -0.260,   -1.450,   -0.260,
   -0.880,   -0.160,   -0.890,   -0.160,
   -0.740,   -0.140,   -0.750,   -0.140,
   -0.670,   -0.190,   -0.670,   -0.190,
   -0.630,   -0.250,   -0.630,   -0.250,
   -0.630,   -0.300,   -0.630,   -0.300,
   -0.660,   -0.340,   -0.670,   -0.340,
   -0.720,   -0.390,   -0.720,   -0.390,
   -0.720,   -0.420,   -0.730,   -0.420,
   -0.850,   -0.420,   -0.860,   -0.420,
   -0.950,   -0.430,   -0.960,   -0.430,
   -0.990,   -0.450,   -1.000,   -0.450,
   -1.040,   -0.440,   -1.040,   -0.440,
   -1.060,   -0.430,   -1.060,   -0.430,
   -1.090,   -0.430,   -1.100,   -0.430,
   -1.070,   -0.450,   -1.080,   -0.450,
   -1.140,   -0.500,   -1.140,   -0.500,
   -1.220,   -0.460,   -1.220,   -0.460,
   -1.240,   -0.490,   -1.240,   -0.490,
   -1.350,   -0.580,   -1.330,   -0.580,
   -1.450,   -0.550,   -1.420,   -0.550,
   -1.600,   -0.600,   -1.570,   -0.600,
   -1.790,   -0.670,   -1.720,   -0.670,
   -1.870,   -0.730,   -1.790,   -0.730,
   -1.850,   -0.720,   -1.780,   -0.720,
   -1.870,   -0.790,   -1.790,   -0.790,
   -2.070,   -0.860,   -1.950,   -0.860,
   -2.070,   -0.770,   -1.950,   -0.770,
   -2.110,   -0.820,   -1.960,   -0.820,
   -2.120,   -0.730,   -1.970,   -0.730,
   -2.100,   -0.750,   -1.940,   -0.750,
   -2.160,   -0.800,   -1.970,   -0.800,
   -2.060,   -0.480,   -1.900,   -0.480,
   -1.720,   -0.440,   -1.550,   -0.440,
   -0.360,   -0.660,   -0.310,   -0.660,
    0.000,   -0.230,    0.010,   -0.230,
    0.070,   -0.160,    0.070,   -0.160,
    0.070,   -0.100,    0.060,   -0.100,
    0.020,   -0.020,    0.020,   -0.020,
    0.000,    0.000,    0.000,    0.000,
   -0.010,    0.010,   -0.010,    0.010,
    0.000,    0.000,    0.000,    0.000,
    0.000,    0.000,    0.000,    0.000,
    0.000,    0.000,    0.000,    0.000,
    0.010,    0.000,    0.010,    0.000,
    0.000,    0.000,    0.000,    0.000,
    0.000,    0.000,    0.000,    0.000,
    0.000,    0.000,    0.000,    0.000,
    0.010,    0.000,    0.010,    0.000,
    0.010,    0.000,    0.010,    0.000,
    0.000,    0.000,    0.000,    0.000,
    0.000,    0.000,    0.000,    0.000,
    0.000,    0.000,    0.000,    0.000,
    0.000,    0.000,    0.000,    0.000,
    0.130,    0.010,    0.130,    0.010,
    0.790,    0.000,    0.780,    0.000,
    1.670,    0.030,    1.670,    0.030,
    2.270,    0.080,    2.300,    0.080,
    2.310,    0.080,    2.370,    0.080,
    2.150,    0.110,    2.220,    0.110,
    2.010,    0.150,    2.090,    0.150,
    1.890,    0.170,    1.970,    0.170,
    1.830,    0.130,    1.910,    0.130,
    1.870,    0.190,    1.950,    0.190,
    1.920,    0.190,    2.000,    0.190,
    1.860,    0.160,    1.940,    0.160,
    1.820,    0.130,    1.890,    0.130,
    1.810,    0.120,    1.880,    0.120,
    1.790,    0.170,    1.870,    0.170,
    1.820,    0.210,    1.910,    0.210,
    1.590,    0.190,    1.670,    0.190,
    1.010,    0.170,    1.050,    0.170,
    0.460,    0.180,    0.470,    0.180,
    0.250,    0.140,    0.250,    0.140,
    0.150,    0.100,    0.150,    0.100,
    0.070,    0.050,    0.070,    0.050,
    0.010,    0.000,    0.000,    0.000,
   -0.020,   -0.010,   -0.020,   -0.010,
   -0.130,   -0.010,   -0.130,   -0.010,
   -0.740,   -0.030,   -0.750,   -0.030,
   -1.290,   -0.020,   -1.300,   -0.020,
   -1.380,   -0.040,   -1.390,   -0.040,
   -1.380,   -0.080,   -1.380,   -0.080,
   -1.420,   -0.130,   -1.410,   -0.130,
   -1.420,   -0.020,   -1.420,   -0.020,
   -1.430,   -0.010,   -1.430,   -0.010,
   -1.420,    0.060,   -1.460,    0.060,
   -1.400,   -0.020,   -1.420,   -0.020,
   -1.410,   -0.020,   -1.440,   -0.020,
   -1.470,   -0.060,   -1.490,   -0.060,
   -1.500,   -0.050,   -1.520,   -0.050,
   -1.520,   -0.070,   -1.530,   -0.070,
   -1.570,   -0.060,   -1.570,   -0.060,
   -1.580,    0.010,   -1.600,    0.010,
   -1.700,    0.030,   -1.740,    0.030,
   -1.820,    0.070,   -1.880,    0.070,
   -1.990,    0.110,   -2.070,    0.110,
   -2.060,    0.090,   -2.150,    0.090,
   -2.050,    0.020,   -2.120,    0.020,
   -2.080,    0.080,   -2.180,    0.080,
   -2.160,    0.000,   -2.230,    0.000,
   -2.280,    0.100,   -2.380,    0.100,
   -2.300,    0.130,   -2.400,    0.130,
   -2.290,    0.210,   -2.430,    0.210,
   -2.210,    0.250,   -2.370,    0.250,
   -1.800,    0.160,   -1.920,    0.160,
   -0.410,    0.050,   -0.470,    0.050,
   -0.190,    0.110,   -0.200,    0.110,
   -0.050,    0.060,   -0.050,    0.060,
   -0.010,    0.010,   -0.010,    0.010,
    0.000,    0.000,    0.000,    0.000,
    0.000,    0.000,    0.000,    0.000,
    0.000,    0.000,    0.000,    0.000,
    0.000,    0.000,    0.000,    0.000,
    0.000,    0.000,    0.000,    0.000,
    0.000,    0.000,    0.000,    0.000,
    0.000,    0.000,    0.000,    0.000,
    0.000,    0.000,    0.000,    0.000,
    0.000,    0.000,    0.000,    0.000,
    0.010,    0.000,    0.010,    0.000,
    0.000,    0.000,    0.000,    0.000,
    0.000,    0.000,    0.000,    0.000,
    0.010,    0.000,    0.010,    0.000,
    0.190,    0.010,    0.190,    0.010,
    0.820,    0.150,    0.860,    0.150,
    1.090,    0.110,    1.130,    0.110,
    1.190,    0.080,    1.240,    0.080,
    1.200,    0.000,    1.230,    0.000,
    1.230,    0.050,    1.290,    0.050,
    1.270,   -0.040,    1.300,   -0.040,
    1.260,   -0.010,    1.290,   -0.010,
    1.320,    0.040,    1.350,    0.040,
    1.360,    0.030,    1.380,    0.030,
    1.280,    0.080,    1.310,    0.080,
    1.320,    0.090,    1.370,    0.090,
    1.390,    0.080,    1.440,    0.080,
    1.470,    0.090,    1.530,    0.090,
    1.560,    0.210,    1.620,    0.210,
    1.620,    0.230,    1.700,    0.230,
    1.600,    0.170,    1.670,    0.170,
    1.520,    0.110,    1.580,    0.110,
    1.540,    0.150,    1.610,    0.150,
    1.560,    0.150,    1.630,    0.150,
    1.480,    0.100,    1.540,    0.100,
    1.480,    0.120,    1.540,    0.120,
    1.390,    0.030,    1.420,    0.030,
    1.090,    0.020,    1.100,    0.020,
    0.600,    0.160,    0.610,    0.160,
    0.360,    0.200,    0.360,    0.200,
    0.200,    0.130,    0.200,    0.130,
    0.130,    0.090,    0.120,    0.090,
    0.020,    0.040,    0.020,    0.040,
    0.000,    0.000,    0.000,    0.000,
    0.000,   -0.010,    0.000,   -0.010,
    0.000,    0.000,    0.000,    0.000,
    0.000,    0.000,    0.000,    0.000,
   -0.110,    0.000,   -0.110,    0.000,
   -0.190,    0.000,   -0.190,    0.000,
   -0.350,    0.000,   -0.350,    0.000,
   -0.350,    0.000,   -0.370,    0.000,
   -0.380,   -0.020,   -0.390,   -0.020,
   -0.460,   -0.040,   -0.470,   -0.040,
   -0.510,   -0.030,   -0.520,   -0.030,
   -0.540,   -0.010,   -0.540,   -0.010,
   -0.510,   -0.030,   -0.520,   -0.030,
   -0.570,   -0.020,   -0.580,   -0.020,
   -0.840,    0.000,   -0.840,    0.000,
   -0.970,    0.000,   -0.980,    0.000,
   -1.020,    0.000,   -1.020,    0.000,
   -1.110,    0.020,   -1.130,    0.020,
   -1.170,    0.010,   -1.200,    0.010,
   -1.160,    0.000,   -1.160,    0.000,
   -1.100,   -0.050,   -1.090,   -0.050,
   -1.070,   -0.150,   -1.060,   -0.150,
   -1.150,   -0.140,   -1.120,   -0.140,
   -1.350,   -0.190,   -1.320,   -0.190,
   -1.460,   -0.210,   -1.430,   -0.210,
   -1.570,   -0.170,   -1.540,   -0.170,
   -1.520,   -0.030,   -1.500,   -0.030,
   -1.430,    0.030,   -1.440,    0.030,
   -1.460,   -0.040,   -1.460,   -0.040,
   -1.670,   -0.120,   -1.650,   -0.120,
   -1.810,   -0.110,   -1.780,   -0.110,
   -1.800,   -0.120,   -1.770,   -0.120,
   -1.790,   -0.060,   -1.770,   -0.060,
   -1.840,   -0.130,   -1.800,   -0.130,
   -1.830,   -0.080,   -1.800,   -0.080,
   -1.810,   -0.060,   -1.780,   -0.060,
   -1.840,   -0.090,   -1.810,   -0.090,
   -1.930,   -0.150,   -1.890,   -0.150,
   -1.900,   -0.090,   -1.870,   -0.090,
   -1.870,   -0.100,   -1.850,   -0.100,
   -1.770,   -0.140,   -1.730,   -0.140,
   -1.620,   -0.160,   -1.580,   -0.160,
   -1.500,   -0.190,   -1.470,   -0.190,
   -1.460,   -0.200,   -1.430,   -0.200,
   -1.420,   -0.210,   -1.390,   -0.210,
   -1.350,   -0.180,   -1.330,   -0.180,
   -1.090,   -0.170,   -1.080,   -0.170,
   -0.590,   -0.160,   -0.600,   -0.160,
   -0.430,   -0.140,   -0.420,   -0.140,
   -0.300,   -0.100,   -0.300,   -0.100,
   -0.210,   -0.090,   -0.210,   -0.090,
   -0.130,   -0.050,   -0.130,   -0.050,
   -0.040,   -0.030,   -0.040,   -0.030,
    0.010,    0.000,    0.010,    0.000,
    0.010,    0.010,    0.010,    0.010,
    0.010,    0.010,    0.010,    0.010,
    0.040,    0.010,    0.040,    0.010,
    0.220,    0.000,    0.230,    0.000,
    0.540,    0.030,    0.550,    0.030,
    0.790,    0.070,    0.820,    0.070,
    0.860,    0.090,    0.890,    0.090,
    0.910,    0.070,    0.940,    0.070,
    0.900,    0.020,    0.920,    0.020,
    0.870,    0.000,    0.900,    0.000,
    0.900,   -0.030,    0.910,   -0.030,
    0.900,    0.010,    0.910,    0.010,
    0.930,    0.010,    0.930,    0.010,
    0.970,    0.040,    0.980,    0.040,
    1.010,    0.020,    1.010,    0.020,
    1.000,    0.020,    1.000,    0.020,
    1.020,    0.040,    1.030,    0.040,
    1.020,    0.000,    1.020,    0.000,
    1.060,    0.000,    1.060,    0.000,
    1.080,    0.000,    1.080,    0.000,
    1.160,    0.000,    1.160,    0.000,
    1.230,   -0.020,    1.220,   -0.020,
    1.250,    0.000,    1.240,    0.000,
    1.240,    0.010,    1.240,    0.010,
    1.270,    0.020,    1.260,    0.020,
    1.280,    0.000,    1.280,    0.000,
    1.290,    0.000,    1.290,    0.000,
    1.280,    0.010,    1.280,    0.010,
    1.300,    0.010,    1.300,    0.010,
    1.330,    0.010,    1.330,    0.010,
    1.330,    0.010,    1.330,    0.010,
    1.330,    0.000,    1.320,    0.000,
    1.330,    0.000,    1.330,    0.000,
    1.360,    0.010,    1.370,    0.010,
    1.410,    0.010,    1.410,    0.010,
    1.440,    0.050,    1.430,    0.050,
    1.600,    0.070,    1.610,    0.070,
    1.570,    0.060,    1.580,    0.060,
    1.570,    0.050,    1.570,    0.050,
    1.590,    0.030,    1.600,    0.030,
    1.580,    0.020,    1.590,    0.020,
    1.560,    0.000,    1.560,    0.000,
    1.600,    0.020,    1.580,    0.020,
    1.610,    0.030,    1.610,    0.030,
    1.610,    0.020,    1.620,    0.020,
    1.610,    0.010,    1.620,    0.010,
    1.640,    0.030,    1.640,    0.030,
    1.670,    0.020,    1.670,    0.020,
    1.650,    0.000,    1.650,    0.000,
    1.640,    0.000,    1.630,    0.000,
    1.640,    0.000,    1.650,    0.000,
    1.670,    0.010,    1.670,    0.010,
    1.670,    0.010,    1.670,    0.010,
    1.680,    0.000,    1.680,    0.000,
    1.710,    0.020,    1.710,    0.020,
    1.690,    0.000,    1.700,    0.000,
    1.740,   -0.020,    1.730,   -0.020,
    1.780,   -0.030,    1.770,   -0.030,
    1.760,    0.000,    1.750,    0.000,
    1.740,    0.000,    1.750,    0.000,
    1.780,    0.000,    1.780,    0.000,
    1.910,    0.060,    1.920,    0.060,
    1.930,    0.060,    1.920,    0.060,
    1.890,    0.010,    1.880,    0.010,
    1.850,   -0.040,    1.840,   -0.040,
    1.860,   -0.020,    1.860,   -0.020,
    1.900,    0.000,    1.900,    0.000,
    1.920,    0.000,    1.910,    0.000,
    1.920,    0.000,    1.910,    0.000,
    1.890,   -0.030,    1.890,   -0.030,
    1.880,   -0.040,    1.880,   -0.040,
    1.890,   -0.030,    1.890,   -0.030,
    1.870,   -0.050,    1.870,   -0.050,
    1.870,   -0.080,    1.860,   -0.080,
    1.890,   -0.020,    1.890,   -0.020,
    1.820,   -0.060,    1.830,   -0.060,
    1.630,   -0.160,    1.620,   -0.160,
    1.590,   -0.170,    1.580,   -0.170,
    1.610,   -0.150,    1.600,   -0.150,
    1.590,   -0.190,    1.570,   -0.190,
    1.600,   -0.140,    1.590,   -0.140,
    1.610,   -0.140,    1.610,   -0.140,
    1.580,   -0.140,    1.570,   -0.140,
    1.570,   -0.170,    1.550,   -0.170,
    1.550,   -0.130,    1.540,   -0.130,
    1.620,   -0.130,    1.590,   -0.130,
    1.650,   -0.150,    1.610,   -0.150,
    1.600,   -0.130,    1.560,   -0.130,
    1.610,   -0.140,    1.590,   -0.140,
    1.600,   -0.180,    1.570,   -0.180,
    1.610,   -0.120,    1.580,   -0.120,
    1.630,   -0.130,    1.600,   -0.130,
    1.650,   -0.040,    1.620,   -0.040,
    1.820,    0.100,    1.810,    0.100,
    1.800,    0.020,    1.800,    0.020,
    1.650,   -0.170,    1.620,   -0.170,
    1.680,   -0.140,    1.640,   -0.140,
    1.660,   -0.070,    1.630,   -0.070,
    1.630,   -0.030,    1.620,   -0.030,
    1.670,   -0.070,    1.650,   -0.070,
    1.610,   -0.170,    1.570,   -0.170,
    1.570,   -0.120,    1.550,   -0.120,
    1.620,   -0.060,    1.600,   -0.060,
    1.710,   -0.010,    1.690,   -0.010,
    1.760,   -0.070,    1.730,   -0.070,
    1.680,   -0.070,    1.660,   -0.070,
    1.670,   -0.070,    1.660,   -0.070,
    1.690,   -0.090,    1.670,   -0.090,
    1.710,   -0.040,    1.690,   -0.040,
    1.670,   -0.090,    1.640,   -0.090,
    1.670,   -0.060,    1.650,   -0.060,
    1.650,   -0.050,    1.640,   -0.050,
    1.600,   -0.100,    1.590,   -0.100,
    1.560,   -0.060,    1.550,   -0.060,
    1.500,   -0.060,    1.500,   -0.060,
    1.470,   -0.040,    1.460,   -0.040,
    1.470,   -0.040,    1.460,   -0.040,
    1.400,   -0.100,    1.390,   -0.100,
    1.420,   -0.140,    1.390,   -0.140,
    1.310,   -0.040,    1.300,   -0.040,
    1.340,    0.010,    1.350,    0.010,
    1.420,    0.050,    1.440,    0.050,
    1.270,    0.030,    1.270,    0.030,
    1.090,   -0.010,    1.090,   -0.010,
    0.840,   -0.040,    0.840,   -0.040,
    0.610,   -0.060,    0.610,   -0.060,
    0.360,    0.000,    0.350,    0.000,
    0.290,   -0.010,    0.290,   -0.010,
    0.220,   -0.050,    0.210,   -0.050,
    0.130,   -0.030,    0.130,   -0.030,
    0.050,   -0.010,    0.050,   -0.010,
    0.000,    0.000,    0.000,    0.000,
    0.000,    0.000,    0.000,    0.000,
    0.000,   -0.020,    0.000,   -0.020,
   -0.080,   -0.060,   -0.080,   -0.060,
   -0.330,   -0.060,   -0.340,   -0.060,
   -0.510,   -0.160,   -0.530,   -0.160,
   -0.540,   -0.170,   -0.550,   -0.170,
   -0.570,   -0.180,   -0.590,   -0.180,
   -0.660,   -0.190,   -0.670,   -0.190,
   -0.650,   -0.190,   -0.650,   -0.190,
   -0.710,   -0.090,   -0.710,   -0.090,
   -0.910,   -0.180,   -0.910,   -0.180,
   -1.040,   -0.040,   -1.060,   -0.040,
   -1.260,   -0.040,   -1.240,   -0.040,
   -1.360,   -0.120,   -1.330,   -0.120,
   -1.430,   -0.210,   -1.380,   -0.210,
   -1.530,   -0.200,   -1.470,   -0.200,
   -1.540,   -0.160,   -1.480,   -0.160,
   -1.510,   -0.110,   -1.450,   -0.110,
   -1.430,    0.000,   -1.410,    0.000,
   -1.490,    0.100,   -1.500,    0.100,
   -1.540,    0.100,   -1.570,    0.100,
   -1.590,    0.060,   -1.620,    0.060,
   -1.460,   -0.060,   -1.460,   -0.060,
   -1.500,   -0.170,   -1.470,   -0.170,
   -1.590,   -0.200,   -1.540,   -0.200,
   -1.530,   -0.080,   -1.510,   -0.080,
   -1.530,   -0.090,   -1.500,   -0.090,
   -1.510,   -0.060,   -1.500,   -0.060,
   -1.520,   -0.100,   -1.510,   -0.100,
   -1.550,   -0.120,   -1.530,   -0.120,
   -1.550,   -0.100,   -1.540,   -0.100,
   -1.600,   -0.140,   -1.580,   -0.140,
   -1.620,   -0.080,   -1.600,   -0.080,
   -1.630,   -0.080,   -1.620,   -0.080,
   -1.660,   -0.090,   -1.650,   -0.090,
   -1.660,   -0.110,   -1.650,   -0.110,
   -1.670,   -0.110,   -1.670,   -0.110,
   -1.630,   -0.120,   -1.610,   -0.120,
   -1.490,   -0.120,   -1.480,   -0.120,
   -1.250,   -0.120,   -1.250,   -0.120,
   -0.610,   -0.190,   -0.630,   -0.190,
   -0.490,   -0.140,   -0.480,   -0.140,
   -0.330,   -0.120,   -0.330,   -0.120,
   -0.270,   -0.120,   -0.270,   -0.120,
   -0.120,   -0.110,   -0.120,   -0.110,
   -0.010,   -0.060,   -0.010,   -0.060,
    0.000,    0.000,    0.000,    0.000,
    0.000,    0.010,    0.000,    0.010,
    0.000,    0.000,    0.000,    0.000,
    0.000,   -0.010,    0.010,   -0.010,
    0.000,   -0.010,    0.000,   -0.010,
   -0.020,   -0.020,   -0.020,   -0.020,
    0.000,    0.000,    0.000,    0.000,
    0.000,   -0.010,    0.000,   -0.010,
    0.010,    0.000,    0.000,    0.000,
    0.000,   -0.010,    0.000,   -0.010,
    0.000,    0.000,    0.000,    0.000,
   -0.010,    0.000,   -0.010,    0.000,
   -0.010,    0.000,   -0.010,    0.000,
    0.000,    0.000,    0.000,    0.000,
    0.000,    0.010,    0.000,    0.010,
    0.000,    0.000,    0.000,    0.000,
    0.000,    0.000,    0.000,    0.000,
    0.000,    0.000,    0.000,    0.000,
    0.000,    0.040,    0.000,    0.040,
    0.000,    0.190,    0.000,    0.190,
   -0.010,    0.570,   -0.020,    0.570,
    0.260,    1.050,    0.250,    1.050,
    0.250,    1.180,    0.230,    1.180,
    0.090,    1.200,    0.100,    1.200,
    0.230,    1.200,    0.220,    1.200,
    0.440,    1.350,    0.410,    1.350,
    0.450,    1.390,    0.410,    1.390,
    0.230,    1.420,    0.220,    1.420,
    0.230,    1.650,    0.230,    1.650,
    0.390,    1.900,    0.380,    1.900,
    0.480,    2.210,    0.460,    2.210,
    0.630,    2.640,    0.600,    2.640,
    0.720,    2.760,    0.660,    2.760,
    0.740,    2.810,    0.690,    2.810,
    0.740,    2.820,    0.690,    2.820,
    0.910,    2.840,    0.850,    2.840,
    0.880,    2.890,    0.820,    2.890,
    0.660,    2.910,    0.620,    2.910,
    0.880,    2.760,    0.820,    2.760,
    1.050,    2.460,    0.970,    2.460,
    1.190,    1.860,    1.130,    1.860,
    1.660,    0.760,    1.630,    0.760,
    1.150,    0.550,    1.140,    0.550,
    0.500,    0.230,    0.490,    0.230,
    0.430,    0.180,    0.440,    0.180,
    0.310,    0.160,    0.310,    0.160,
    0.230,    0.140,    0.240,    0.140,
    0.250,    0.180,    0.250,    0.180,
    0.250,    0.190,    0.250,    0.190,
    0.240,    0.160,    0.240,    0.160,
    0.140,    0.090,    0.140,    0.090,
    0.070,    0.030,    0.070,    0.030,
    0.010,   -0.020,    0.010,   -0.020,
   -0.010,   -0.050,   -0.010,   -0.050,
   -0.010,   -0.060,   -0.010,   -0.060,
   -0.010,   -0.090,   -0.010,   -0.090,
   -0.010,   -0.150,   -0.020,   -0.150,
   -0.020,   -0.320,   -0.020,   -0.320,
   -0.080,   -0.540,   -0.090,   -0.540,
   -0.090,   -0.830,   -0.100,   -0.830,
   -0.100,   -1.030,   -0.100,   -1.030,
   -0.050,   -1.090,   -0.060,   -1.090,
   -0.020,   -1.150,   -0.020,   -1.150,
   -0.080,   -1.320,   -0.080,   -1.320,
   -0.160,   -1.570,   -0.170,   -1.570,
   -0.120,   -1.830,   -0.140,   -1.830,
   -0.160,   -2.090,   -0.180,   -2.090,
   -0.080,   -2.200,   -0.100,   -2.200,
   -0.140,   -2.260,   -0.160,   -2.260,
   -0.040,   -2.260,   -0.050,   -2.260,
   -0.020,   -2.230,   -0.020,   -2.230,
   -0.070,   -2.120,   -0.080,   -2.120,
    0.000,   -2.040,    0.000,   -2.040,
   -0.010,   -2.030,   -0.010,   -2.030,
    0.030,   -1.930,    0.030,   -1.930,
    0.040,   -1.780,    0.050,   -1.780,
    0.000,   -1.310,    0.000,   -1.310,
    0.100,   -0.630,    0.090,   -0.630,
    0.260,   -0.420,    0.250,   -0.420,
    0.090,   -0.290,    0.070,   -0.290,
    0.190,   -0.300,    0.160,   -0.300,
    0.150,   -0.250,    0.130,   -0.250,
    0.010,   -0.170,    0.010,   -0.170,
    0.000,   -0.100,    0.000,   -0.100,
    0.000,   -0.030,    0.000,   -0.030,
    0.000,    0.000,    0.000,    0.000,
    0.000,    0.000,    0.000,    0.000,
    0.000,    0.000,    0.000,    0.000,
    0.000,    0.090,    0.000,    0.090,
    0.000,    0.410,    0.010,    0.410,
   -0.030,    0.640,   -0.010,    0.640,
    0.070,    0.930,    0.070,    0.930,
    0.170,    1.260,    0.150,    1.260,
    0.090,    1.340,    0.080,    1.340,
    0.150,    1.410,    0.130,    1.410,
    0.080,    1.430,    0.070,    1.430,
    0.060,    1.480,    0.050,    1.480,
    0.120,    1.520,    0.110,    1.520,
    0.100,    1.540,    0.100,    1.540,
    0.070,    1.560,    0.070,    1.560,
    0.110,    1.610,    0.110,    1.610,
    0.180,    1.620,    0.180,    1.620,
    0.160,    1.630,    0.160,    1.630,
    0.120,    1.640,    0.120,    1.640,
    0.100,    1.640,    0.100,    1.640,
    0.130,    1.650,    0.120,    1.650,
    0.110,    1.700,    0.100,    1.700,
    0.060,    1.720,    0.060,    1.720,
    0.110,    1.760,    0.110,    1.760,
    0.100,    1.830,    0.100,    1.830,
    0.090,    1.870,    0.090,    1.870,
    0.100,    1.980,    0.100,    1.980,
    0.160,    1.960,    0.160,    1.960,
    0.150,    2.000,    0.150,    2.000,
    0.140,    2.030,    0.140,    2.030,
    0.160,    2.030,    0.160,    2.030,
    0.040,    2.010,    0.040,    2.010,
    0.110,    2.010,    0.110,    2.010,
    0.170,    1.950,    0.160,    1.950,
    0.160,    1.740,    0.160,    1.740,
    0.070,    1.520,    0.060,    1.520,
   -0.010,    0.700,   -0.090,    0.700,
    0.000,    0.460,   -0.020,    0.460,
    0.020,    0.390,    0.010,    0.390,
    0.160,    0.300,    0.160,    0.300,
    0.060,    0.210,    0.060,    0.210,
    0.080,    0.180,    0.090,    0.180,
    0.060,    0.050,    0.060,    0.050,
    0.000,   -0.010,    0.000,   -0.010,
   -0.010,   -0.040,   -0.010,   -0.040,
   -0.010,   -0.050,   -0.010,   -0.050,
   -0.010,   -0.080,   -0.010,   -0.080,
   -0.020,   -0.130,   -0.020,   -0.130,
    0.030,   -0.360,    0.040,   -0.360,
    0.130,   -0.680,    0.150,   -0.680,
    0.150,   -0.780,    0.170,   -0.780,
    0.120,   -0.880,    0.140,   -0.880,
   -0.060,   -0.880,   -0.070,   -0.880,
   -0.090,   -0.930,   -0.090,   -0.930,
   -0.060,   -1.000,   -0.060,   -1.000,
   -0.010,   -1.020,   -0.020,   -1.020,
   -0.010,   -1.040,   -0.010,   -1.040,
    0.000,   -1.070,    0.000,   -1.070,
    0.000,   -1.100,    0.000,   -1.100,
   -0.010,   -1.130,   -0.010,   -1.130,
    0.000,   -1.150,   -0.010,   -1.150,
    0.090,   -1.100,    0.090,   -1.100,
    0.120,   -1.130,    0.120,   -1.130,
    0.030,   -1.170,    0.020,   -1.170,
   -0.030,   -1.240,   -0.030,   -1.240,
    0.050,   -1.210,    0.050,   -1.210,
    0.070,   -1.200,    0.070,   -1.200,
    0.070,   -1.220,    0.070,   -1.220,
    0.060,   -1.210,    0.060,   -1.210,
    0.070,   -1.200,    0.070,   -1.200,
    0.070,   -1.220,    0.070,   -1.220,
    0.060,   -1.240,    0.060,   -1.240,
    0.050,   -1.230,    0.050,   -1.230,
    0.060,   -1.220,    0.060,   -1.220,
    0.070,   -1.230,    0.070,   -1.230,
    0.070,   -1.230,    0.070,   -1.230,
    0.060,   -1.230,    0.060,   -1.230,
    0.090,   -1.220,    0.090,   -1.220,
    0.110,   -1.230,    0.110,   -1.230,
    0.100,   -1.250,    0.100,   -1.250,
    0.130,   -1.240,    0.120,   -1.240,
    0.180,   -1.240,    0.170,   -1.240,
    0.200,   -1.220,    0.190,   -1.220,
    0.240,   -1.210,    0.230,   -1.210,
    0.200,   -1.260,    0.200,   -1.260,
    0.280,   -1.190,    0.280,   -1.190,
    0.290,   -1.180,    0.290,   -1.180,
    0.250,   -1.220,    0.250,   -1.220,
    0.180,   -1.250,    0.180,   -1.250,
    0.100,   -1.270,    0.100,   -1.270,
    0.110,   -1.260,    0.120,   -1.260,
    0.200,   -1.180,    0.210,   -1.180,
    0.220,   -1.160,    0.230,   -1.160,
    0.240,   -1.150,    0.240,   -1.150,
    0.290,   -1.120,    0.280,   -1.120,
    0.240,   -1.150,    0.240,   -1.150,
    0.240,   -1.160,    0.240,   -1.160,
    0.260,   -1.160,    0.260,   -1.160,
    0.250,   -1.100,    0.250,   -1.100,
    0.290,   -0.920,    0.290,   -0.920,
    0.300,   -0.650,    0.310,   -0.650,
    0.350,   -0.530,    0.350,   -0.530,
    0.310,   -0.440,    0.310,   -0.440,
    0.260,   -0.340,    0.260,   -0.340,
    0.220,   -0.230,    0.220,   -0.230,
    0.130,   -0.160,    0.130,   -0.160,
    0.100,   -0.120,    0.100,   -0.120,
    0.060,   -0.100,    0.050,   -0.100,
    0.050,   -0.070,    0.050,   -0.070,
    0.030,   -0.040,    0.030,   -0.040,
    0.000,    0.000,    0.000,    0.000,
    0.000,    0.030,    0.000,    0.030,
    0.030,    0.120,    0.020,    0.120,
    0.030,    0.320,    0.010,    0.320,
    0.130,    0.540,    0.100,    0.540,
    0.100,    0.810,    0.080,    0.810,
    0.040,    0.990,    0.030,    0.990,
    0.050,    1.070,    0.050,    1.070,
    0.020,    1.090,    0.020,    1.090,
   -0.030,    1.110,   -0.030,    1.110,
   -0.050,    1.150,   -0.060,    1.150,
   -0.050,    1.170,   -0.060,    1.170,
   -0.150,    1.160,   -0.150,    1.160,
   -0.150,    1.180,   -0.150,    1.180,
   -0.170,    1.150,   -0.180,    1.150,
   -0.270,    0.950,   -0.270,    0.950,
   -0.290,    0.860,   -0.290,    0.860,
   -0.280,    0.800,   -0.290,    0.800,
   -0.270,    0.620,   -0.270,    0.620,
   -0.190,    0.330,   -0.180,    0.330,
   -0.120,    0.260,   -0.110,    0.260,
   -0.060,    0.150,   -0.060,    0.150,
    0.030,    0.090,    0.040,    0.090,
    0.010,    0.070,    0.020,    0.070,
    0.020,    0.050,    0.030,    0.050,
    0.010,    0.020,    0.030,    0.020,
    0.030,    0.030,    0.030,    0.030,
    0.010,    0.010,    0.020,    0.010,
    0.000,    0.000,    0.010,    0.000,
    0.000,    0.010,    0.010,    0.010,
    0.000,    0.000,    0.000,    0.000,
    0.030,    0.010,    0.040,    0.010,
    0.040,    0.000,    0.050,    0.000,
    0.010,   -0.010,    0.020,   -0.010,
    0.000,    0.010,    0.010,    0.010,
    0.010,    0.000,    0.020,    0.000,
    0.020,    0.000,    0.030,    0.000,
    0.010,    0.020,    0.030,    0.020,
    0.000,    0.000,    0.010,    0.000,
    0.050,    0.000,   -0.010,    0.000,
    0.000,    0.000,    0.010,    0.000,
    0.010,    0.000,    0.020,    0.000,
    0.010,   -0.010,    0.010,   -0.010,
    0.020,   -0.020,    0.020,   -0.020,
    0.010,   -0.020,    0.000,   -0.020,
    0.010,   -0.030,    0.000,   -0.030,
    0.010,   -0.030,    0.000,   -0.030,
    0.000,   -0.030,    0.000,   -0.030,
    0.020,   -0.020,    0.010,   -0.020,
    0.030,   -0.020,    0.020,   -0.020,
    0.000,   -0.030,    0.000,   -0.030,
    0.000,   -0.020,   -0.010,   -0.020,
    0.030,    0.000,    0.010,    0.000,
    0.020,   -0.030,    0.010,   -0.030,
    0.000,   -0.050,   -0.010,   -0.050,
    0.010,   -0.020,    0.000,   -0.020,
    0.030,   -0.020,    0.020,   -0.020,
    0.010,   -0.030,    0.000,   -0.030,
   -0.020,   -0.030,   -0.020,   -0.030,
   -0.010,   -0.020,   -0.010,   -0.020,
   -0.020,    0.000,   -0.020,    0.000,
   -0.020,    0.000,   -0.020,    0.000,
    0.000,    0.000,    0.000,    0.000,
    0.000,    0.000,    0.000,    0.000,
    0.000,    0.000,    0.000,    0.000,
    0.000,    0.000,    0.000,    0.000,
    0.000,    0.000,    0.000,    0.000,
    0.000,    0.000,    0.000,    0.000,
    0.000,    0.000,    0.000,    0.000,
    0.010,   -0.010,    0.000,   -0.010,
    0.010,   -0.010,    0.000,   -0.010,
    0.010,    0.000,    0.010,    0.000,
    0.000,    0.010,    0.000,    0.010,
    0.000,    0.000,    0.000,    0.000,
    0.000,    0.000,    0.000,    0.000,
    0.000,   -0.010,    0.000,   -0.010,
    0.000,    0.000,    0.000,    0.000,
    0.000,    0.000,    0.000,    0.000,
    0.000,    0.000,    0.000,    0.000,
    0.000,    0.000,    0.000,    0.000,
    0.000,    0.000,    0.000,    0.000,
    0.000,    0.000,    0.000,    0.000,
    0.000,    0.000,    0.000,    0.000,
    0.000,    0.000,    0.000,    0.000,
    0.000,    0.000,    0.000,    0.000,
    0.000,    0.000,    0.000,    0.000,
   -0.010,    0.050,   -0.010,    0.050,
    0.000,    0.120,    0.000,    0.120,
    0.030,    0.210,    0.030,    0.210,
    0.090,    0.450,    0.090,    0.450,
    0.000,    0.620,    0.010,    0.620,
    0.030,    0.670,    0.030,    0.670,
    0.120,    0.750,    0.110,    0.750,
    0.070,    0.770,    0.080,    0.770,
    0.120,    0.810,    0.120,    0.810,
    0.110,    0.810,    0.110,    0.810,
    0.130,    0.790,    0.130,    0.790,
    0.120,    0.800,    0.120,    0.800,
    0.120,    0.820,    0.120,    0.820,
    0.150,    0.810,    0.150,    0.810,
    0.150,    0.820,    0.160,    0.820,
    0.190,    0.790,    0.190,    0.790,
    0.170,    0.800,    0.170,    0.800,
    0.160,    0.800,    0.170,    0.800,
    0.170,    0.790,    0.170,    0.790,
    0.190,    0.790,    0.190,    0.790,
    0.150,    0.790,    0.150,    0.790,
    0.140,    0.790,    0.140,    0.790,
    0.110,    0.800,    0.110,    0.800,
    0.080,    0.790,    0.080,    0.790,
    0.060,    0.790,    0.060,    0.790,
    0.060,    0.810,    0.060,    0.810,
    0.030,    0.820,    0.020,    0.820,
    0.000,    0.810,    0.000,    0.810,
   -0.050,    0.780,   -0.050,    0.780,
   -0.090,    0.760,   -0.100,    0.760,
   -0.110,    0.760,   -0.120,    0.760,
   -0.130,    0.740,   -0.130,    0.740,
   -0.140,    0.740,   -0.140,    0.740,
   -0.170,    0.710,   -0.170,    0.710,
   -0.190,    0.650,   -0.180,    0.650,
   -0.230,    0.540,   -0.230,    0.540,
   -0.220,    0.450,   -0.220,    0.450,
   -0.190,    0.370,   -0.190,    0.370,
   -0.110,    0.240,   -0.110,    0.240,
   -0.080,    0.200,   -0.080,    0.200,
   -0.060,    0.110,   -0.060,    0.110,
   -0.040,    0.050,   -0.040,    0.050,
   -0.010,    0.000,   -0.010,    0.000,
    0.000,    0.000,    0.000,    0.000,
    0.000,    0.000,    0.000,    0.000,
    0.000,    0.000,    0.000,    0.000,
    0.000,    0.000,    0.000,    0.000,
    0.000,    0.000,    0.000,    0.000,
    0.000,    0.000,    0.000,    0.000,
    0.000,    0.000,    0.000,    0.000,
    0.000,    0.000,    0.000,    0.000,
    0.000,    0.000,    0.000,    0.000,
    0.000,    0.000,    0.000,    0.000,
    0.000,    0.000,    0.000,    0.000,
    0.000,    0.000,    0.000,    0.000,
    0.000,    0.000,    0.000,    0.000,
    0.000,    0.000,    0.000,    0.000,
    0.000,    0.000,    0.000,    0.000,
    0.000,    0.010,    0.000,    0.010,
    0.000,    0.070,    0.000,    0.070,
    0.000,    0.100,    0.000,    0.100,
    0.030,    0.130,    0.030,    0.130,
    0.010,    0.120,    0.010,    0.120,
    0.020,    0.140,    0.020,    0.140,
    0.000,    0.140,    0.000,    0.140,
    0.000,    0.150,    0.000,    0.150,
   -0.020,    0.130,   -0.020,    0.130,
    0.000,    0.130,    0.000,    0.130,
    0.000,    0.100,    0.000,    0.100,
   -0.010,    0.100,   -0.010,    0.100,
    0.000,    0.070,    0.000,    0.070,
    0.000,    0.070,    0.000,    0.070,
    0.010,    0.070,    0.010,    0.070,
    0.010,    0.060,    0.010,    0.060,
    0.000,    0.050,    0.000,    0.050,
   -0.010,    0.050,   -0.010,    0.050,
   -0.010,    0.050,   -0.010,    0.050,
   -0.010,    0.050,   -0.010,    0.050,
    0.000,    0.050,    0.000,    0.050,
    0.000,    0.040,    0.000,    0.040,
    0.000,    0.030,    0.000,    0.030,
    0.000,    0.000,    0.000,    0.000,
    0.000,   -0.010,    0.000,   -0.010,
    0.000,    0.000,    0.000,    0.000,
    0.000,    0.000,    0.000,    0.000,
    0.000,    0.000,    0.000,    0.000,
    0.000,    0.000,    0.000,    0.000,
    0.000,    0.000,    0.000,    0.000,
