0, 0, 0, 0, 4, 4, 3, 3, 360, -20998
0, 0, 0, 0, 4, 4, 3, 3, 360, 1270
0, 0, 0, 0, 4, 4, 3, 3, 360, 12021
0, 0, 0, 0, 4, 4, 3, 3, 360, -19205
0, 0, 0, 0, 4, 4, 3, 3, 361, -19974
0, 0, 0, 0, 4, 4, 3, 3, 360, 7671
0, 0, 0, 0, 4, 4, 3, 3, 360, 7671
0, 0, 0, 0, 4, 4, 3, 3, 360, -20998
0, 0, 0, 0, 4, 4, 3, 3, 360, -30727
0, 0, 0, 0, 4, 4, 3, 3, 360, 7671
0, 0, 0, 0, 4, 4, 3, 3, 360, -30727
0, 0, 0, 0, 4, 4, 3, 3, 360, 1270
0, 0, 0, 0, 4, 4, 3, 3, 360, -1540
0, 0, 0, 0, 4, 4, 3, 3, 360, 7671
0, 0, 0, 0, 4, 4, 3, 3, 360, -20998
0, 0, 0, 0, 4, 4, 3, 3, 360, -20998
0, 0, 0, 0, 4, 4, 3, 3, 400, -28681
0, 0, 0, 0, 4, 4, 3, 3, 360, 1270
0, 0, 0, 0, 4, 4, 3, 3, 360, 12021
0, 0, 0, 0, 4, 4, 3, 3, 360, 12021
0, 0, 0, 0, 4, 4, 3, 3, 360, -30727
0, 0, 0, 0, 4, 4, 3, 3, 360, -19205
0, 0, 0, 0, 4, 4, 3, 3, 360, -24840
0, 0, 0, 0, 4, 4, 3, 3, 360, -19205
0, 0, 0, 0, 4, 4, 3, 3, 360, -1540
0, 0, 0, 0, 4, 4, 3, 3, 360, 1270
0, 0, 0, 0, 4, 4, 3, 3, 360, -30727
0, 0, 0, 0, 4, 4, 3, 3, 360, -30727
0, 0, 0, 0, 4, 4, 3, 3, 360, 1270
0, 0, 0, 0, 4, 4, 3, 3, 360, -1540
0, 0, 0, 0, 4, 4, 3, 3, 360, -1540
0, 0, 0, 0, 4, 4, 3, 3, 360, -30727
0, 0, 0, 0, 4, 4, 3, 3, 360, -20998
0, 0, 0, 0, 4, 4, 3, 3, 360, 31475
0, 0, 0, 0, 4, 4, 3, 3, 360, -20998
0, 0, 0, 0, 4, 4, 3, 3, 361, 6390
0, 0, 0, 0, 4, 4, 3, 3, 360, 7671
0, 0, 0, 0, 4, 4, 3, 3, 360, 1270
0, 0, 0, 0, 4, 4, 3, 3, 360, 12021
0, 0, 0, 0, 4, 4, 3, 3, 360, 1270
0, 0, 0, 0, 4, 4, 3, 3, 360, -11265
0, 0, 0, 0, 4, 4, 3, 3, 360, 31475
0, 0, 0, 0, 4, 4, 3, 3, 360, -1540
0, 0, 0, 0, 4, 4, 3, 3, 360, -30727
0, 0, 0, 0, 4, 4, 3, 3, 360, -24840
0, 0, 0, 0, 4, 4, 3, 3, 360, -24840
0, 0, 0, 0, 4, 4, 3, 3, 360, 25586
0, 0, 0, 0, 4, 4, 3, 3, 607, 16635
0, 0, 0, 0, 4, 4, 3, 3, 360, -20998
0, 0, 0, 0, 4, 4, 3, 3, 369, 5365
0, 0, 0, 0, 4, 4, 3, 3, 359, -18698
0, 0, 0, 0, 4, 4, 3, 3, 359, 13817
0, 0, 0, 0, 4, 4, 3, 3, 360, -11265
0, 0, 0, 0, 4, 4, 3, 3, 360, 1270
0, 0, 0, 0, 4, 4, 3, 3, 360, -30727
0, 0, 0, 0, 4, 4, 3, 3, 360, -30727
0, 0, 0, 0, 4, 4, 3, 3, 360, 1270
0, 0, 0, 0, 4, 4, 3, 3, 360, 7671
0, 0, 0, 0, 4, 4, 3, 3, 361, 6390
0, 0, 0, 0, 4, 4, 3, 3, 608, -27400
0, 0, 0, 0, 4, 4, 3, 3, 359, -20489
0, 0, 0, 0, 4, 4, 3, 3, 360, -1540
0, 0, 0, 0, 4, 4, 3, 3, 608, 28915
0, 0, 0, 0, 4, 4, 3, 3, 360, -30727
0, 0, 0, 0, 4, 4, 3, 3, 360, 1270
0, 0, 0, 0, 4, 4, 3, 3, 360, -24840
0, 0, 0, 0, 4, 4, 3, 3, 360, -13570
0, 0, 0, 0, 4, 4, 3, 3, 360, 12021
0, 0, 0, 0, 4, 4, 3, 3, 360, 7671
0, 0, 0, 0, 4, 4, 3, 3, 360, 14324
0, 0, 0, 0, 4, 4, 3, 3, 360, 7671
0, 0, 0, 0, 4, 4, 3, 3, 360, -20998
0, 0, 0, 0, 4, 4, 3, 3, 609, -28167
0, 0, 0, 0, 4, 4, 3, 3, 360, -24840
0, 0, 0, 0, 4, 4, 3, 3, 369, -26630
0, 0, 0, 0, 4, 4, 3, 3, 360, -20998
0, 0, 0, 0, 4, 4, 3, 3, 360, -19205
0, 0, 0, 0, 4, 4, 3, 3, 360, -24840
0, 0, 0, 0, 4, 4, 3, 3, 360, -19205
0, 0, 0, 0, 4, 4, 3, 3, 360, 1270
0, 0, 0, 0, 4, 4, 3, 3, 360, -1540
0, 0, 0, 0, 4, 4, 3, 3, 360, 7671
0, 0, 0, 0, 4, 4, 3, 3, 360, -30727
0, 0, 0, 0, 4, 4, 3, 3, 360, 7671
0, 0, 0, 0, 4, 4, 3, 3, 360, -7939
0, 0, 0, 0, 4, 4, 3, 3, 360, -30727
0, 0, 0, 0, 4, 4, 3, 3, 400, 3320
0, 0, 0, 0, 4, 4, 3, 3, 360, -1540
0, 0, 0, 0, 4, 4, 3, 3, 369, 10231
0, 0, 0, 0, 4, 4, 3, 3, 360, -24840
0, 0, 0, 0, 4, 4, 3, 3, 360, 12021
0, 0, 0, 0, 4, 4, 3, 3, 360, -24840
0, 0, 0, 0, 4, 4, 3, 3, 360, 25586
0, 0, 0, 0, 4, 4, 3, 3, 360, -13570
0, 0, 0, 0, 4, 4, 3, 3, 360, -24840
0, 0, 0, 0, 4, 4, 3, 3, 360, -20998
0, 0, 0, 0, 4, 4, 3, 3, 360, -24840
0, 0, 0, 0, 4, 4, 3, 3, 360, -20998
0, 0, 0, 0, 4, 4, 3, 3, 360, -7939
0, 0, 0, 0, 4, 4, 3, 3, 360, -11265
0, 0, 0, 0, 4, 4, 3, 3, 360, 1270
0, 0, 0, 0, 4, 4, 3, 3, 360, -30727
0, 0, 0, 0, 4, 4, 3, 3, 360, -11265
0, 0, 0, 0, 4, 4, 3, 3, 360, 1270
0, 0, 0, 0, 4, 4, 3, 3, 360, -30727
0, 0, 0, 0, 4, 4, 3, 3, 360, 14324
0, 0, 0, 0, 4, 4, 3, 3, 360, 7671
0, 0, 0, 0, 4, 4, 3, 3, 360, -19205
0, 0, 0, 0, 4, 4, 3, 3, 360, 1270
0, 0, 0, 0, 4, 4, 3, 3, 360, -30727
0, 0, 0, 0, 4, 4, 3, 3, 360, -11265
0, 0, 0, 0, 4, 4, 3, 3, 360, -30727
0, 0, 0, 0, 4, 4, 3, 3, 360, -7939
0, 0, 0, 0, 4, 4, 3, 3, 370, 7158
0, 0, 0, 0, 4, 4, 3, 3, 360, 12021
0, 0, 0, 0, 4, 4, 3, 3, 360, 1270
0, 0, 0, 0, 4, 4, 3, 3, 360, -30727
0, 0, 0, 0, 4, 4, 3, 3, 360, -24840
0, 0, 0, 0, 4, 4, 3, 3, 360, -11265
0, 0, 0, 0, 4, 4, 3, 3, 360, -24840
0, 0, 0, 0, 4, 4, 3, 3, 360, -20998
0, 0, 0, 0, 4, 4, 3, 3, 360, -19205
0, 0, 0, 0, 4, 4, 3, 3, 360, -30727
0, 0, 0, 0, 4, 4, 3, 3, 360, -20998
0, 0, 0, 0, 4, 4, 3, 3, 360, -24840
0, 0, 0, 0, 4, 4, 3, 3, 360, 1270
0, 0, 0, 0, 4, 4, 3, 3, 608, -22534
0, 0, 0, 0, 4, 4, 3, 3, 369, 10231
0, 0, 0, 0, 4, 4, 3, 3, 360, -11265
0, 0, 0, 0, 4, 4, 3, 3, 608, -29191
0, 0, 0, 0, 4, 4, 3, 3, 360, 14324
0, 0, 0, 0, 4, 4, 3, 3, 360, 7671
0, 0, 0, 0, 4, 4, 3, 3, 360, -20998
0, 0, 0, 0, 4, 4, 3, 3, 360, 7671
0, 0, 0, 0, 4, 4, 3, 3, 360, -1540
0, 0, 0, 0, 4, 4, 3, 3, 360, 25586
0, 0, 0, 0, 4, 4, 3, 3, 360, 31475
0, 0, 0, 0, 4, 4, 3, 3, 360, -7939
0, 0, 0, 0, 4, 4, 3, 3, 360, 1270
0, 0, 0, 0, 4, 4, 3, 3, 360, 7671
0, 0, 0, 0, 4, 4, 3, 3, 360, 7671
0, 0, 0, 0, 4, 4, 3, 3, 360, -24840
0, 0, 0, 0, 4, 4, 3, 3, 360, -1540
0, 0, 0, 0, 4, 4, 3, 3, 360, 12021
0, 0, 0, 0, 4, 4, 3, 3, 360, -1540
0, 0, 0, 0, 4, 4, 3, 3, 360, -30727
0, 0, 0, 0, 4, 4, 3, 3, 360, 12021
0, 0, 0, 0, 4, 4, 3, 3, 400, 5625
0, 0, 0, 0, 4, 4, 3, 3, 362, 15862
0, 0, 0, 0, 4, 4, 3, 3, 360, -24840
0, 0, 0, 0, 4, 4, 3, 3, 360, -30727
0, 0, 0, 0, 4, 4, 3, 3, 360, -1540
0, 0, 0, 0, 4, 4, 3, 3, 360, -20998
0, 0, 0, 0, 4, 4, 3, 3, 360, -13570
0, 0, 0, 0, 4, 4, 3, 3, 360, -20998
0, 0, 0, 0, 4, 4, 3, 3, 360, 7671
0, 0, 0, 0, 4, 4, 3, 3, 360, -30727
0, 0, 0, 0, 4, 4, 3, 3, 360, 31475
0, 0, 0, 0, 4, 4, 3, 3, 360, -24840
0, 0, 0, 0, 4, 4, 3, 3, 360, -30727
0, 0, 0, 0, 4, 4, 3, 3, 608, -22534
0, 0, 0, 0, 4, 4, 3, 3, 360, 12021
0, 0, 0, 0, 4, 4, 3, 3, 365, -5639
0, 0, 0, 0, 4, 4, 3, 3, 360, -7939
0, 0, 0, 0, 4, 4, 3, 3, 360, 7671
0, 0, 0, 0, 4, 4, 3, 3, 360, 7671
0, 0, 0, 0, 4, 4, 3, 3, 360, -19205
0, 0, 0, 0, 4, 4, 3, 3, 360, -30727
0, 0, 0, 0, 4, 4, 3, 3, 360, -30727
0, 0, 0, 0, 4, 4, 3, 3, 360, -30727
0, 0, 0, 0, 4, 4, 3, 3, 360, 14324
0, 0, 0, 0, 4, 4, 3, 3, 360, -1540
0, 0, 0, 0, 4, 4, 3, 3, 360, 1270
0, 0, 0, 0, 4, 4, 3, 3, 360, -30727
0, 0, 0, 0, 4, 4, 3, 3, 360, -24840
0, 0, 0, 0, 4, 4, 3, 3, 608, -3076
0, 0, 0, 0, 4, 4, 3, 3, 361, -32008
0, 0, 0, 0, 4, 4, 3, 3, 360, -30727
0, 0, 0, 0, 4, 4, 3, 3, 608, 28915
0, 0, 0, 0, 4, 4, 3, 3, 360, -20998
0, 0, 0, 0, 4, 4, 3, 3, 360, -13570
0, 0, 0, 0, 4, 4, 3, 3, 360, 1270
0, 0, 0, 0, 4, 4, 3, 3, 360, 12021
0, 0, 0, 0, 4, 4, 3, 3, 360, -30727
0, 0, 0, 0, 4, 4, 3, 3, 360, -20998
0, 0, 0, 0, 4, 4, 3, 3, 360, -24840
0, 0, 0, 0, 4, 4, 3, 3, 360, -24840
0, 0, 0, 0, 4, 4, 3, 3, 360, -11265
0, 0, 0, 0, 4, 4, 3, 3, 608, -3076
0, 0, 0, 0, 4, 4, 3, 3, 360, -1540
0, 0, 0, 0, 4, 4, 3, 3, 362, 9463
0, 0, 0, 0, 4, 4, 3, 3, 360, -24840
0, 0, 0, 0, 4, 4, 3, 3, 360, 7671
0, 0, 0, 0, 4, 4, 3, 3, 360, 1270
0, 0, 0, 0, 4, 4, 3, 3, 360, -24840
0, 0, 0, 0, 4, 4, 3, 3, 360, -24840
0, 0, 0, 0, 4, 4, 3, 3, 360, -20998
0, 0, 0, 0, 4, 4, 3, 3, 360, 12021
0, 0, 0, 0, 4, 4, 3, 3, 360, 31475
0, 0, 0, 0, 4, 4, 3, 3, 360, 12021
0, 0, 0, 0, 4, 4, 3, 3, 360, -24840
0, 0, 0, 0, 4, 4, 3, 3, 360, 14324
0, 0, 0, 0, 4, 4, 3, 3, 360, -1540
0, 0, 0, 0, 4, 4, 3, 3, 360, -1540
0, 0, 0, 0, 4, 4, 3, 3, 360, -19205
0, 0, 0, 0, 4, 4, 3, 3, 360, -20998
0, 0, 0, 0, 4, 4, 3, 3, 360, 7671
0, 0, 0, 0, 4, 4, 3, 3, 360, -13570
0, 0, 0, 0, 4, 4, 3, 3, 360, -19205
0, 0, 0, 0, 4, 4, 3, 3, 360, 1270
0, 0, 0, 0, 4, 4, 3, 3, 360, -30727
0, 0, 0, 0, 4, 4, 3, 3, 360, 14324
0, 0, 0, 0, 4, 4, 3, 3, 360, 1270
0, 0, 0, 0, 4, 4, 3, 3, 360, -30727
0, 0, 0, 0, 4, 4, 3, 3, 360, -24840
0, 0, 0, 0, 4, 4, 3, 3, 361, -25607
0, 0, 0, 0, 4, 4, 3, 3, 360, 1270
0, 0, 0, 0, 4, 4, 3, 3, 360, -24840
0, 0, 0, 0, 4, 4, 3, 3, 360, 1270
0, 0, 0, 0, 4, 4, 3, 3, 360, -19205
0, 0, 0, 0, 4, 4, 3, 3, 360, -24840
0, 0, 0, 0, 4, 4, 3, 3, 360, 31475
0, 0, 0, 0, 4, 4, 3, 3, 360, -30727
0, 0, 0, 0, 4, 4, 3, 3, 360, 14324
0, 0, 0, 0, 4, 4, 3, 3, 360, -19205
0, 0, 0, 0, 4, 4, 3, 3, 360, -20998
0, 0, 0, 0, 4, 4, 3, 3, 360, -24840
0, 0, 0, 0, 4, 4, 3, 3, 607, -9483
0, 0, 0, 0, 4, 4, 3, 3, 360, -7939
0, 0, 0, 0, 4, 4, 3, 3, 367, -12039
0, 0, 0, 0, 4, 4, 3, 3, 360, -30727
0, 0, 0, 0, 4, 4, 3, 3, 360, -19205
0, 0, 0, 0, 4, 4, 3, 3, 360, -7939
0, 0, 0, 0, 4, 4, 3, 3, 360, -30727
0, 0, 0, 0, 4, 4, 3, 3, 360, -7939
0, 0, 0, 0, 4, 4, 3, 3, 360, -13570
0, 0, 0, 0, 4, 4, 3, 3, 360, 12021
0, 0, 0, 0, 4, 4, 3, 3, 360, -1540
0, 0, 0, 0, 4, 4, 3, 3, 360, -24840
0, 0, 0, 0, 4, 4, 3, 3, 607, -5641
0, 0, 0, 0, 4, 4, 3, 3, 360, 7671
0, 0, 0, 0, 4, 4, 3, 3, 360, 14324
0, 0, 0, 0, 4, 4, 3, 3, 607, 3580
0, 0, 0, 0, 4, 4, 3, 3, 360, -30727
0, 0, 0, 0, 4, 4, 3, 3, 360, -24840
0, 0, 0, 0, 4, 4, 3, 3, 360, 14324
0, 0, 0, 0, 4, 4, 3, 3, 359, 8186
0, 0, 0, 0, 4, 4, 3, 3, 360, -24840
0, 0, 0, 0, 4, 4, 3, 3, 361, 503
0, 0, 0, 0, 4, 4, 3, 3, 360, -24840
0, 0, 0, 0, 4, 4, 3, 3, 360, -24840
0, 0, 0, 0, 4, 4, 3, 3, 359, 11512
0, 0, 0, 0, 4, 4, 3, 3, 608, -29191
0, 0, 0, 0, 4, 4, 3, 3, 360, 1270
0, 0, 0, 0, 4, 4, 3, 3, 361, 11252
0, 0, 0, 0, 4, 4, 3, 3, 360, 7671
0, 0, 0, 0, 4, 4, 3, 3, 359, 13817
0, 0, 0, 0, 4, 4, 3, 3, 360, -30727
0, 0, 0, 0, 4, 4, 3, 3, 360, 1270
0, 0, 0, 0, 4, 4, 3, 3, 360, -24840
0, 0, 0, 0, 4, 4, 3, 3, 360, -30727
0, 0, 0, 0, 4, 4, 3, 3, 360, -24840
0, 0, 0, 0, 4, 4, 3, 3, 360, 7671
0, 0, 0, 0, 4, 4, 3, 3, 360, -30727
0, 0, 0, 0, 4, 4, 3, 3, 360, -19205
0, 0, 0, 0, 4, 4, 3, 3, 370, 759
0, 0, 0, 0, 4, 4, 3, 3, 360, -24840
0, 0, 0, 0, 4, 4, 3, 3, 360, -7939
0, 0, 0, 0, 4, 4, 3, 3, 360, -24840
0, 0, 0, 0, 4, 4, 3, 3, 360, -13570
0, 0, 0, 0, 4, 4, 3, 3, 360, -20998
0, 0, 0, 0, 4, 4, 3, 3, 360, 14324
0, 0, 0, 0, 4, 4, 3, 3, 360, -1540
0, 0, 0, 0, 4, 4, 3, 3, 360, -20998
0, 0, 0, 0, 4, 4, 3, 3, 360, -20998
0, 0, 0, 0, 4, 4, 3, 3, 360, -20998
0, 0, 0, 0, 4, 4, 3, 3, 360, -30727
0, 0, 0, 0, 4, 4, 3, 3, 360, 7671
0, 0, 0, 0, 4, 4, 3, 3, 360, -20998
0, 0, 0, 0, 4, 4, 3, 3, 363, 14583
0, 0, 0, 0, 4, 4, 3, 3, 360, -19205
0, 0, 0, 0, 4, 4, 3, 3, 360, 7671
0, 0, 0, 0, 4, 4, 3, 3, 362, -22536
0, 0, 0, 0, 4, 4, 3, 3, 360, 12021
0, 0, 0, 0, 4, 4, 3, 3, 360, -24840
0, 0, 0, 0, 4, 4, 3, 3, 360, -19205
0, 0, 0, 0, 4, 4, 3, 3, 360, -1540
0, 0, 0, 0, 4, 4, 3, 3, 360, -7939
0, 0, 0, 0, 4, 4, 3, 3, 360, -1540
0, 0, 0, 0, 4, 4, 3, 3, 360, 1270
0, 0, 0, 0, 4, 4, 3, 3, 360, -24840
0, 0, 0, 0, 4, 4, 3, 3, 360, -30727
0, 0, 0, 0, 4, 4, 3, 3, 360, 1270
0, 0, 0, 0, 4, 4, 3, 3, 361, -19974
0, 0, 0, 0, 4, 4, 3, 3, 360, -20998
0, 0, 0, 0, 4, 4, 3, 3, 360, -24840
0, 0, 0, 0, 4, 4, 3, 3, 361, -19974
0, 0, 0, 0, 4, 4, 3, 3, 360, -30727
0, 0, 0, 0, 4, 4, 3, 3, 360, -1540
0, 0, 0, 0, 4, 4, 3, 3, 360, -30727
0, 0, 0, 0, 4, 4, 3, 3, 360, 12021
0, 0, 0, 0, 4, 4, 3, 3, 360, -20998
0, 0, 0, 0, 4, 4, 3, 3, 360, -20998
0, 0, 0, 0, 4, 4, 3, 3, 360, -30727
0, 0, 0, 0, 4, 4, 3, 3, 360, 14324
0, 0, 0, 0, 4, 4, 3, 3, 360, -24840
0, 0, 0, 0, 4, 4, 3, 3, 360, -20998
0, 0, 0, 0, 4, 4, 3, 3, 608, -16645
0, 0, 0, 0, 4, 4, 3, 3, 360, -24840
0, 0, 0, 0, 4, 4, 3, 3, 360, -19205
0, 0, 0, 0, 4, 4, 3, 3, 608, -27400
0, 0, 0, 0, 4, 4, 3, 3, 360, 12021
0, 0, 0, 0, 4, 4, 3, 3, 367, 21494
0, 0, 0, 0, 4, 4, 3, 3, 360, 1270
0, 0, 0, 0, 4, 4, 3, 3, 360, -24840
0, 0, 0, 0, 4, 4, 3, 3, 360, 12021
0, 0, 0, 0, 4, 4, 3, 3, 360, -13570
0, 0, 0, 0, 4, 4, 3, 3, 360, 1270
0, 0, 0, 0, 4, 4, 3, 3, 360, 12021
0, 0, 0, 0, 4, 4, 3, 3, 360, 12021
0, 0, 0, 0, 4, 4, 3, 3, 360, -7939
0, 0, 0, 0, 4, 4, 3, 3, 360, 12021
0, 0, 0, 0, 4, 4, 3, 3, 360, -1540
0, 0, 0, 0, 4, 4, 3, 3, 363, -23815
0, 0, 0, 0, 4, 4, 3, 3, 360, -20998
0, 0, 0, 0, 4, 4, 3, 3, 360, -19205
0, 0, 0, 0, 4, 4, 3, 3, 360, 14324
0, 0, 0, 0, 4, 4, 3, 3, 360, -24840
0, 0, 0, 0, 4, 4, 3, 3, 360, 1270
0, 0, 0, 0, 4, 4, 3, 3, 360, -30727
0, 0, 0, 0, 4, 4, 3, 3, 360, -20998
0, 0, 0, 0, 4, 4, 3, 3, 360, -30727
0, 0, 0, 0, 4, 4, 3, 3, 360, -30727
0, 0, 0, 0, 4, 4, 3, 3, 360, -1540
0, 0, 0, 0, 4, 4, 3, 3, 360, -20998
0, 0, 0, 0, 4, 4, 3, 3, 360, 7671
0, 0, 0, 0, 4, 4, 3, 3, 360, -19205
0, 0, 0, 0, 4, 4, 3, 3, 365, -5639
0, 0, 0, 0, 4, 4, 3, 3, 360, 25586
0, 0, 0, 0, 4, 4, 3, 3, 360, -20998
0, 0, 0, 0, 4, 4, 3, 3, 360, -7939
0, 0, 0, 0, 4, 4, 3, 3, 360, -30727
0, 0, 0, 0, 4, 4, 3, 3, 360, -1540
0, 0, 0, 0, 4, 4, 3, 3, 360, 7671
0, 0, 0, 0, 4, 4, 3, 3, 360, 14324
0, 0, 0, 0, 4, 4, 3, 3, 360, 7671
0, 0, 0, 0, 4, 4, 3, 3, 360, -7939
0, 0, 0, 0, 4, 4, 3, 3, 360, 12021
0, 0, 0, 0, 4, 4, 3, 3, 360, -20998
0, 0, 0, 0, 4, 4, 3, 3, 360, -7939
0, 0, 0, 0, 4, 4, 3, 3, 360, -24840
0, 0, 0, 0, 4, 4, 3, 3, 360, -20998
0, 0, 0, 0, 4, 4, 3, 3, 360, -30727
0, 0, 0, 0, 4, 4, 3, 3, 360, -24840
0, 0, 0, 0, 4, 4, 3, 3, 360, 1270
0, 0, 0, 0, 4, 4, 3, 3, 360, 31475
0, 0, 0, 0, 4, 4, 3, 3, 360, -30727
0, 0, 0, 0, 4, 4, 3, 3, 360, -30727
0, 0, 0, 0, 4, 4, 3, 3, 360, -30727
0, 0, 0, 0, 4, 4, 3, 3, 360, 12021
0, 0, 0, 0, 4, 4, 3, 3, 360, 31475
0, 0, 0, 0, 4, 4, 3, 3, 608, -16130
0, 0, 0, 0, 4, 4, 3, 3, 360, -20998
0, 0, 0, 0, 4, 4, 3, 3, 360, -7939
0, 0, 0, 0, 4, 4, 3, 3, 608, 17393
0, 0, 0, 0, 4, 4, 3, 3, 360, -7939
0, 0, 0, 0, 4, 4, 3, 3, 360, 14324
0, 0, 0, 0, 4, 4, 3, 3, 360, -19205
0, 0, 0, 0, 4, 4, 3, 3, 360, 1270
0, 0, 0, 0, 4, 4, 3, 3, 360, -11265
0, 0, 0, 0, 4, 4, 3, 3, 360, -30727
0, 0, 0, 0, 4, 4, 3, 3, 360, 12021
0, 0, 0, 0, 4, 4, 3, 3, 360, -20998
0, 0, 0, 0, 4, 4, 3, 3, 360, -19205
0, 0, 0, 0, 4, 4, 3, 3, 608, 9461
0, 0, 0, 0, 4, 4, 3, 3, 360, 12021
0, 0, 0, 0, 4, 4, 3, 3, 362, -27398
0, 0, 0, 0, 4, 4, 3, 3, 360, 25586
0, 0, 0, 0, 4, 4, 3, 3, 360, 14324
0, 0, 0, 0, 4, 4, 3, 3, 360, 12021
0, 0, 0, 0, 4, 4, 3, 3, 360, 1270
0, 0, 0, 0, 4, 4, 3, 3, 360, -30727
0, 0, 0, 0, 4, 4, 3, 3, 360, -20998
0, 0, 0, 0, 4, 4, 3, 3, 360, 8960
0, 0, 0, 0, 4, 4, 3, 3, 360, 1270
0, 0, 0, 0, 4, 4, 3, 3, 360, -24840
0, 0, 0, 0, 4, 4, 3, 3, 360, 1270
0, 0, 0, 0, 4, 4, 3, 3, 360, -1540
0, 0, 0, 0, 4, 4, 3, 3, 400, -26890
0, 0, 0, 0, 4, 4, 3, 3, 360, -24840
0, 0, 0, 0, 4, 4, 3, 3, 370, -26375
0, 0, 0, 0, 4, 4, 3, 3, 360, -30727
0, 0, 0, 0, 4, 4, 3, 3, 360, -19205
0, 0, 0, 0, 4, 4, 3, 3, 360, -20998
0, 0, 0, 0, 4, 4, 3, 3, 360, -19205
0, 0, 0, 0, 4, 4, 3, 3, 360, -24840
0, 0, 0, 0, 4, 4, 3, 3, 360, -19205
0, 0, 0, 0, 4, 4, 3, 3, 360, -19205
0, 0, 0, 0, 4, 4, 3, 3, 360, -30727
0, 0, 0, 0, 4, 4, 3, 3, 360, -19205
0, 0, 0, 0, 4, 4, 3, 3, 360, -19205
0, 0, 0, 0, 4, 4, 3, 3, 360, -19205
0, 0, 0, 0, 4, 4, 3, 3, 360, -7939
0, 0, 0, 0, 4, 4, 3, 3, 360, 12021
0, 0, 0, 0, 4, 4, 3, 3, 360, 20720
0, 0, 0, 0, 4, 4, 3, 3, 360, -30727
0, 0, 0, 0, 4, 4, 3, 3, 360, -20998
0, 0, 0, 0, 4, 4, 3, 3, 360, -13570
0, 0, 0, 0, 4, 4, 3, 3, 360, -30727
0, 0, 0, 0, 4, 4, 3, 3, 360, 31475
0, 0, 0, 0, 4, 4, 3, 3, 360, -7939
0, 0, 0, 0, 4, 4, 3, 3, 360, -30727
0, 0, 0, 0, 4, 4, 3, 3, 361, -25607
0, 0, 0, 0, 4, 4, 3, 3, 360, 1270
0, 0, 0, 0, 4, 4, 3, 3, 360, -1540
0, 0, 0, 0, 4, 4, 3, 3, 367, -13832
0, 0, 0, 0, 4, 4, 3, 3, 360, -13570
0, 0, 0, 0, 4, 4, 3, 3, 360, -30727
0, 0, 0, 0, 4, 4, 3, 3, 360, 12021
0, 0, 0, 0, 4, 4, 3, 3, 360, -1540
0, 0, 0, 0, 4, 4, 3, 3, 360, -20998
0, 0, 0, 0, 4, 4, 3, 3, 360, -24840
0, 0, 0, 0, 4, 4, 3, 3, 360, -20998
0, 0, 0, 0, 4, 4, 3, 3, 360, 17412
0, 0, 0, 0, 4, 4, 3, 3, 360, -1540
0, 0, 0, 0, 4, 4, 3, 3, 607, -9483
0, 0, 0, 0, 4, 4, 3, 3, 360, 7671
0, 0, 0, 0, 4, 4, 3, 3, 360, -30727
0, 0, 0, 0, 4, 4, 3, 3, 360, -24840
0, 0, 0, 0, 4, 4, 3, 3, 369, -26630
0, 0, 0, 0, 4, 4, 3, 3, 360, 1270
0, 0, 0, 0, 4, 4, 3, 3, 607, 29689
0, 0, 0, 0, 4, 4, 3, 3, 360, -19205
0, 0, 0, 0, 4, 4, 3, 3, 360, -24840
0, 0, 0, 0, 4, 4, 3, 3, 360, 1270
0, 0, 0, 0, 4, 4, 3, 3, 360, 17412
0, 0, 0, 0, 4, 4, 3, 3, 360, -30727
0, 0, 0, 0, 4, 4, 3, 3, 360, -30727
0, 0, 0, 0, 4, 4, 3, 3, 360, 8960
0, 0, 0, 0, 4, 4, 3, 3, 360, -24840
0, 0, 0, 0, 4, 4, 3, 3, 360, -30727
0, 0, 0, 0, 4, 4, 3, 3, 360, 1270
0, 0, 0, 0, 4, 4, 3, 3, 360, 1270
0, 0, 0, 0, 4, 4, 3, 3, 359, 11512
0, 0, 0, 0, 4, 4, 3, 3, 608, -22534
0, 0, 0, 0, 4, 4, 3, 3, 360, -1540
0, 0, 0, 0, 4, 4, 3, 3, 360, 7671
0, 0, 0, 0, 4, 4, 3, 3, 360, -24840
0, 0, 0, 0, 4, 4, 3, 3, 360, -30727
0, 0, 0, 0, 4, 4, 3, 3, 360, -19205
0, 0, 0, 0, 4, 4, 3, 3, 360, -13570
0, 0, 0, 0, 4, 4, 3, 3, 359, -18698
0, 0, 0, 0, 4, 4, 3, 3, 360, -20998
0, 0, 0, 0, 4, 4, 3, 3, 360, -30727
0, 0, 0, 0, 4, 4, 3, 3, 360, 1270
0, 0, 0, 0, 4, 4, 3, 3, 360, -19205
0, 0, 0, 0, 4, 4, 3, 3, 608, -5379
0, 0, 0, 0, 4, 4, 3, 3, 360, -1540
0, 0, 0, 0, 4, 4, 3, 3, 362, -27398
0, 0, 0, 0, 4, 4, 3, 3, 360, 12021
0, 0, 0, 0, 4, 4, 3, 3, 360, -19205
0, 0, 0, 0, 4, 4, 3, 3, 360, -19205
0, 0, 0, 0, 4, 4, 3, 3, 360, 7671
0, 0, 0, 0, 4, 4, 3, 3, 360, -30727
0, 0, 0, 0, 4, 4, 3, 3, 360, -20998
0, 0, 0, 0, 4, 4, 3, 3, 360, -20998
0, 0, 0, 0, 4, 4, 3, 3, 360, -19205
0, 0, 0, 0, 4, 4, 3, 3, 360, -20998
0, 0, 0, 0, 4, 4, 3, 3, 360, -20998
0, 0, 0, 0, 4, 4, 3, 3, 360, 7671
0, 0, 0, 0, 4, 4, 3, 3, 360, -24840
0, 0, 0, 0, 4, 4, 3, 3, 608, -22534
0, 0, 0, 0, 4, 4, 3, 3, 361, -10498
0, 0, 0, 0, 4, 4, 3, 3, 360, -20998
0, 0, 0, 0, 4, 4, 3, 3, 608, -16645
0, 0, 0, 0, 4, 4, 3, 3, 360, 7671
0, 0, 0, 0, 4, 4, 3, 3, 360, 31475
0, 0, 0, 0, 4, 4, 3, 3, 360, -11265
0, 0, 0, 0, 4, 4, 3, 3, 360, -30727
0, 0, 0, 0, 4, 4, 3, 3, 360, -30727
0, 0, 0, 0, 4, 4, 3, 3, 360, 18929
0, 0, 0, 0, 4, 4, 3, 3, 360, 31475
0, 0, 0, 0, 4, 4, 3, 3, 360, 1270
0, 0, 0, 0, 4, 4, 3, 3, 360, 1270
0, 0, 0, 0, 4, 4, 3, 3, 360, -11265
0, 0, 0, 0, 4, 4, 3, 3, 360, 14324
0, 0, 0, 0, 4, 4, 3, 3, 369, 16118
0, 0, 0, 0, 4, 4, 3, 3, 360, -1540
0, 0, 0, 0, 4, 4, 3, 3, 360, -7939
0, 0, 0, 0, 4, 4, 3, 3, 360, 12021
0, 0, 0, 0, 4, 4, 3, 3, 360, -24840
0, 0, 0, 0, 4, 4, 3, 3, 360, -24840
0, 0, 0, 0, 4, 4, 3, 3, 360, -24840
0, 0, 0, 0, 4, 4, 3, 3, 360, 7671
0, 0, 0, 0, 4, 4, 3, 3, 360, 7671
0, 0, 0, 0, 4, 4, 3, 3, 360, -20998
0, 0, 0, 0, 4, 4, 3, 3, 360, -30727
0, 0, 0, 0, 4, 4, 3, 3, 360, -24840
0, 0, 0, 0, 4, 4, 3, 3, 400, 16378
0, 0, 0, 0, 4, 4, 3, 3, 360, 14324
0, 0, 0, 0, 4, 4, 3, 3, 360, -30727
0, 0, 0, 0, 4, 4, 3, 3, 360, -1540
0, 0, 0, 0, 4, 4, 3, 3, 360, 12021
0, 0, 0, 0, 4, 4, 3, 3, 360, -20998
0, 0, 0, 0, 4, 4, 3, 3, 360, -13570
0, 0, 0, 0, 4, 4, 3, 3, 360, -30727
0, 0, 0, 0, 4, 4, 3, 3, 360, -7939
0, 0, 0, 0, 4, 4, 3, 3, 360, 7671
0, 0, 0, 0, 4, 4, 3, 3, 360, -19205
0, 0, 0, 0, 4, 4, 3, 3, 360, -13570
0, 0, 0, 0, 4, 4, 3, 3, 360, 12021
0, 0, 0, 0, 4, 4, 3, 3, 370, -19718
0, 0, 0, 0, 4, 4, 3, 3, 360, 7671
0, 0, 0, 0, 4, 4, 3, 3, 360, -24840
0, 0, 0, 0, 4, 4, 3, 3, 360, -19205
0, 0, 0, 0, 4, 4, 3, 3, 360, 1270
0, 0, 0, 0, 4, 4, 3, 3, 360, -1540
0, 0, 0, 0, 4, 4, 3, 3, 360, -30727
0, 0, 0, 0, 4, 4, 3, 3, 360, 1270
0, 0, 0, 0, 4, 4, 3, 3, 360, 1270
0, 0, 0, 0, 4, 4, 3, 3, 360, -20998
0, 0, 0, 0, 4, 4, 3, 3, 360, -19205
0, 0, 0, 0, 4, 4, 3, 3, 360, -7939
0, 0, 0, 0, 4, 4, 3, 3, 360, 1270
0, 0, 0, 0, 4, 4, 3, 3, 360, -24840
0, 0, 0, 0, 4, 4, 3, 3, 371, 13556
0, 0, 0, 0, 4, 4, 3, 3, 360, -20998
0, 0, 0, 0, 4, 4, 3, 3, 360, 1270
0, 0, 0, 0, 4, 4, 3, 3, 360, -30727
0, 0, 0, 0, 4, 4, 3, 3, 360, -13570
0, 0, 0, 0, 4, 4, 3, 3, 360, -24840
0, 0, 0, 0, 4, 4, 3, 3, 360, 14324
0, 0, 0, 0, 4, 4, 3, 3, 360, -20998
0, 0, 0, 0, 4, 4, 3, 3, 360, -24840
0, 0, 0, 0, 4, 4, 3, 3, 360, 1270
0, 0, 0, 0, 4, 4, 3, 3, 360, -24840
0, 0, 0, 0, 4, 4, 3, 3, 360, 7671
0, 0, 0, 0, 4, 4, 3, 3, 360, 12021
0, 0, 0, 0, 4, 4, 3, 3, 608, -27400
0, 0, 0, 0, 4, 4, 3, 3, 363, -8964
0, 0, 0, 0, 4, 4, 3, 3, 360, -1540
0, 0, 0, 0, 4, 4, 3, 3, 608, 15860
0, 0, 0, 0, 4, 4, 3, 3, 360, -24840
0, 0, 0, 0, 4, 4, 3, 3, 360, 12021
0, 0, 0, 0, 4, 4, 3, 3, 360, -30727
0, 0, 0, 0, 4, 4, 3, 3, 360, -30727
0, 0, 0, 0, 4, 4, 3, 3, 351, 11508
0, 0, 0, 0, 4, 4, 3, 3, 360, -24840
0, 0, 0, 0, 4, 4, 3, 3, 360, -7939
0, 0, 0, 0, 4, 4, 3, 3, 360, 7671
0, 0, 0, 0, 4, 4, 3, 3, 360, 7671
0, 0, 0, 0, 4, 4, 3, 3, 360, -30727
0, 0, 0, 0, 4, 4, 3, 3, 360, -20998
0, 0, 0, 0, 4, 4, 3, 3, 363, -23815
0, 0, 0, 0, 4, 4, 3, 3, 360, -1540
0, 0, 0, 0, 4, 4, 3, 3, 360, -1540
0, 0, 0, 0, 4, 4, 3, 3, 360, -19205
0, 0, 0, 0, 4, 4, 3, 3, 360, -19205
0, 0, 0, 0, 4, 4, 3, 3, 360, -7939
0, 0, 0, 0, 4, 4, 3, 3, 360, 1270
0, 0, 0, 0, 4, 4, 3, 3, 360, -1540
0, 0, 0, 0, 4, 4, 3, 3, 360, -24840
0, 0, 0, 0, 4, 4, 3, 3, 360, 12021
0, 0, 0, 0, 4, 4, 3, 3, 360, 8960
0, 0, 0, 0, 4, 4, 3, 3, 360, -24840
0, 0, 0, 0, 4, 4, 3, 3, 360, -20998
0, 0, 0, 0, 4, 4, 3, 3, 360, 31475
0, 0, 0, 0, 4, 4, 3, 3, 361, -22277
0, 0, 0, 0, 4, 4, 3, 3, 360, -20998
0, 0, 0, 0, 4, 4, 3, 3, 360, -13570
0, 0, 0, 0, 4, 4, 3, 3, 360, 1270
0, 0, 0, 0, 4, 4, 3, 3, 360, -30727
0, 0, 0, 0, 4, 4, 3, 3, 360, -19205
0, 0, 0, 0, 4, 4, 3, 3, 360, -19205
0, 0, 0, 0, 4, 4, 3, 3, 360, 12021
0, 0, 0, 0, 4, 4, 3, 3, 360, 12021
0, 0, 0, 0, 4, 4, 3, 3, 360, -24840
0, 0, 0, 0, 4, 4, 3, 3, 360, -20998
0, 0, 0, 0, 4, 4, 3, 3, 361, -22277
0, 0, 0, 0, 4, 4, 3, 3, 360, -20998
0, 0, 0, 0, 4, 4, 3, 3, 360, -19205
0, 0, 0, 0, 4, 4, 3, 3, 360, -11265
0, 0, 0, 0, 4, 4, 3, 3, 360, -20998
0, 0, 0, 0, 4, 4, 3, 3, 360, -1540
0, 0, 0, 0, 4, 4, 3, 3, 360, 12021
0, 0, 0, 0, 4, 4, 3, 3, 360, -30727
0, 0, 0, 0, 4, 4, 3, 3, 360, 12021
0, 0, 0, 0, 4, 4, 3, 3, 360, -30727
0, 0, 0, 0, 4, 4, 3, 3, 360, 1270
0, 0, 0, 0, 4, 4, 3, 3, 360, 7671
0, 0, 0, 0, 4, 4, 3, 3, 607, -9483
0, 0, 0, 0, 4, 4, 3, 3, 360, -1540
0, 0, 0, 0, 4, 4, 3, 3, 360, -19205
0, 0, 0, 0, 4, 4, 3, 3, 360, -20998
0, 0, 0, 0, 4, 4, 3, 3, 360, -20998
0, 0, 0, 0, 4, 4, 3, 3, 360, -20998
0, 0, 0, 0, 4, 4, 3, 3, 360, 7671
0, 0, 0, 0, 4, 4, 3, 3, 360, -24840
0, 0, 0, 0, 4, 4, 3, 3, 360, -24840
0, 0, 0, 0, 4, 4, 3, 3, 367, 19191
0, 0, 0, 0, 4, 4, 3, 3, 360, -24840
0, 0, 0, 0, 4, 4, 3, 3, 360, -30727
0, 0, 0, 0, 4, 4, 3, 3, 360, 1270
0, 0, 0, 0, 4, 4, 3, 3, 360, 8960
0, 0, 0, 0, 4, 4, 3, 3, 360, 1270
0, 0, 0, 0, 4, 4, 3, 3, 360, -19205
0, 0, 0, 0, 4, 4, 3, 3, 360, -19205
0, 0, 0, 0, 4, 4, 3, 3, 360, 7671
0, 0, 0, 0, 4, 4, 3, 3, 360, 7671
0, 0, 0, 0, 4, 4, 3, 3, 360, 12021
0, 0, 0, 0, 4, 4, 3, 3, 361, -19974
0, 0, 0, 0, 4, 4, 3, 3, 360, 7671
0, 0, 0, 0, 4, 4, 3, 3, 360, 7671
0, 0, 0, 0, 4, 4, 3, 3, 360, -19205
0, 0, 0, 0, 4, 4, 3, 3, 360, -20998
0, 0, 0, 0, 4, 4, 3, 3, 360, -24840
0, 0, 0, 0, 4, 4, 3, 3, 360, -24840
0, 0, 0, 0, 4, 4, 3, 3, 360, -13570
0, 0, 0, 0, 4, 4, 3, 3, 360, 7671
0, 0, 0, 0, 4, 4, 3, 3, 360, 12021
0, 0, 0, 0, 4, 4, 3, 3, 360, 1270
0, 0, 0, 0, 4, 4, 3, 3, 360, 1270
0, 0, 0, 0, 4, 4, 3, 3, 360, -24840
0, 0, 0, 0, 4, 4, 3, 3, 401, 2553
0, 0, 0, 0, 4, 4, 3, 3, 367, -1286
0, 0, 0, 0, 4, 4, 3, 3, 360, -20998
0, 0, 0, 0, 4, 4, 3, 3, 360, 12021
0, 0, 0, 0, 4, 4, 3, 3, 360, -19205
0, 0, 0, 0, 4, 4, 3, 3, 360, -1540
0, 0, 0, 0, 4, 4, 3, 3, 360, 14324
0, 0, 0, 0, 4, 4, 3, 3, 360, 14324
0, 0, 0, 0, 4, 4, 3, 3, 360, 31475
0, 0, 0, 0, 4, 4, 3, 3, 360, 8960
0, 0, 0, 0, 4, 4, 3, 3, 360, -30727
0, 0, 0, 0, 4, 4, 3, 3, 360, 1270
0, 0, 0, 0, 4, 4, 3, 3, 360, 1270
0, 0, 0, 0, 4, 4, 3, 3, 360, 7671
0, 0, 0, 0, 4, 4, 3, 3, 359, 1787
0, 0, 0, 0, 4, 4, 3, 3, 360, -19205
0, 0, 0, 0, 4, 4, 3, 3, 360, -7939
0, 0, 0, 0, 4, 4, 3, 3, 360, -20998
0, 0, 0, 0, 4, 4, 3, 3, 360, 7671
0, 0, 0, 0, 4, 4, 3, 3, 360, 7671
0, 0, 0, 0, 4, 4, 3, 3, 360, 14324
0, 0, 0, 0, 4, 4, 3, 3, 360, -7939
0, 0, 0, 0, 4, 4, 3, 3, 360, -30727
0, 0, 0, 0, 4, 4, 3, 3, 360, -24840
0, 0, 0, 0, 4, 4, 3, 3, 359, 19452
0, 0, 0, 0, 4, 4, 3, 3, 608, 15860
0, 0, 0, 0, 4, 4, 3, 3, 362, -22536
0, 0, 0, 0, 4, 4, 3, 3, 360, -19205
0, 0, 0, 0, 4, 4, 3, 3, 608, 3830
0, 0, 0, 0, 4, 4, 3, 3, 360, -20998
0, 0, 0, 0, 4, 4, 3, 3, 360, -19205
0, 0, 0, 0, 4, 4, 3, 3, 360, -24840
0, 0, 0, 0, 4, 4, 3, 3, 360, 7671
0, 0, 0, 0, 4, 4, 3, 3, 360, 1270
0, 0, 0, 0, 4, 4, 3, 3, 360, -30727
0, 0, 0, 0, 4, 4, 3, 3, 360, 7671
0, 0, 0, 0, 4, 4, 3, 3, 360, 7671
0, 0, 0, 0, 4, 4, 3, 3, 360, 7671
0, 0, 0, 0, 4, 4, 3, 3, 609, 8692
0, 0, 0, 0, 4, 4, 3, 3, 360, 1270
0, 0, 0, 0, 4, 4, 3, 3, 362, 6133
0, 0, 0, 0, 4, 4, 3, 3, 360, 1270
0, 0, 0, 0, 4, 4, 3, 3, 360, 12021
0, 0, 0, 0, 4, 4, 3, 3, 360, -30727
0, 0, 0, 0, 4, 4, 3, 3, 360, -20998
0, 0, 0, 0, 4, 4, 3, 3, 360, -24840
0, 0, 0, 0, 4, 4, 3, 3, 360, 7671
0, 0, 0, 0, 4, 4, 3, 3, 360, -20998
0, 0, 0, 0, 4, 4, 3, 3, 360, 12021
0, 0, 0, 0, 4, 4, 3, 3, 360, -7939
0, 0, 0, 0, 4, 4, 3, 3, 360, -20998
0, 0, 0, 0, 4, 4, 3, 3, 363, 8694
0, 0, 0, 0, 4, 4, 3, 3, 360, 12021
0, 0, 0, 0, 4, 4, 3, 3, 360, -30727
0, 0, 0, 0, 4, 4, 3, 3, 360, -20998
0, 0, 0, 0, 4, 4, 3, 3, 360, 1270
0, 0, 0, 0, 4, 4, 3, 3, 360, -30727
0, 0, 0, 0, 4, 4, 3, 3, 360, 12021
0, 0, 0, 0, 4, 4, 3, 3, 360, 12021
0, 0, 0, 0, 4, 4, 3, 3, 360, -24840
0, 0, 0, 0, 4, 4, 3, 3, 360, -19205
0, 0, 0, 0, 4, 4, 3, 3, 360, -30727
0, 0, 0, 0, 4, 4, 3, 3, 361, 6390
0, 0, 0, 0, 4, 4, 3, 3, 360, -30727
0, 0, 0, 0, 4, 4, 3, 3, 360, -19205
0, 0, 0, 0, 4, 4, 3, 3, 362, 9463
0, 0, 0, 0, 4, 4, 3, 3, 360, -30727
0, 0, 0, 0, 4, 4, 3, 3, 360, 7671
0, 0, 0, 0, 4, 4, 3, 3, 360, -20998
0, 0, 0, 0, 4, 4, 3, 3, 360, 7671
0, 0, 0, 0, 4, 4, 3, 3, 360, -30727
0, 0, 0, 0, 4, 4, 3, 3, 360, -19205
0, 0, 0, 0, 4, 4, 3, 3, 360, -1540
0, 0, 0, 0, 4, 4, 3, 3, 360, -30727
0, 0, 0, 0, 4, 4, 3, 3, 360, 7671
0, 0, 0, 0, 4, 4, 3, 3, 360, -30727
0, 0, 0, 0, 4, 4, 3, 3, 360, -1540
0, 0, 0, 0, 4, 4, 3, 3, 608, -22534
0, 0, 0, 0, 4, 4, 3, 3, 360, 14324
0, 0, 0, 0, 4, 4, 3, 3, 366, 22263
0, 0, 0, 0, 4, 4, 3, 3, 360, -24840
0, 0, 0, 0, 4, 4, 3, 3, 360, -24840
0, 0, 0, 0, 4, 4, 3, 3, 360, -30727
0, 0, 0, 0, 4, 4, 3, 3, 360, 12021
0, 0, 0, 0, 4, 4, 3, 3, 360, -19205
0, 0, 0, 0, 4, 4, 3, 3, 360, -19205
0, 0, 0, 0, 4, 4, 3, 3, 360, -24840
0, 0, 0, 0, 4, 4, 3, 3, 360, 14849
0, 0, 0, 0, 4, 4, 3, 3, 360, 7671
0, 0, 0, 0, 4, 4, 3, 3, 608, 6135
0, 0, 0, 0, 4, 4, 3, 3, 368, -29702
0, 0, 0, 0, 4, 4, 3, 3, 360, -7939
0, 0, 0, 0, 4, 4, 3, 3, 608, -22534
0, 0, 0, 0, 4, 4, 3, 3, 360, -13570
0, 0, 0, 0, 4, 4, 3, 3, 360, -24840
0, 0, 0, 0, 4, 4, 3, 3, 360, -7939
0, 0, 0, 0, 4, 4, 3, 3, 360, -7939
0, 0, 0, 0, 4, 4, 3, 3, 360, 1270
0, 0, 0, 0, 4, 4, 3, 3, 360, -19205
0, 0, 0, 0, 4, 4, 3, 3, 360, -30727
0, 0, 0, 0, 4, 4, 3, 3, 360, -20998
0, 0, 0, 0, 4, 4, 3, 3, 360, 14324
0, 0, 0, 0, 4, 4, 3, 3, 360, 7671
0, 0, 0, 0, 4, 4, 3, 3, 360, -30727
0, 0, 0, 0, 4, 4, 3, 3, 361, -19974
0, 0, 0, 0, 4, 4, 3, 3, 360, -1540
0, 0, 0, 0, 4, 4, 3, 3, 360, -30727
0, 0, 0, 0, 4, 4, 3, 3, 360, -24840
0, 0, 0, 0, 4, 4, 3, 3, 360, -1540
0, 0, 0, 0, 4, 4, 3, 3, 360, -19205
0, 0, 0, 0, 4, 4, 3, 3, 360, 12021
0, 0, 0, 0, 4, 4, 3, 3, 360, 7671
0, 0, 0, 0, 4, 4, 3, 3, 360, -1540
0, 0, 0, 0, 4, 4, 3, 3, 360, 7671
0, 0, 0, 0, 4, 4, 3, 3, 360, 14324
0, 0, 0, 0, 4, 4, 3, 3, 360, 7671
0, 0, 0, 0, 4, 4, 3, 3, 360, -19205
0, 0, 0, 0, 4, 4, 3, 3, 360, -1540
0, 0, 0, 0, 4, 4, 3, 3, 361, -19974
0, 0, 0, 0, 4, 4, 3, 3, 360, -7939
0, 0, 0, 0, 4, 4, 3, 3, 360, 1270
0, 0, 0, 0, 4, 4, 3, 3, 360, 1270
0, 0, 0, 0, 4, 4, 3, 3, 360, -30727
0, 0, 0, 0, 4, 4, 3, 3, 360, -30727
0, 0, 0, 0, 4, 4, 3, 3, 360, -20998
0, 0, 0, 0, 4, 4, 3, 3, 360, -24840
0, 0, 0, 0, 4, 4, 3, 3, 360, -20998
0, 0, 0, 0, 4, 4, 3, 3, 360, -30727
0, 0, 0, 0, 4, 4, 3, 3, 360, 7671
0, 0, 0, 0, 4, 4, 3, 3, 360, -30727
0, 0, 0, 0, 4, 4, 3, 3, 360, -24840
0, 0, 0, 0, 4, 4, 3, 3, 365, -15366
0, 0, 0, 0, 4, 4, 3, 3, 360, -20998
0, 0, 0, 0, 4, 4, 3, 3, 360, -7939
0, 0, 0, 0, 4, 4, 3, 3, 360, 25586
0, 0, 0, 0, 4, 4, 3, 3, 360, -20998
0, 0, 0, 0, 4, 4, 3, 3, 361, -19974
0, 0, 0, 0, 4, 4, 3, 3, 360, -20998
0, 0, 0, 0, 4, 4, 3, 3, 360, -24840
0, 0, 0, 0, 4, 4, 3, 3, 360, -20998
0, 0, 0, 0, 4, 4, 3, 3, 360, -24840
0, 0, 0, 0, 4, 4, 3, 3, 360, -19205
0, 0, 0, 0, 4, 4, 3, 3, 360, -19205
0, 0, 0, 0, 4, 4, 3, 3, 360, 1270
0, 0, 0, 0, 4, 4, 3, 3, 360, 12021
0, 0, 0, 0, 4, 4, 3, 3, 360, 7671
0, 0, 0, 0, 4, 4, 3, 3, 360, -30727
0, 0, 0, 0, 4, 4, 3, 3, 362, -16132
0, 0, 0, 0, 4, 4, 3, 3, 360, -7939
0, 0, 0, 0, 4, 4, 3, 3, 360, 31475
0, 0, 0, 0, 4, 4, 3, 3, 360, 12021
0, 0, 0, 0, 4, 4, 3, 3, 360, -20998
0, 0, 0, 0, 4, 4, 3, 3, 360, -30727
0, 0, 0, 0, 4, 4, 3, 3, 360, -30727
0, 0, 0, 0, 4, 4, 3, 3, 360, 12021
0, 0, 0, 0, 4, 4, 3, 3, 360, -11265
0, 0, 0, 0, 4, 4, 3, 3, 360, -24840
0, 0, 0, 0, 4, 4, 3, 3, 360, -7939
0, 0, 0, 0, 4, 4, 3, 3, 360, -24840
0, 0, 0, 0, 4, 4, 3, 3, 360, 12021
0, 0, 0, 0, 4, 4, 3, 3, 360, -19205
0, 0, 0, 0, 4, 4, 3, 3, 362, 9463
0, 0, 0, 0, 4, 4, 3, 3, 360, 12021
0, 0, 0, 0, 4, 4, 3, 3, 360, 7671
0, 0, 0, 0, 4, 4, 3, 3, 360, 14324
0, 0, 0, 0, 4, 4, 3, 3, 360, 14324
0, 0, 0, 0, 4, 4, 3, 3, 360, -24840
0, 0, 0, 0, 4, 4, 3, 3, 360, -19205
0, 0, 0, 0, 4, 4, 3, 3, 360, -20998
0, 0, 0, 0, 4, 4, 3, 3, 360, -1540
0, 0, 0, 0, 4, 4, 3, 3, 360, -30727
0, 0, 0, 0, 4, 4, 3, 3, 360, -20998
0, 0, 0, 0, 4, 4, 3, 3, 362, -27398
0, 0, 0, 0, 4, 4, 3, 3, 360, 12021
0, 0, 0, 0, 4, 4, 3, 3, 360, 1270
0, 0, 0, 0, 4, 4, 3, 3, 360, -19205
0, 0, 0, 0, 4, 4, 3, 3, 360, -1540
0, 0, 0, 0, 4, 4, 3, 3, 360, -20998
0, 0, 0, 0, 4, 4, 3, 3, 360, 7671
0, 0, 0, 0, 4, 4, 3, 3, 360, 25586
0, 0, 0, 0, 4, 4, 3, 3, 360, -11265
0, 0, 0, 0, 4, 4, 3, 3, 360, -24840
0, 0, 0, 0, 4, 4, 3, 3, 360, -30727
0, 0, 0, 0, 4, 4, 3, 3, 360, 12021
0, 0, 0, 0, 4, 4, 3, 3, 360, -19205
0, 0, 0, 0, 4, 4, 3, 3, 360, -30727
0, 0, 0, 0, 4, 4, 3, 3, 361, -32008
0, 0, 0, 0, 4, 4, 3, 3, 360, 1270
0, 0, 0, 0, 4, 4, 3, 3, 360, -11265
0, 0, 0, 0, 4, 4, 3, 3, 360, -20998
0, 0, 0, 0, 4, 4, 3, 3, 360, -30727
0, 0, 0, 0, 4, 4, 3, 3, 360, 7671
0, 0, 0, 0, 4, 4, 3, 3, 360, -30727
0, 0, 0, 0, 4, 4, 3, 3, 360, -1540
0, 0, 0, 0, 4, 4, 3, 3, 360, -13570
0, 0, 0, 0, 4, 4, 3, 3, 360, -30727
0, 0, 0, 0, 4, 4, 3, 3, 360, 14324
0, 0, 0, 0, 4, 4, 3, 3, 360, 7671
0, 0, 0, 0, 4, 4, 3, 3, 360, -24840
0, 0, 0, 0, 4, 4, 3, 3, 607, 23034
0, 0, 0, 0, 4, 4, 3, 3, 361, -22277
0, 0, 0, 0, 4, 4, 3, 3, 360, -20998
0, 0, 0, 0, 4, 4, 3, 3, 607, 27384
0, 0, 0, 0, 4, 4, 3, 3, 360, -20998
0, 0, 0, 0, 4, 4, 3, 3, 360, -24840
0, 0, 0, 0, 4, 4, 3, 3, 360, -30727
0, 0, 0, 0, 4, 4, 3, 3, 360, -19205
0, 0, 0, 0, 4, 4, 3, 3, 360, 2307
0, 0, 0, 0, 4, 4, 3, 3, 360, -30727
0, 0, 0, 0, 4, 4, 3, 3, 360, -30727
0, 0, 0, 0, 4, 4, 3, 3, 360, -30727
0, 0, 0, 0, 4, 4, 3, 3, 359, 13817
0, 0, 0, 0, 4, 4, 3, 3, 360, -7939
0, 0, 0, 0, 4, 4, 3, 3, 360, 7671
0, 0, 0, 0, 4, 4, 3, 3, 359, -14093
0, 0, 0, 0, 4, 4, 3, 3, 607, 29689
0, 0, 0, 0, 4, 4, 3, 3, 360, 12021
0, 0, 0, 0, 4, 4, 3, 3, 370, -32264
0, 0, 0, 0, 4, 4, 3, 3, 360, -1540
0, 0, 0, 0, 4, 4, 3, 3, 360, -20998
0, 0, 0, 0, 4, 4, 3, 3, 360, 18159
0, 0, 0, 0, 4, 4, 3, 3, 360, -20998
0, 0, 0, 0, 4, 4, 3, 3, 360, -24840
0, 0, 0, 0, 4, 4, 3, 3, 360, 31475
0, 0, 0, 0, 4, 4, 3, 3, 360, 25586
0, 0, 0, 0, 4, 4, 3, 3, 360, -7939
0, 0, 0, 0, 4, 4, 3, 3, 360, -30727
0, 0, 0, 0, 4, 4, 3, 3, 360, 25586
0, 0, 0, 0, 4, 4, 3, 3, 360, -30727
0, 0, 0, 0, 4, 4, 3, 3, 400, 9979
0, 0, 0, 0, 4, 4, 3, 3, 360, -20998
0, 0, 0, 0, 4, 4, 3, 3, 369, 10231
0, 0, 0, 0, 4, 4, 3, 3, 360, -30727
0, 0, 0, 0, 4, 4, 3, 3, 360, -1540
0, 0, 0, 0, 4, 4, 3, 3, 360, 1270
0, 0, 0, 0, 4, 4, 3, 3, 360, 12021
0, 0, 0, 0, 4, 4, 3, 3, 360, -20998
0, 0, 0, 0, 4, 4, 3, 3, 360, -24840
0, 0, 0, 0, 4, 4, 3, 3, 360, -19205
0, 0, 0, 0, 4, 4, 3, 3, 360, -19205
0, 0, 0, 0, 4, 4, 3, 3, 360, -24840
0, 0, 0, 0, 4, 4, 3, 3, 360, -19205
0, 0, 0, 0, 4, 4, 3, 3, 360, -24840
0, 0, 0, 0, 4, 4, 3, 3, 360, 14324
0, 0, 0, 0, 4, 4, 3, 3, 400, 5625
0, 0, 0, 0, 4, 4, 3, 3, 368, -24071
0, 0, 0, 0, 4, 4, 3, 3, 360, 7671
0, 0, 0, 0, 4, 4, 3, 3, 360, -1540
0, 0, 0, 0, 4, 4, 3, 3, 360, -30727
0, 0, 0, 0, 4, 4, 3, 3, 360, -19205
0, 0, 0, 0, 4, 4, 3, 3, 360, -30727
0, 0, 0, 0, 4, 4, 3, 3, 360, -24840
0, 0, 0, 0, 4, 4, 3, 3, 360, -7939
0, 0, 0, 0, 4, 4, 3, 3, 360, -30727
0, 0, 0, 0, 4, 4, 3, 3, 360, -20998
0, 0, 0, 0, 4, 4, 3, 3, 360, -1540
0, 0, 0, 0, 4, 4, 3, 3, 360, 7671
0, 0, 0, 0, 4, 4, 3, 3, 608, -16130
0, 0, 0, 0, 4, 4, 3, 3, 360, 7671
0, 0, 0, 0, 4, 4, 3, 3, 362, -29189
0, 0, 0, 0, 4, 4, 3, 3, 360, 7671
0, 0, 0, 0, 4, 4, 3, 3, 360, -30727
0, 0, 0, 0, 4, 4, 3, 3, 362, -3074
0, 0, 0, 0, 4, 4, 3, 3, 360, -19205
0, 0, 0, 0, 4, 4, 3, 3, 360, 31475
0, 0, 0, 0, 4, 4, 3, 3, 360, -20998
0, 0, 0, 0, 4, 4, 3, 3, 360, -20998
0, 0, 0, 0, 4, 4, 3, 3, 360, -24840
0, 0, 0, 0, 4, 4, 3, 3, 360, -20998
0, 0, 0, 0, 4, 4, 3, 3, 360, 12021
0, 0, 0, 0, 4, 4, 3, 3, 360, 1270
0, 0, 0, 0, 4, 4, 3, 3, 361, -771
0, 0, 0, 0, 4, 4, 3, 3, 608, -29191
0, 0, 0, 0, 4, 4, 3, 3, 360, -13570
0, 0, 0, 0, 4, 4, 3, 3, 360, 7671
0, 0, 0, 0, 4, 4, 3, 3, 608, -27400
0, 0, 0, 0, 4, 4, 3, 3, 370, 7158
0, 0, 0, 0, 4, 4, 3, 3, 360, -30727
0, 0, 0, 0, 4, 4, 3, 3, 360, -20998
0, 0, 0, 0, 4, 4, 3, 3, 360, 20720
0, 0, 0, 0, 4, 4, 3, 3, 360, -24840
0, 0, 0, 0, 4, 4, 3, 3, 360, -20998
0, 0, 0, 0, 4, 4, 3, 3, 360, -24840
0, 0, 0, 0, 4, 4, 3, 3, 360, -7939
0, 0, 0, 0, 4, 4, 3, 3, 360, -1540
0, 0, 0, 0, 4, 4, 3, 3, 360, -24840
0, 0, 0, 0, 4, 4, 3, 3, 360, 7671
0, 0, 0, 0, 4, 4, 3, 3, 360, -24840
0, 0, 0, 0, 4, 4, 3, 3, 360, 7671
0, 0, 0, 0, 4, 4, 3, 3, 360, 7671
0, 0, 0, 0, 4, 4, 3, 3, 360, 14324
0, 0, 0, 0, 4, 4, 3, 3, 360, -30727
0, 0, 0, 0, 4, 4, 3, 3, 360, -24840
0, 0, 0, 0, 4, 4, 3, 3, 360, 12021
0, 0, 0, 0, 4, 4, 3, 3, 360, -24840
0, 0, 0, 0, 4, 4, 3, 3, 369, -23304
0, 0, 0, 0, 4, 4, 3, 3, 360, 7671
0, 0, 0, 0, 4, 4, 3, 3, 360, -30727
0, 0, 0, 0, 4, 4, 3, 3, 363, -30470
0, 0, 0, 0, 4, 4, 3, 3, 360, -1540
0, 0, 0, 0, 4, 4, 3, 3, 360, -20998
0, 0, 0, 0, 4, 4, 3, 3, 360, -7939
0, 0, 0, 0, 4, 4, 3, 3, 360, -13570
0, 0, 0, 0, 4, 4, 3, 3, 360, -20998
0, 0, 0, 0, 4, 4, 3, 3, 360, -30727
0, 0, 0, 0, 4, 4, 3, 3, 360, -20998
0, 0, 0, 0, 4, 4, 3, 3, 360, -24840
0, 0, 0, 0, 4, 4, 3, 3, 360, 7671
0, 0, 0, 0, 4, 4, 3, 3, 360, -24840
0, 0, 0, 0, 4, 4, 3, 3, 608, -29191
0, 0, 0, 0, 4, 4, 3, 3, 360, -30727
0, 0, 0, 0, 4, 4, 3, 3, 361, -32008
0, 0, 0, 0, 4, 4, 3, 3, 360, 25586
0, 0, 0, 0, 4, 4, 3, 3, 360, 1270
0, 0, 0, 0, 4, 4, 3, 3, 360, 14324
0, 0, 0, 0, 4, 4, 3, 3, 360, 1270
0, 0, 0, 0, 4, 4, 3, 3, 360, 14324
0, 0, 0, 0, 4, 4, 3, 3, 360, -24840
0, 0, 0, 0, 4, 4, 3, 3, 360, -30727
0, 0, 0, 0, 4, 4, 3, 3, 360, -20998
0, 0, 0, 0, 4, 4, 3, 3, 360, -30727
0, 0, 0, 0, 4, 4, 3, 3, 360, -19205
0, 0, 0, 0, 4, 4, 3, 3, 360, -30727
0, 0, 0, 0, 4, 4, 3, 3, 360, 1270
0, 0, 0, 0, 4, 4, 3, 3, 608, -27400
0, 0, 0, 0, 4, 4, 3, 3, 361, -771
0, 0, 0, 0, 4, 4, 3, 3, 360, -24840
0, 0, 0, 0, 4, 4, 3, 3, 360, -24840
0, 0, 0, 0, 4, 4, 3, 3, 360, -19205
0, 0, 0, 0, 4, 4, 3, 3, 360, -24840
0, 0, 0, 0, 4, 4, 3, 3, 360, -30727
0, 0, 0, 0, 4, 4, 3, 3, 360, -30727
0, 0, 0, 0, 4, 4, 3, 3, 360, -24840
0, 0, 0, 0, 4, 4, 3, 3, 360, 1270
0, 0, 0, 0, 4, 4, 3, 3, 360, 12021
0, 0, 0, 0, 4, 4, 3, 3, 360, 1270
0, 0, 0, 0, 4, 4, 3, 3, 369, -23304
0, 0, 0, 0, 4, 4, 3, 3, 360, -24840
0, 0, 0, 0, 4, 4, 3, 3, 360, -24840
0, 0, 0, 0, 4, 4, 3, 3, 360, -19205
0, 0, 0, 0, 4, 4, 3, 3, 360, 31475
0, 0, 0, 0, 4, 4, 3, 3, 360, -30727
0, 0, 0, 0, 4, 4, 3, 3, 360, 1270
0, 0, 0, 0, 4, 4, 3, 3, 360, -24840
0, 0, 0, 0, 4, 4, 3, 3, 360, 1270
0, 0, 0, 0, 4, 4, 3, 3, 360, -1540
0, 0, 0, 0, 4, 4, 3, 3, 360, 7671
0, 0, 0, 0, 4, 4, 3, 3, 361, -19974
0, 0, 0, 0, 4, 4, 3, 3, 360, 31475
0, 0, 0, 0, 4, 4, 3, 3, 360, -7939
0, 0, 0, 0, 4, 4, 3, 3, 360, -19205
0, 0, 0, 0, 4, 4, 3, 3, 360, 7671
0, 0, 0, 0, 4, 4, 3, 3, 360, -19205
0, 0, 0, 0, 4, 4, 3, 3, 360, -1540
0, 0, 0, 0, 4, 4, 3, 3, 360, -20998
0, 0, 0, 0, 4, 4, 3, 3, 360, 12021
0, 0, 0, 0, 4, 4, 3, 3, 360, 12021
0, 0, 0, 0, 4, 4, 3, 3, 360, -7939
0, 0, 0, 0, 4, 4, 3, 3, 360, -7939
0, 0, 0, 0, 4, 4, 3, 3, 360, -30727
0, 0, 0, 0, 4, 4, 3, 3, 360, 14324
0, 0, 0, 0, 4, 4, 3, 3, 360, -30727
0, 0, 0, 0, 4, 4, 3, 3, 360, 1270
0, 0, 0, 0, 4, 4, 3, 3, 401, 30716
0, 0, 0, 0, 4, 4, 3, 3, 361, -32008
0, 0, 0, 0, 4, 4, 3, 3, 360, -1540
0, 0, 0, 0, 4, 4, 3, 3, 360, -20998
0, 0, 0, 0, 4, 4, 3, 3, 360, -30727
0, 0, 0, 0, 4, 4, 3, 3, 360, -30727
0, 0, 0, 0, 4, 4, 3, 3, 360, 1270
0, 0, 0, 0, 4, 4, 3, 3, 360, -30727
0, 0, 0, 0, 4, 4, 3, 3, 360, 14324
0, 0, 0, 0, 4, 4, 3, 3, 361, 22001
0, 0, 0, 0, 4, 4, 3, 3, 360, 12021
0, 0, 0, 0, 4, 4, 3, 3, 360, -19205
0, 0, 0, 0, 4, 4, 3, 3, 360, 7671
0, 0, 0, 0, 4, 4, 3, 3, 360, -1540
0, 0, 0, 0, 4, 4, 3, 3, 360, -19205
0, 0, 0, 0, 4, 4, 3, 3, 360, -7939
0, 0, 0, 0, 4, 4, 3, 3, 360, -24840
0, 0, 0, 0, 4, 4, 3, 3, 360, 1270
0, 0, 0, 0, 4, 4, 3, 3, 360, 14324
0, 0, 0, 0, 4, 4, 3, 3, 360, -20998
0, 0, 0, 0, 4, 4, 3, 3, 360, 25586
0, 0, 0, 0, 4, 4, 3, 3, 360, 12021
0, 0, 0, 0, 4, 4, 3, 3, 607, -5641
0, 0, 0, 0, 4, 4, 3, 3, 369, -26630
0, 0, 0, 0, 4, 4, 3, 3, 360, -7939
0, 0, 0, 0, 4, 4, 3, 3, 607, 29689
0, 0, 0, 0, 4, 4, 3, 3, 360, -7939
0, 0, 0, 0, 4, 4, 3, 3, 360, -20998
0, 0, 0, 0, 4, 4, 3, 3, 360, -20998
0, 0, 0, 0, 4, 4, 3, 3, 360, -20998
0, 0, 0, 0, 4, 4, 3, 3, 360, -24840
0, 0, 0, 0, 4, 4, 3, 3, 360, 7671
0, 0, 0, 0, 4, 4, 3, 3, 360, -19205
0, 0, 0, 0, 4, 4, 3, 3, 360, -24840
0, 0, 0, 0, 4, 4, 3, 3, 360, -19205
0, 0, 0, 0, 4, 4, 3, 3, 360, -19205
0, 0, 0, 0, 4, 4, 3, 3, 360, 31475
0, 0, 0, 0, 4, 4, 3, 3, 361, -22277
0, 0, 0, 0, 4, 4, 3, 3, 360, -24840
0, 0, 0, 0, 4, 4, 3, 3, 360, 14324
0, 0, 0, 0, 4, 4, 3, 3, 360, -20998
0, 0, 0, 0, 4, 4, 3, 3, 360, -20998
0, 0, 0, 0, 4, 4, 3, 3, 360, 1270
0, 0, 0, 0, 4, 4, 3, 3, 360, -30727
0, 0, 0, 0, 4, 4, 3, 3, 359, 8186
0, 0, 0, 0, 4, 4, 3, 3, 360, -24840
0, 0, 0, 0, 4, 4, 3, 3, 360, -19205
0, 0, 0, 0, 4, 4, 3, 3, 360, -24840
0, 0, 0, 0, 4, 4, 3, 3, 360, -20998
0, 0, 0, 0, 4, 4, 3, 3, 360, 7671
0, 0, 0, 0, 4, 4, 3, 3, 360, -7939
0, 0, 0, 0, 4, 4, 3, 3, 360, -7939
0, 0, 0, 0, 4, 4, 3, 3, 360, -19205
0, 0, 0, 0, 4, 4, 3, 3, 360, 1270
0, 0, 0, 0, 4, 4, 3, 3, 359, 1787
0, 0, 0, 0, 4, 4, 3, 3, 360, 7671
0, 0, 0, 0, 4, 4, 3, 3, 360, -24840
0, 0, 0, 0, 4, 4, 3, 3, 360, 12021
0, 0, 0, 0, 4, 4, 3, 3, 360, 7671
0, 0, 0, 0, 4, 4, 3, 3, 360, 12021
0, 0, 0, 0, 4, 4, 3, 3, 360, -19205
0, 0, 0, 0, 4, 4, 3, 3, 360, -1540
0, 0, 0, 0, 4, 4, 3, 3, 360, 12021
0, 0, 0, 0, 4, 4, 3, 3, 360, 25586
0, 0, 0, 0, 4, 4, 3, 3, 360, -24840
0, 0, 0, 0, 4, 4, 3, 3, 367, -1286
0, 0, 0, 0, 4, 4, 3, 3, 360, 31475
0, 0, 0, 0, 4, 4, 3, 3, 360, 25586
0, 0, 0, 0, 4, 4, 3, 3, 360, -7939
0, 0, 0, 0, 4, 4, 3, 3, 360, 7671
0, 0, 0, 0, 4, 4, 3, 3, 360, -30727
0, 0, 0, 0, 4, 4, 3, 3, 360, 7671
0, 0, 0, 0, 4, 4, 3, 3, 360, 7671
0, 0, 0, 0, 4, 4, 3, 3, 360, -24840
0, 0, 0, 0, 4, 4, 3, 3, 360, -30727
0, 0, 0, 0, 4, 4, 3, 3, 360, -24840
0, 0, 0, 0, 4, 4, 3, 3, 360, -20998
0, 0, 0, 0, 4, 4, 3, 3, 608, -16645
0, 0, 0, 0, 4, 4, 3, 3, 360, -7939
0, 0, 0, 0, 4, 4, 3, 3, 367, -7173
0, 0, 0, 0, 4, 4, 3, 3, 360, 12021
0, 0, 0, 0, 4, 4, 3, 3, 360, -24840
0, 0, 0, 0, 4, 4, 3, 3, 360, -13570
0, 0, 0, 0, 4, 4, 3, 3, 360, -24840
0, 0, 0, 0, 4, 4, 3, 3, 362, -16132
0, 0, 0, 0, 4, 4, 3, 3, 360, 14849
0, 0, 0, 0, 4, 4, 3, 3, 608, 9461
0, 0, 0, 0, 4, 4, 3, 3, 360, -11265
0, 0, 0, 0, 4, 4, 3, 3, 360, 7671
0, 0, 0, 0, 4, 4, 3, 3, 360, -19205
0, 0, 0, 0, 4, 4, 3, 3, 360, 7671
0, 0, 0, 0, 4, 4, 3, 3, 360, -24840
0, 0, 0, 0, 4, 4, 3, 3, 360, 31475
0, 0, 0, 0, 4, 4, 3, 3, 360, -30727
0, 0, 0, 0, 4, 4, 3, 3, 360, -19205
0, 0, 0, 0, 4, 4, 3, 3, 360, -30727
0, 0, 0, 0, 4, 4, 3, 3, 360, 14324
0, 0, 0, 0, 4, 4, 3, 3, 360, -7939
0, 0, 0, 0, 4, 4, 3, 3, 362, 6133
0, 0, 0, 0, 4, 4, 3, 3, 360, 12021
0, 0, 0, 0, 4, 4, 3, 3, 360, -7939
0, 0, 0, 0, 4, 4, 3, 3, 400, 3320
0, 0, 0, 0, 4, 4, 3, 3, 360, 12021
0, 0, 0, 0, 4, 4, 3, 3, 367, -12039
0, 0, 0, 0, 4, 4, 3, 3, 360, -1540
0, 0, 0, 0, 4, 4, 3, 3, 360, -30727
0, 0, 0, 0, 4, 4, 3, 3, 360, 7671
0, 0, 0, 0, 4, 4, 3, 3, 360, 1270
0, 0, 0, 0, 4, 4, 3, 3, 360, 14324
0, 0, 0, 0, 4, 4, 3, 3, 360, -24840
0, 0, 0, 0, 4, 4, 3, 3, 360, -19205
0, 0, 0, 0, 4, 4, 3, 3, 360, 1270
0, 0, 0, 0, 4, 4, 3, 3, 360, -7939
0, 0, 0, 0, 4, 4, 3, 3, 360, 1270
0, 0, 0, 0, 4, 4, 3, 3, 360, -19205
0, 0, 0, 0, 4, 4, 3, 3, 360, -24840
0, 0, 0, 0, 4, 4, 3, 3, 400, 3320
0, 0, 0, 0, 4, 4, 3, 3, 361, 503
0, 0, 0, 0, 4, 4, 3, 3, 360, -24840
0, 0, 0, 0, 4, 4, 3, 3, 360, 18929
0, 0, 0, 0, 4, 4, 3, 3, 360, -24840
0, 0, 0, 0, 4, 4, 3, 3, 360, 7671
0, 0, 0, 0, 4, 4, 3, 3, 360, 7671
0, 0, 0, 0, 4, 4, 3, 3, 360, 7671
0, 0, 0, 0, 4, 4, 3, 3, 360, -24840
0, 0, 0, 0, 4, 4, 3, 3, 360, -20998
0, 0, 0, 0, 4, 4, 3, 3, 360, -1540
0, 0, 0, 0, 4, 4, 3, 3, 360, -13570
0, 0, 0, 0, 4, 4, 3, 3, 361, 6390
0, 0, 0, 0, 4, 4, 3, 3, 360, 1270
0, 0, 0, 0, 4, 4, 3, 3, 360, -24840
0, 0, 0, 0, 4, 4, 3, 3, 362, -16647
0, 0, 0, 0, 4, 4, 3, 3, 360, -30727
0, 0, 0, 0, 4, 4, 3, 3, 360, 1270
0, 0, 0, 0, 4, 4, 3, 3, 360, -11265
0, 0, 0, 0, 4, 4, 3, 3, 360, -19205
0, 0, 0, 0, 4, 4, 3, 3, 360, 1270
0, 0, 0, 0, 4, 4, 3, 3, 360, 7671
0, 0, 0, 0, 4, 4, 3, 3, 360, -20998
0, 0, 0, 0, 4, 4, 3, 3, 360, -20998
0, 0, 0, 0, 4, 4, 3, 3, 360, -20998
0, 0, 0, 0, 4, 4, 3, 3, 360, 12021
0, 0, 0, 0, 4, 4, 3, 3, 360, -13570
0, 0, 0, 0, 4, 4, 3, 3, 360, -20998
0, 0, 0, 0, 4, 4, 3, 3, 608, -22534
0, 0, 0, 0, 4, 4, 3, 3, 370, -19718
0, 0, 0, 0, 4, 4, 3, 3, 360, -1540
0, 0, 0, 0, 4, 4, 3, 3, 360, -30727
0, 0, 0, 0, 4, 4, 3, 3, 360, 12021
0, 0, 0, 0, 4, 4, 3, 3, 360, -30727
0, 0, 0, 0, 4, 4, 3, 3, 360, 7671
0, 0, 0, 0, 4, 4, 3, 3, 360, -30727
0, 0, 0, 0, 4, 4, 3, 3, 360, -1540
0, 0, 0, 0, 4, 4, 3, 3, 360, -20998
0, 0, 0, 0, 4, 4, 3, 3, 360, -7939
0, 0, 0, 0, 4, 4, 3, 3, 360, -20998
0, 0, 0, 0, 4, 4, 3, 3, 360, -1540
0, 0, 0, 0, 4, 4, 3, 3, 360, -19205
0, 0, 0, 0, 4, 4, 3, 3, 360, 7671
0, 0, 0, 0, 4, 4, 3, 3, 361, -19974
0, 0, 0, 0, 4, 4, 3, 3, 360, -7939
0, 0, 0, 0, 4, 4, 3, 3, 360, 12021
0, 0, 0, 0, 4, 4, 3, 3, 360, 7671
0, 0, 0, 0, 4, 4, 3, 3, 360, -30727
0, 0, 0, 0, 4, 4, 3, 3, 360, -30727
0, 0, 0, 0, 4, 4, 3, 3, 360, -20998
0, 0, 0, 0, 4, 4, 3, 3, 360, -7939
0, 0, 0, 0, 4, 4, 3, 3, 360, -19205
0, 0, 0, 0, 4, 4, 3, 3, 360, -30727
0, 0, 0, 0, 4, 4, 3, 3, 360, -7939
0, 0, 0, 0, 4, 4, 3, 3, 360, -1540
0, 0, 0, 0, 4, 4, 3, 3, 360, -20998
0, 0, 0, 0, 4, 4, 3, 3, 360, -30727
0, 0, 0, 0, 4, 4, 3, 3, 360, -20998
0, 0, 0, 0, 4, 4, 3, 3, 360, -30727
0, 0, 0, 0, 4, 4, 3, 3, 360, -13570
0, 0, 0, 0, 4, 4, 3, 3, 360, -11265
0, 0, 0, 0, 4, 4, 3, 3, 360, 7671
0, 0, 0, 0, 4, 4, 3, 3, 360, -19205
0, 0, 0, 0, 4, 4, 3, 3, 360, 1270
0, 0, 0, 0, 4, 4, 3, 3, 360, 7671
0, 0, 0, 0, 4, 4, 3, 3, 360, -1540
0, 0, 0, 0, 4, 4, 3, 3, 360, -7939
0, 0, 0, 0, 4, 4, 3, 3, 401, 28413
0, 0, 0, 0, 4, 4, 3, 3, 362, 9463
0, 0, 0, 0, 4, 4, 3, 3, 360, -20998
0, 0, 0, 0, 4, 4, 3, 3, 360, 7671
0, 0, 0, 0, 4, 4, 3, 3, 360, 7671
0, 0, 0, 0, 4, 4, 3, 3, 360, 1270
0, 0, 0, 0, 4, 4, 3, 3, 360, -20998
0, 0, 0, 0, 4, 4, 3, 3, 360, -1540
0, 0, 0, 0, 4, 4, 3, 3, 360, -20998
0, 0, 0, 0, 4, 4, 3, 3, 360, -20998
0, 0, 0, 0, 4, 4, 3, 3, 360, -24840
0, 0, 0, 0, 4, 4, 3, 3, 360, -30727
0, 0, 0, 0, 4, 4, 3, 3, 360, -30727
0, 0, 0, 0, 4, 4, 3, 3, 360, 1270
0, 0, 0, 0, 4, 4, 3, 3, 360, -24840
0, 0, 0, 0, 4, 4, 3, 3, 361, -771
0, 0, 0, 0, 4, 4, 3, 3, 360, 12021
0, 0, 0, 0, 4, 4, 3, 3, 360, 7671
0, 0, 0, 0, 4, 4, 3, 3, 360, 1270
0, 0, 0, 0, 4, 4, 3, 3, 360, 8960
0, 0, 0, 0, 4, 4, 3, 3, 360, -24840
0, 0, 0, 0, 4, 4, 3, 3, 360, -30727
0, 0, 0, 0, 4, 4, 3, 3, 360, -30727
0, 0, 0, 0, 4, 4, 3, 3, 360, -24840
0, 0, 0, 0, 4, 4, 3, 3, 360, 25586
0, 0, 0, 0, 4, 4, 3, 3, 607, -10496
0, 0, 0, 0, 4, 4, 3, 3, 360, -30727
0, 0, 0, 0, 4, 4, 3, 3, 360, 14324
0, 0, 0, 0, 4, 4, 3, 3, 607, 16635
0, 0, 0, 0, 4, 4, 3, 3, 360, 12021
0, 0, 0, 0, 4, 4, 3, 3, 360, 14324
0, 0, 0, 0, 4, 4, 3, 3, 360, -30727
0, 0, 0, 0, 4, 4, 3, 3, 360, 1270
0, 0, 0, 0, 4, 4, 3, 3, 360, 7671
0, 0, 0, 0, 4, 4, 3, 3, 360, -30727
0, 0, 0, 0, 4, 4, 3, 3, 360, -30727
0, 0, 0, 0, 4, 4, 3, 3, 360, -20998
0, 0, 0, 0, 4, 4, 3, 3, 360, -11265
0, 0, 0, 0, 4, 4, 3, 3, 360, -30727
0, 0, 0, 0, 4, 4, 3, 3, 360, -1540
0, 0, 0, 0, 4, 4, 3, 3, 361, -19974
0, 0, 0, 0, 4, 4, 3, 3, 360, 12021
0, 0, 0, 0, 4, 4, 3, 3, 360, 7671
0, 0, 0, 0, 4, 4, 3, 3, 360, -13570
0, 0, 0, 0, 4, 4, 3, 3, 360, -20998
0, 0, 0, 0, 4, 4, 3, 3, 360, 7671
0, 0, 0, 0, 4, 4, 3, 3, 360, -24840
0, 0, 0, 0, 4, 4, 3, 3, 351, -25351
0, 0, 0, 0, 4, 4, 3, 3, 360, 7671
0, 0, 0, 0, 4, 4, 3, 3, 360, -20998
0, 0, 0, 0, 4, 4, 3, 3, 360, -20998
0, 0, 0, 0, 4, 4, 3, 3, 360, -19205
0, 0, 0, 0, 4, 4, 3, 3, 360, 31475
0, 0, 0, 0, 4, 4, 3, 3, 360, -1540
0, 0, 0, 0, 4, 4, 3, 3, 360, -30727
0, 0, 0, 0, 4, 4, 3, 3, 360, 7671
0, 0, 0, 0, 4, 4, 3, 3, 360, -20998
0, 0, 0, 0, 4, 4, 3, 3, 360, -19205
0, 0, 0, 0, 4, 4, 3, 3, 359, 13817
0, 0, 0, 0, 4, 4, 3, 3, 359, -20489
0, 0, 0, 0, 4, 4, 3, 3, 360, -20998
0, 0, 0, 0, 4, 4, 3, 3, 360, 14324
0, 0, 0, 0, 4, 4, 3, 3, 359, 30974
0, 0, 0, 0, 4, 4, 3, 3, 360, -20998
0, 0, 0, 0, 4, 4, 3, 3, 368, -14595
0, 0, 0, 0, 4, 4, 3, 3, 360, -19205
0, 0, 0, 0, 4, 4, 3, 3, 360, 1270
0, 0, 0, 0, 4, 4, 3, 3, 360, 1270
0, 0, 0, 0, 4, 4, 3, 3, 360, -30727
0, 0, 0, 0, 4, 4, 3, 3, 360, 31475
0, 0, 0, 0, 4, 4, 3, 3, 360, -24840
0, 0, 0, 0, 4, 4, 3, 3, 360, -7939
0, 0, 0, 0, 4, 4, 3, 3, 360, 7671
0, 0, 0, 0, 4, 4, 3, 3, 360, -7939
0, 0, 0, 0, 4, 4, 3, 3, 608, -27400
0, 0, 0, 0, 4, 4, 3, 3, 361, -19974
0, 0, 0, 0, 4, 4, 3, 3, 360, -24840
0, 0, 0, 0, 4, 4, 3, 3, 608, 9461
0, 0, 0, 0, 4, 4, 3, 3, 362, 9463
0, 0, 0, 0, 4, 4, 3, 3, 360, -20998
0, 0, 0, 0, 4, 4, 3, 3, 360, 1270
0, 0, 0, 0, 4, 4, 3, 3, 360, -13570
0, 0, 0, 0, 4, 4, 3, 3, 360, 12021
0, 0, 0, 0, 4, 4, 3, 3, 360, -30727
0, 0, 0, 0, 4, 4, 3, 3, 360, -1540
0, 0, 0, 0, 4, 4, 3, 3, 360, -19205
0, 0, 0, 0, 4, 4, 3, 3, 360, -24840
0, 0, 0, 0, 4, 4, 3, 3, 360, 7671
0, 0, 0, 0, 4, 4, 3, 3, 360, -20998
0, 0, 0, 0, 4, 4, 3, 3, 361, 6390
0, 0, 0, 0, 4, 4, 3, 3, 360, -19205
0, 0, 0, 0, 4, 4, 3, 3, 360, -19205
0, 0, 0, 0, 4, 4, 3, 3, 362, -9731
0, 0, 0, 0, 4, 4, 3, 3, 360, -19205
0, 0, 0, 0, 4, 4, 3, 3, 360, -24840
0, 0, 0, 0, 4, 4, 3, 3, 360, 7671
0, 0, 0, 0, 4, 4, 3, 3, 360, 14324
0, 0, 0, 0, 4, 4, 3, 3, 360, 12021
0, 0, 0, 0, 4, 4, 3, 3, 360, -24840
0, 0, 0, 0, 4, 4, 3, 3, 360, -20998
0, 0, 0, 0, 4, 4, 3, 3, 360, 7671
0, 0, 0, 0, 4, 4, 3, 3, 360, -1540
0, 0, 0, 0, 4, 4, 3, 3, 360, 1270
0, 0, 0, 0, 4, 4, 3, 3, 360, -20998
0, 0, 0, 0, 4, 4, 3, 3, 360, -24840
0, 0, 0, 0, 4, 4, 3, 3, 360, -20998
0, 0, 0, 0, 4, 4, 3, 3, 360, -19205
0, 0, 0, 0, 4, 4, 3, 3, 360, -7939
0, 0, 0, 0, 4, 4, 3, 3, 360, -19205
0, 0, 0, 0, 4, 4, 3, 3, 360, -30727
0, 0, 0, 0, 4, 4, 3, 3, 360, -19205
0, 0, 0, 0, 4, 4, 3, 3, 360, -1540
0, 0, 0, 0, 4, 4, 3, 3, 360, -20998
0, 0, 0, 0, 4, 4, 3, 3, 360, 12021
0, 0, 0, 0, 4, 4, 3, 3, 360, -24840
0, 0, 0, 0, 4, 4, 3, 3, 360, 14324
0, 0, 0, 0, 4, 4, 3, 3, 360, -20998
0, 0, 0, 0, 4, 4, 3, 3, 360, -24840
0, 0, 0, 0, 4, 4, 3, 3, 360, -24840
0, 0, 0, 0, 4, 4, 3, 3, 360, -19205
0, 0, 0, 0, 4, 4, 3, 3, 368, -18184
0, 0, 0, 0, 4, 4, 3, 3, 360, 7671
0, 0, 0, 0, 4, 4, 3, 3, 360, -30727
0, 0, 0, 0, 4, 4, 3, 3, 360, 1270
0, 0, 0, 0, 4, 4, 3, 3, 360, -19205
0, 0, 0, 0, 4, 4, 3, 3, 360, -19205
0, 0, 0, 0, 4, 4, 3, 3, 360, -1540
0, 0, 0, 0, 4, 4, 3, 3, 360, 31475
0, 0, 0, 0, 4, 4, 3, 3, 360, -19205
0, 0, 0, 0, 4, 4, 3, 3, 360, -24840
0, 0, 0, 0, 4, 4, 3, 3, 360, 14324
0, 0, 0, 0, 4, 4, 3, 3, 362, -29189
0, 0, 0, 0, 4, 4, 3, 3, 360, -13570
0, 0, 0, 0, 4, 4, 3, 3, 360, 14324
0, 0, 0, 0, 4, 4, 3, 3, 360, 31475
0, 0, 0, 0, 4, 4, 3, 3, 360, 1270
0, 0, 0, 0, 4, 4, 3, 3, 360, -1540
0, 0, 0, 0, 4, 4, 3, 3, 360, 7671
0, 0, 0, 0, 4, 4, 3, 3, 360, 31475
0, 0, 0, 0, 4, 4, 3, 3, 360, -30727
0, 0, 0, 0, 4, 4, 3, 3, 360, 12021
0, 0, 0, 0, 4, 4, 3, 3, 608, 6135
0, 0, 0, 0, 4, 4, 3, 3, 360, -20998
0, 0, 0, 0, 4, 4, 3, 3, 360, 14324
0, 0, 0, 0, 4, 4, 3, 3, 608, 9461
0, 0, 0, 0, 4, 4, 3, 3, 360, -24840
0, 0, 0, 0, 4, 4, 3, 3, 360, -24840
0, 0, 0, 0, 4, 4, 3, 3, 360, -13570
0, 0, 0, 0, 4, 4, 3, 3, 360, -19205
0, 0, 0, 0, 4, 4, 3, 3, 360, 12021
0, 0, 0, 0, 4, 4, 3, 3, 360, 1270
0, 0, 0, 0, 4, 4, 3, 3, 608, 3830
0, 0, 0, 0, 4, 4, 3, 3, 360, -13570
0, 0, 0, 0, 4, 4, 3, 3, 366, -13063
0, 0, 0, 0, 4, 4, 3, 3, 360, 2043
0, 0, 0, 0, 22, 17, -21, -19, 360, -3
11, 4, -6, -12, 29, 21, -27, -26, 400, 31186
18, 7, -9, -12, 36, 25, -31, -30, 360, 6116
14, 11, -12, -16, 37, 28, -35, -33, 360, -1692
19, 18, -21, -18, 42, 32, -40, -36, 400, 29831
23, 21, -21, -23, 47, 36, -44, -41, 360, 24077
33, 23, -29, -28, 55, 40, -51, -46, 360, -23144
56, 31, -45, -41, 65, 45, -59, -53, 400, 174
69, 36, -51, -41, 75, 51, -67, -58, 360, 24261
89, 44, -60, -59, 85, 57, -74, -68, 360, 30249
120, 51, -75, -85, 90, 59, -77, -72, 400, 8465
106, 58, -73, -98, 90, 61, -79, -78, 360, 5804
125, 67, -80, -106, 95, 66, -82, -81, 360, 27468
137, 81, -111, -128, 96, 68, -91, -82, 400, 14093
137, 85, -100, -120, 98, 71, -91, -83, 360, -26134
128, 88, -113, -127, 99, 74, -96, -85, 360, -21569
169, 117, -139, -141, 104, 78, -102, -87, 400, 25921
152, 99, -134, -131, 107, 80, -105, -88, 360, -23614
166, 119, -154, -135, 113, 85, -112, -93, 360, -5231
201, 132, -178, -150, 112, 87, -115, -94, 400, 32105
170, 123, -163, -156, 115, 88, -110, -92, 360, -28473
194, 132, -167, -144, 111, 84, -117, -97, 360, -27429
227, 143, -200, -169, 105, 85, -110, -92, 400, 12023
180, 142, -188, -151, 116, 79, -102, -96, 360, 262
194, 134, -172, -157, 109, 83, -110, -92, 360, -11850
197, 135, -186, -163, 104, 80, -96, -90, 360, -17989
196, 138, -173, -157, 101, 80, -101, -94, 360, 28985
192, 138, -185, -165, 104, 74, -93, -84, 360, -13977
192, 141, -181, -161, 103, 69, -95, -84, 360, 26889
189, 134, -178, -162, 104, 73, -94, -81, 360, 31873
197, 138, -177, -163, 93, 72, -91, -84, 360, -482
191, 136, -166, -159, 100, 70, -96, -82, 360, 19046
186, 136, -186, -154, 103, 75, -86, -87, 360, 12544
190, 145, -185, -166, 99, 68, -86, -79, 360, -30117
194, 148, -161, -158, 95, 66, -96, -83, 360, -22167
290, 224, -293, -255, 107, 67, -89, -79, 608, 29486
194, 139, -183, -159, 98, 66, -91, -82, 360, 19875
202, 134, -161, -155, 96, 71, -99, -85, 360, -8325
303, 223, -309, -276, 106, 73, -89, -82, 608, 2897
200, 150, -200, -155, 94, 61, -80, -89, 360, 29300
197, 144, -172, -163, 98, 66, -95, -85, 361, -1692
180, 130, -166, -165, 106, 75, -93, -84, 360, -29877
195, 144, -176, -150, 95, 64, -90, -92, 360, -21814
186, 143, -180, -171, 101, 71, -89, -81, 360, 28547
194, 134, -160, -164, 95, 73, -94, -86, 360, -14178
186, 145, -173, -149, 97, 73, -85, -92, 360, -3695
191, 145, -177, -170, 93, 77, -84, -86, 360, 7394
195, 146, -165, -162, 92, 71, -95, -90, 360, 28488
198, 137, -176, -163, 90, 78, -91, -88, 360, -18948
178, 147, -184, -163, 104, 71, -89, -86, 360, 2434
194, 145, -176, -164, 93, 75, -92, -89, 360, 11304
188, 144, -177, -171, 100, 74, -86, -82, 361, 31424
181, 146, -171, -168, 102, 73, -94, -84, 360, -28099
308, 246, -293, -259, 104, 70, -90, -96, 607, 9930
192, 141, -174, -172, 98, 72, -92, -77, 360, -17145
195, 136, -166, -158, 96, 75, -98, -89, 360, 19445
187, 140, -177, -156, 101, 78, -87, -92, 360, -14705
195, 150, -172, -168, 94, 69, -92, -84, 360, -27561
203, 133, -169, -158, 91, 80, -95, -89, 360, 20188
315, 233, -307, -272, 103, 75, -85, -87, 607, 3135
191, 151, -182, -166, 96, 71, -85, -86, 360, 4127
187, 143, -169, -165, 99, 78, -91, -90, 360, 7790
207, 162, -195, -190, 101, 73, -89, -83, 401, 22403
184, 143, -172, -159, 101, 71, -94, -88, 360, 3044
183, 144, -180, -167, 101, 74, -85, -86, 360, -11025
218, 165, -185, -184, 92, 72, -94, -90, 401, 6095
186, 140, -169, -162, 98, 80, -89, -92, 360, -727
191, 148, -170, -167, 91, 74, -91, -89, 360, -29793
211, 164, -192, -187, 99, 75, -88, -87, 401, 16139
194, 143, -172, -165, 95, 72, -93, -87, 360, 16054
194, 137, -178, -162, 94, 81, -87, -89, 360, 9569
209, 168, -198, -187, 94, 74, -86, -88, 401, -14848
190, 149, -173, -167, 96, 74, -90, -88, 360, -11174
189, 147, -176, -171, 95, 74, -87, -85, 363, 5261
211, 165, -192, -178, 93, 73, -91, -93, 401, -2892
186, 148, -178, -165, 98, 71, -86, -87, 360, 14361
195, 147, -171, -171, 88, 77, -87, -84, 360, 23385
213, 160, -183, -185, 91, 78, -91, -89, 401, -31969
184, 153, -176, -168, 94, 73, -82, -89, 361, -851
193, 151, -172, -172, 90, 71, -86, -85, 360, 31239
189, 140, -167, -171, 97, 76, -93, -82, 360, 5681
181, 148, -175, -162, 100, 73, -85, -91, 360, 19343
187, 152, -176, -168, 96, 71, -86, -86, 360, -23150
188, 146, -170, -169, 97, 73, -92, -85, 360, 20583
194, 146, -170, -168, 88, 80, -87, -89, 360, -23596
176, 153, -176, -169, 102, 71, -84, -86, 360, -13384
190, 159, -180, -169, 92, 68, -79, -88, 360, 8143
189, 156, -163, -175, 94, 70, -91, -83, 360, -8624
187, 144, -158, -166, 93, 77, -93, -90, 360, 5842
183, 151, -172, -163, 102, 68, -86, -89, 360, -27846
323, 259, -302, -296, 91, 64, -85, -80, 607, -375
189, 139, -165, -167, 93, 83, -91, -90, 360, -17905
179, 148, -178, -166, 101, 73, -88, -90, 368, 245
187, 148, -178, -168, 96, 75, -83, -87, 360, 28672
188, 147, -168, -173, 97, 73, -93, -83, 360, 27013
186, 145, -168, -163, 98, 78, -93, -91, 360, -29099
189, 152, -178, -171, 91, 77, -83, -87, 360, 13141
199, 154, -167, -171, 88, 75, -91, -89, 360, -24033
182, 148, -168, -172, 98, 79, -86, -86, 360, -13954
188, 158, -168, -164, 92, 70, -91, -92, 360, 9349
185, 144, -174, -171, 98, 82, -84, -86, 359, -16478
188, 148, -167, -167, 91, 78, -88, -91, 359, -12277
169, 155, -177, -167, 96, 73, -82, -86, 359, -17270
185, 156, -170, -178, 91, 75, -85, -87, 360, 15293
189, 143, -169, -169, 93, 81, -86, -89, 360, 11882
297, 237, -290, -280, 99, 84, -83, -93, 608, -19349
188, 157, -167, -173, 93, 68, -91, -84, 360, -22370
185, 143, -169, -173, 100, 81, -90, -84, 360, -29607
316, 242, -277, -274, 95, 78, -92, -96, 608, 27878
189, 152, -180, -168, 96, 76, -80, -89, 362, 15734
189, 149, -165, -174, 92, 77, -91, -86, 359, -17928
312, 254, -280, -295, 98, 73, -90, -83, 607, 22407
177, 148, -175, -161, 99, 81, -82, -96, 360, -27755
193, 153, -174, -172, 91, 72, -88, -85, 360, -2134
188, 145, -172, -166, 95, 79, -86, -92, 360, -14869
184, 149, -171, -162, 95, 74, -86, -94, 360, 31822
199, 147, -179, -170, 84, 79, -80, -89, 360, 10516
325, 243, -293, -294, 90, 83, -83, -89, 608, 21840
184, 152, -164, -170, 94, 75, -89, -88, 360, 28485
189, 150, -173, -174, 90, 80, -81, -87, 360, 3880
205, 164, -182, -190, 97, 81, -91, -89, 401, 4152
178, 153, -170, -166, 99, 75, -84, -93, 360, -27558
187, 152, -167, -172, 91, 76, -91, -86, 360, 2188
212, 164, -196, -181, 92, 76, -84, -91, 400, 7340
186, 147, -176, -166, 95, 80, -84, -92, 360, -1842
181, 155, -171, -170, 100, 69, -88, -86, 360, -27182
217, 161, -192, -185, 89, 82, -85, -92, 400, -21544
186, 153, -175, -175, 98, 69, -86, -81, 360, -4994
196, 147, -169, -163, 85, 80, -86, -96, 360, 21415
198, 167, -187, -195, 100, 75, -87, -85, 400, 10
191, 146, -167, -166, 91, 78, -89, -93, 360, 408
180, 145, -171, -170, 101, 79, -85, -88, 360, -25411
204, 170, -182, -186, 95, 74, -92, -91, 400, -309
186, 151, -169, -170, 94, 79, -85, -89, 360, 12675
185, 154, -170, -174, 97, 72, -90, -84, 360, 29553
211, 168, -197, -184, 90, 75, -82, -91, 400, 23452
185, 151, -168, -176, 98, 76, -89, -83, 360, 32545
187, 153, -170, -167, 94, 72, -89, -91, 360, -26914
207, 162, -191, -190, 99, 79, -86, -85, 400, -24115
180, 158, -171, -173, 100, 66, -88, -85, 360, 21651
193, 144, -166, -171, 93, 79, -91, -85, 360, -32200
179, 150, -172, -176, 104, 70, -91, -82, 368, -10101
188, 148, -166, -161, 95, 74, -92, -92, 360, -29830
196, 146, -179, -173, 94, 82, -85, -89, 371, -29311
207, 167, -186, -179, 97, 73, -91, -94, 400, -23705
193, 151, -177, -170, 88, 79, -80, -89, 360, -7098
191, 149, -167, -170, 92, 80, -91, -90, 361, -25595
205, 162, -187, -182, 94, 82, -85, -97, 400, -5103
188, 161, -176, -176, 90, 73, -79, -88, 360, -12750
189, 152, -169, -178, 87, 82, -84, -87, 360, -28496
177, 152, -161, -170, 101, 74, -91, -89, 360, 26625
184, 157, -171, -173, 93, 73, -83, -89, 360, -30940
187, 150, -168, -174, 90, 79, -83, -87, 360, -5506
180, 144, -158, -166, 97, 77, -93, -91, 360, 19318
186, 153, -175, -168, 94, 75, -80, -90, 360, -11964
188, 149, -171, -173, 91, 80, -86, -89, 360, 12527
193, 143, -168, -163, 90, 83, -86, -96, 360, -16138
181, 154, -173, -169, 99, 73, -87, -88, 360, 7439
198, 155, -177, -171, 86, 76, -81, -91, 360, 6625
190, 150, -171, -173, 91, 81, -83, -90, 360, 16526
174, 153, -166, -167, 99, 75, -88, -92, 360, 20982
183, 155, -171, -178, 94, 79, -83, -86, 360, 11345
189, 151, -165, -165, 91, 77, -86, -95, 360, -31686
183, 148, -167, -170, 98, 76, -88, -87, 360, -29584
185, 153, -171, -164, 92, 77, -83, -96, 360, 23674
195, 151, -172, -177, 88, 73, -85, -82, 360, -3537
189, 142, -166, -165, 90, 83, -88, -94, 360, 15397
179, 149, -172, -168, 98, 78, -83, -90, 360, -1637
195, 156, -174, -172, 89, 74, -83, -88, 360, 28977
185, 146, -169, -172, 94, 79, -88, -88, 360, 11170
176, 153, -167, -165, 100, 75, -89, -92, 360, -7985
185, 152, -172, -175, 97, 76, -86, -86, 361, 5415
295, 248, -272, -285, 102, 81, -93, -92, 608, -13988
186, 151, -171, -167, 95, 77, -84, -90, 360, 124
189, 153, -171, -173, 92, 78, -86, -90, 360, 16111
313, 250, -278, -280, 96, 82, -89, -97, 608, -12822
197, 159, -175, -174, 91, 74, -87, -92, 371, -18260
190, 146, -174, -170, 94, 76, -86, -87, 360, -12819
189, 145, -176, -169, 95, 80, -83, -92, 360, 26903
190, 152, -170, -170, 91, 78, -86, -92, 361, 22854
179, 147, -167, -168, 99, 80, -88, -92, 360, -21125
183, 153, -176, -171, 95, 75, -81, -88, 360, 26427
185, 153, -165, -173, 93, 79, -86, -88, 360, -23916
182, 150, -161, -166, 92, 80, -88, -95, 360, 21094
309, 263, -283, -284, 93, 78, -80, -93, 608, -13471
189, 155, -168, -172, 89, 78, -84, -90, 360, -20705
186, 148, -161, -170, 94, 79, -90, -90, 360, -15967
204, 172, -187, -192, 95, 73, -87, -88, 401, -1845
184, 156, -173, -175, 93, 76, -80, -90, 360, -7988
185, 153, -168, -173, 91, 80, -83, -94, 360, 13187
197, 165, -181, -194, 101, 80, -89, -85, 400, 30918
179, 150, -170, -173, 97, 77, -87, -89, 360, -2760
186, 154, -167, -169, 97, 74, -90, -90, 360, -412
206, 165, -184, -196, 96, 77, -92, -83, 400, -8395
183, 156, -163, -170, 97, 75, -90, -91, 360, -5417
190, 153, -168, -165, 91, 79, -88, -94, 360, -5719
204, 179, -194, -196, 91, 77, -77, -90, 400, -30468
191, 154, -156, -176, 87, 82, -92, -90, 360, -31229
185, 150, -170, -167, 94, 78, -83, -94, 360, 14038
201, 175, -200, -194, 95, 73, -78, -87, 400, 26954
188, 151, -164, -172, 91, 80, -90, -91, 360, 13657
174, 144, -163, -167, 102, 83, -87, -94, 360, -18921
202, 182, -194, -189, 92, 70, -78, -93, 400, -30133
192, 152, -167, -176, 89, 78, -87, -87, 360, 25337
177, 141, -158, -173, 98, 86, -90, -92, 360, -27037
202, 180, -185, -183, 69, 61, -61, -64, 400, -22014
177, 155, -157, -162, 63, 55, -56, -57, 360, 5450
161, 137, -140, -147, 54, 45, -45, -48, 360, -25186
171, 136, -140, -145, 47, 36, -36, -38, 400, 8132
150, 115, -112, -131, 40, 30, -30, -34, 360, -28470
134, 104, -109, -119, 28, 21, -22, -24, 366, -17223
126, 113, -108, -114, 16, 15, -14, -14, 400, -26165
100, 81, -76, -99, 5, 6, -5, -6, 360, -10023
88, 51, -40, -75, -3, -5, 8, 4, 362, -30296
82, 40, -28, -75, -12, -13, 15, 11, 400, -14190
61, 16, -19, -57, -17, -15, 14, 15, 360, 4848
48, 0, -3, -43, -23, -15, 14, 20, 360, -10420
37, -3, 8, -35, -27, -21, 19, 25, 360, -2162
21, -4, 10, -19, -34, -15, 11, 30, 360, -5632
13, 4, -2, -12, -33, -11, 15, 40, 360, -28092
-3, 8, 2, -1, -20, -10, 7, 29, 360, -8472
-4, 1, 0, 5, -15, -3, 6, 22, 360, 8673
-2, 8, 0, 7, -14, -7, 4, 16, 360, -8894
-4, 0, 2, 13, -9, 0, 1, 7, 360, -23114
-1, -4, 8, 9, -6, 3, -5, 3, 360, 13020
1, -1, 5, 2, -4, 2, -3, 5, 360, -13875
2, 0, 2, -2, -2, 1, -2, 4, 360, -26623
1, 1, 0, 0, 0, 1, 0, 0, 608, -21151
2, 1, 0, -1, 2, 0, 0, 0, 360, 30694
0, 3, 0, 0, 5, 0, 0, -3, 362, 19715
0, 1, 0, 0, 5, 2, 0, -2, 360, -23600
1, 0, 0, 0, 2, 4, 0, -1, 360, 16317
0, 0, 0, 0, 2, 4, 0, 1, 360, 5893
0, 0, 0, 0, 2, 3, 1, 3, 360, -31697
0, 0, 0, 0, 2, 3, 3, 4, 360, -22258
0, 0, 0, 0, 3, 2, 4, 4, 360, -36
0, 0, 0, 0, 3, 2, 4, 4, 360, -6435
0, 0, 0, 0, 3, 3, 4, 4, 360, -3844
0, 0, 0, 0, 3, 3, 3, 3, 360, 22548
0, 0, 0, 0, 4, 3, 3, 3, 607, -17660
0, 0, 0, 0, 4, 3, 3, 3, 367, -19485
0, 0, 0, 0, 4, 3, 3, 3, 360, 5879
0, 0, 0, 0, 4, 3, 3, 3, 607, 11519
0, 0, 0, 0, 4, 3, 3, 3, 360, -22790
0, 0, 0, 0, 4, 3, 3, 3, 360, 17137
0, 0, 0, 0, 4, 3, 3, 3, 360, 29171
0, 0, 0, 0, 4, 3, 3, 3, 360, -29447
0, 0, 0, 0, 4, 3, 3, 3, 360, -27144
0, 0, 0, 0, 4, 3, 3, 3, 401, 10490
0, 0, 0, 0, 4, 3, 3, 3, 360, 4086
0, 0, 0, 0, 4, 3, 3, 3, 360, 4086
0, 0, 0, 0, 4, 3, 3, 3, 360, 4086
0, 0, 0, 0, 4, 3, 3, 3, 364, -6152
0, 0, 0, 0, 4, 3, 3, 3, 360, -29447
0, 0, 0, 0, 4, 3, 3, 3, 360, -29447
0, 0, 0, 0, -22, -20, 20, 22, 360, -23554
-8, -11, 16, 8, -28, -26, 28, 28, 400, -17030
-10, -17, 22, 9, -33, -32, 33, 32, 360, -11688
-14, -17, 19, 14, -38, -36, 36, 38, 360, -11041
-23, -21, 26, 21, -43, -39, 40, 42, 401, 28881
-26, -27, 26, 23, -48, -44, 44, 47, 360, -6435
-37, -39, 35, 37, -57, -53, 51, 57, 360, -11907
-50, -53, 57, 48, -62, -57, 59, 62, 401, 28666
-59, -64, 61, 53, -70, -65, 65, 68, 369, -31841
-64, -78, 74, 65, -76, -73, 72, 77, 360, -12229
-88, -116, 97, 73, -80, -79, 76, 77, 401, 18818
-86, -91, 116, 82, -84, -77, 83, 84, 365, -11986
-106, -105, 136, 87, -90, -80, 87, 86, 360, 17283
-108, -119, 147, 90, -90, -82, 88, 87, 360, 24154
-127, -124, 138, 105, -97, -84, 86, 93, 360, 29093
-130, -128, 128, 113, -99, -83, 84, 97, 360, 24489
-136, -147, 135, 125, -102, -85, 86, 102, 360, -31978
-150, -163, 131, 147, -109, -83, 91, 105, 360, 23976
-154, -150, 146, 159, -110, -83, 93, 109, 360, 3862
-163, -144, 147, 145, -109, -83, 90, 108, 360, -30711
-278, -246, 269, 262, -112, -85, 92, 114, 607, -1197
-180, -159, 155, 160, -111, -78, 99, 114, 360, -17209
-170, -142, 174, 173, -115, -87, 90, 107, 364, 19732
-181, -144, 161, 159, -106, -86, 94, 112, 360, 9716
-185, -149, 166, 178, -103, -87, 88, 100, 360, -13405
-179, -161, 178, 171, -104, -82, 78, 109, 360, 28766
-189, -163, 157, 168, -94, -84, 89, 107, 360, 22617
-175, -149, 163, 181, -103, -92, 82, 98, 360, -16048
-190, -160, 162, 177, -90, -87, 81, 98, 360, 25096
-184, -158, 162, 177, -92, -84, 82, 94, 360, 15836
-180, -159, 167, 179, -95, -83, 79, 92, 360, 9522
-180, -158, 158, 169, -93, -80, 88, 94, 360, 31367
-180, -158, 158, 180, -94, -75, 90, 86, 360, -10229
-183, -155, 174, 173, -92, -75, 78, 90, 360, 4426
-175, -159, 162, 165, -99, -74, 90, 99, 360, -28467
-303, -255, 272, 297, -94, -83, 88, 89, 607, 22285
-190, -166, 166, 181, -89, -69, 85, 90, 363, 3146
-173, -159, 171, 169, -104, -72, 84, 93, 360, -27907
-310, -248, 288, 285, -94, -80, 85, 94, 607, -6890
-203, -151, 166, 179, -83, -76, 87, 86, 360, 11490
-178, -155, 180, 176, -97, -77, 76, 90, 360, -25571
-177, -155, 171, 166, -94, -81, 78, 97, 360, 24074
-183, -146, 165, 182, -89, -88, 80, 87, 360, 31422
-188, -163, 158, 173, -89, -73, 87, 91, 360, -22321
-300, -273, 284, 295, -95, -80, 76, 90, 607, 22563
-180, -161, 166, 164, -92, -75, 81, 98, 360, 8561
-181, -151, 154, 174, -93, -84, 89, 93, 360, -17149
-210, -184, 192, 199, -89, -73, 77, 89, 405, 12547
-184, -159, 172, 168, -96, -71, 82, 94, 360, -1038
-175, -145, 166, 164, -104, -84, 84, 99, 360, 25482
-224, -166, 176, 209, -80, -80, 90, 83, 401, -27994
-197, -161, 169, 178, -83, -75, 83, 91, 360, -17879
-158, -153, 169, 171, -92, -74, 84, 88, 359, -30805
-197, -171, 182, 181, -94, -77, 86, 99, 400, -6711
-180, -150, 156, 177, -97, -82, 92, 89, 360, -8082
-175, -154, 173, 173, -101, -76, 83, 90, 360, -20917
-204, -177, 180, 180, -96, -71, 93, 95, 400, -12985
-184, -148, 169, 177, -95, -84, 83, 88, 360, 28605
-191, -156, 163, 175, -89, -76, 91, 89, 360, 20528
-206, -175, 192, 193, -94, -78, 81, 88, 400, -7249
-174, -151, 166, 167, -100, -81, 86, 97, 360, -27322
-194, -160, 162, 177, -90, -73, 88, 87, 360, -8214
-194, -161, 193, 190, -104, -88, 80, 97, 400, -6691
-187, -159, 166, 173, -91, -73, 88, 89, 360, 20228
-180, -157, 167, 173, -97, -81, 79, 94, 360, 19187
-206, -173, 182, 191, -87, -80, 84, 96, 400, 25270
-176, -156, 163, 174, -99, -80, 83, 92, 360, -12895
-183, -153, 164, 173, -91, -81, 86, 91, 360, 2548
-193, -161, 172, 166, -90, -76, 82, 101, 368, 4195
-185, -153, 166, 174, -93, -80, 86, 91, 360, -12654
-184, -155, 168, 174, -96, -75, 87, 90, 362, 30048
-202, -171, 186, 186, -97, -79, 84, 96, 400, 19079
-183, -155, 169, 177, -94, -75, 85, 88, 362, -1013
-187, -157, 161, 172, -95, -73, 93, 91, 360, -10288
-179, -147, 175, 173, -98, -83, 79, 91, 360, -18799
-185, -152, 166, 169, -96, -78, 90, 92, 362, -1857
-190, -152, 172, 175, -91, -76, 83, 87, 360, -26803
-185, -154, 170, 168, -97, -75, 84, 93, 360, -16150
-191, -147, 167, 163, -92, -81, 88, 95, 360, -19738
-191, -147, 171, 172, -91, -80, 84, 89, 360, -20649
-188, -152, 170, 173, -93, -77, 86, 90, 360, 4924
-174, -151, 172, 168, -100, -76, 84, 91, 360, -2688
-189, -148, 161, 171, -90, -79, 92, 89, 360, -27952
-178, -152, 167, 168, -98, -74, 83, 91, 351, -11730
-177, -151, 170, 171, -98, -78, 85, 90, 360, -3748
-186, -160, 163, 167, -93, -69, 90, 94, 360, -12608
-185, -148, 175, 179, -98, -79, 81, 82, 360, 17260
-319, -252, 291, 274, -93, -76, 85, 98, 608, 7307
-185, -152, 163, 162, -97, -76, 91, 94, 360, -20502
-193, -146, 174, 168, -95, -77, 83, 94, 362, 31241
-186, -152, 170, 163, -97, -74, 89, 93, 360, -15154
-187, -149, 168, 173, -94, -77, 87, 88, 360, -12892
-184, -144, 173, 165, -99, -80, 86, 95, 360, 11107
-190, -151, 168, 169, -92, -76, 89, 91, 360, 3739
-181, -152, 174, 172, -96, -79, 81, 93, 360, 16269
-186, -148, 171, 168, -96, -80, 86, 91, 360, -8455
-186, -150, 173, 168, -95, -75, 86, 92, 360, 13040
-189, -152, 174, 171, -93, -77, 84, 90, 360, -8557
-190, -153, 168, 168, -93, -74, 86, 91, 360, -29025
-315, -237, 288, 289, -94, -85, 84, 87, 608, 31107
-191, -154, 170, 164, -93, -72, 87, 92, 362, 11570
-184, -145, 167, 172, -95, -81, 87, 89, 360, 15038
-309, -254, 283, 289, -96, -74, 87, 87, 608, -30456
-183, -148, 168, 166, -99, -76, 89, 92, 360, 25444
-187, -150, 168, 171, -93, -76, 88, 89, 360, 28565
-183, -152, 165, 170, -97, -75, 92, 90, 360, 7134
-188, -154, 177, 170, -93, -74, 82, 91, 360, 4656
-187, -154, 169, 171, -96, -73, 90, 86, 360, -466
-217, -163, 194, 185, -89, -78, 86, 93, 401, 5909
-189, -152, 176, 171, -96, -70, 85, 85, 360, 2172
-186, -142, 176, 159, -98, -81, 84, 96, 360, -19274
-208, -164, 186, 189, -96, -71, 93, 82, 400, -3279
-187, -150, 171, 170, -96, -74, 86, 88, 360, -429
-185, -145, 166, 170, -97, -76, 92, 84, 360, -24004
-207, -166, 191, 188, -95, -75, 84, 89, 400, 17799
-186, -153, 167, 167, -95, -71, 90, 90, 360, -24574
-184, -146, 173, 167, -100, -75, 86, 88, 360, 7613
-197, -142, 179, 169, -88, -78, 83, 88, 360, -27414
-189, -152, 172, 168, -95, -74, 86, 88, 360, 22428
-185, -149, 171, 170, -96, -75, 87, 90, 360, -1181
-189, -148, 172, 166, -94, -75, 88, 89, 360, -9507
-185, -150, 175, 167, -98, -72, 85, 88, 360, -19830
-187, -146, 173, 158, -96, -74, 87, 97, 360, 21560
-185, -147, 170, 165, -98, -74, 87, 91, 360, 26782
-193, -141, 176, 172, -91, -79, 84, 87, 360, 26908
-186, -149, 175, 162, -95, -76, 82, 95, 360, -932
-181, -153, 166, 166, -99, -73, 89, 91, 360, -10736
-327, -237, 295, 302, -92, -79, 85, 79, 608, 20707
-200, -150, 175, 167, -88, -72, 85, 90, 360, 13330
-185, -147, 177, 160, -100, -73, 87, 92, 364, 22885
-189, -144, 173, 166, -94, -76, 86, 87, 360, 2988
-187, -146, 171, 167, -98, -75, 89, 88, 360, 23982
-183, -148, 176, 162, -99, -76, 82, 92, 360, 32731
-185, -146, 168, 164, -96, -78, 88, 93, 360, 31081
-190, -152, 171, 167, -96, -69, 90, 91, 360, -20322
-189, -139, 176, 170, -97, -77, 88, 83, 360, 28508
-189, -146, 171, 161, -97, -72, 90, 92, 360, -541
-197, -145, 179, 167, -93, -74, 85, 88, 360, -21024
-185, -143, 174, 164, -99, -80, 88, 92, 360, -15296
-327, -248, 292, 282, -89, -75, 88, 88, 608, -28163
-186, -146, 179, 166, -98, -77, 81, 90, 360, 12277
-182, -149, 174, 158, -101, -71, 89, 90, 360, 27622
-316, -237, 293, 278, -96, -77, 90, 84, 608, -1661
-193, -151, 174, 163, -97, -69, 87, 88, 362, -20433
-178, -144, 178, 157, -101, -74, 86, 92, 360, 5488
-190, -142, 168, 162, -93, -76, 91, 93, 360, -2487
-193, -147, 174, 172, -92, -73, 87, 85, 360, -13815
-196, -144, 176, 163, -93, -72, 88, 91, 360, 4825
-180, -140, 176, 162, -104, -76, 87, 91, 360, 6471
-195, -140, 173, 168, -94, -78, 89, 88, 360, -8466
-192, -149, 176, 166, -98, -69, 91, 85, 360, -20795
-305, -238, 299, 272, -105, -79, 89, 90, 608, -31101
-188, -148, 163, 158, -99, -69, 98, 89, 360, -9299
-190, -140, 177, 172, -100, -82, 86, 83, 360, -9356
-216, -168, 195, 179, -91, -74, 87, 95, 403, 15237
-182, -155, 171, 162, -102, -67, 91, 87, 360, 18735
-194, -139, 175, 162, -95, -78, 91, 89, 360, -5882
-218, -166, 193, 190, -94, -70, 88, 84, 400, -28078
-189, -148, 180, 165, -96, -70, 87, 88, 360, 5909
-184, -142, 177, 162, -100, -74, 86, 91, 360, -9778
-209, -159, 191, 189, -95, -80, 85, 87, 400, -13197
-186, -150, 175, 176, -97, -69, 88, 82, 360, 31302
-191, -145, 176, 161, -96, -73, 86, 88, 360, -16860
-204, -157, 190, 176, -99, -74, 91, 91, 400, 32251
-193, -144, 170, 169, -96, -69, 94, 81, 360, -20506
-194, -143, 179, 158, -93, -77, 84, 94, 360, 25761
-213, -157, 192, 181, -91, -80, 88, 90, 400, -14885
-193, -150, 172, 164, -97, -65, 92, 84, 360, 15098
-188, -141, 175, 167, -100, -76, 91, 84, 360, -12462
-213, -164, 197, 183, -93, -71, 87, 88, 400, 31455
-186, -149, 179, 164, -97, -74, 83, 91, 360, -4564
-184, -145, 168, 166, -97, -76, 92, 89, 360, 20020
-215, -161, 201, 192, -93, -72, 83, 83, 400, 5839
-190, -144, 182, 158, -97, -72, 84, 91, 360, -1646
-188, -137, 174, 159, -94, -82, 85, 95, 360, 651
-201, -147, 176, 180, -89, -77, 86, 81, 369, 4534
-196, -147, 174, 164, -92, -71, 88, 88, 360, -7780
-188, -138, 179, 160, -98, -75, 86, 85, 362, -10185
-224, -157, 190, 189, -85, -77, 88, 82, 400, -14974
-186, -148, 174, 165, -99, -74, 85, 91, 360, -32704
-188, -149, 175, 162, -95, -73, 87, 90, 360, 1009
-206, -166, 196, 189, -100, -67, 89, 79, 401, -23518
-192, -141, 169, 158, -96, -74, 96, 92, 360, 18484
-185, -143, 180, 164, -99, -75, 83, 87, 360, -18761
-191, -147, 174, 166, -94, -72, 89, 86, 360, 15179
-199, -137, 177, 158, -92, -77, 89, 92, 362, 7949
-187, -140, 174, 163, -103, -72, 93, 87, 360, 489
-195, -136, 182, 161, -93, -73, 87, 85, 360, 13509
-194, -138, 171, 158, -97, -74, 94, 90, 360, -23814
-188, -141, 184, 164, -99, -74, 84, 85, 360, -11306
-191, -140, 187, 163, -95, -79, 79, 91, 360, -7411
-190, -139, 170, 162, -97, -76, 93, 86, 360, -19354
-196, -139, 187, 172, -73, -56, 69, 69, 360, -13963
-188, -136, 183, 152, -65, -52, 64, 59, 360, 9671
-163, -123, 152, 133, -51, -41, 46, 44, 360, -24117
-157, -118, 141, 125, -44, -36, 38, 38, 360, 24939
-146, -107, 120, 116, -34, -27, 27, 30, 360, -24002
-128, -102, 107, 102, -24, -20, 17, 20, 360, -21567
-109, -91, 109, 95, -11, -12, 12, 12, 360, -8838
-98, -80, 81, 74, -1, -2, 1, 1, 361, -24788
-78, -57, 77, 49, 11, 7, -8, -10, 360, -18696
-37, -53, 74, 27, 17, 9, -10, -14, 360, 337
9, -48, 57, -6, 30, 14, -17, -24, 360, -999
26, -39, 50, -6, 27, 16, -20, -22, 360, -1672
3, -31, 37, 0, 24, 21, -26, -11, 360, 24247
0, -16, 19, -3, 16, 27, -34, -13, 360, -20726
6, -8, 8, -5, 10, 31, -28, -1, 360, 27513
-13, -5, 13, 0, 24, 30, -34, -1, 360, -2832
-1, 4, -2, -1, 8, 20, -19, 3, 360, -8472
2, 5, 0, -4, 7, 18, -19, 5, 607, 5955
4, 2, -2, -2, 2, 17, -14, 7, 361, -11258
2, 3, -4, 0, 2, 12, -7, 7, 360, -27531
11, 1, -2, 1, -1, 13, -8, 6, 607, 14833
3, 1, 0, 1, 2, 8, -4, 5, 361, -22428
1, -1, 2, 1, 2, 7, -2, 5, 360, -22326
0, -1, 0, 0, 2, 5, 1, 5, 360, 31580
-2, -2, 0, 0, 5, 3, 4, 4, 360, -6791
0, -1, 0, 0, 0, 2, 5, 4, 360, 1076
0, 0, 0, 0, 0, 2, 5, 4, 360, 12777
0, 1, 0, 0, 1, 3, 4, 3, 360, -27698
0, 0, 0, 0, 2, 4, 4, 3, 360, 18935
0, 0, 0, 0, 2, 4, 3, 3, 607, -30192
-1, 0, 0, 0, 4, 4, 3, 3, 360, -9469
0, 0, 0, 0, 4, 4, 3, 3, 360, 18407
0, 0, 0, 0, 4, 4, 3, 4, 362, -17680
0, 0, 0, 0, 4, 4, 4, 4, 360, 29953
0, 0, 0, 0, 3, 4, 4, 3, 360, -3584
0, 0, 0, 0, 3, 3, 3, 3, 360, -27401
0, 0, 0, 0, 4, 3, 3, 3, 360, 9717
0, 0, 0, 0, 4, 3, 3, 3, 360, 22781
0, 0, 0, 0, 22, 15, -21, -17, 401, -25608
6, 3, -5, -14, 28, 18, -26, -24, 360, 3447
10, 3, -7, -14, 33, 20, -30, -27, 360, -5851
13, 6, -15, -11, 36, 23, -36, -28, 401, 15093
14, 7, -20, -11, 41, 26, -41, -31, 360, -1867
24, 10, -25, -17, 48, 29, -46, -36, 360, -6725
45, 17, -36, -25, 58, 34, -53, -41, 401, -16926
53, 18, -38, -30, 65, 37, -58, -46, 360, 17660
53, 29, -48, -44, 69, 43, -65, -53, 360, -27427
95, 32, -60, -63, 83, 46, -71, -60, 401, 12470
84, 40, -71, -61, 84, 51, -78, -62, 360, -21354
125, 45, -72, -73, 95, 52, -79, -66, 360, -25874
115, 60, -90, -93, 93, 58, -86, -71, 368, -17946
131, 63, -102, -112, 99, 60, -91, -77, 360, -22142
143, 74, -102, -117, 100, 61, -92, -76, 360, 28102
147, 85, -127, -109, 99, 62, -97, -72, 401, -22191
151, 78, -130, -101, 105, 65, -104, -74, 360, 3149
171, 85, -150, -107, 112, 69, -112, -78, 359, 12209
178, 105, -175, -127, 111, 68, -112, -78, 400, -12021
176, 97, -156, -130, 113, 70, -114, -79, 360, 4883
173, 111, -171, -123, 116, 68, -116, -80, 360, 28756
199, 119, -189, -144, 119, 67, -119, -77, 400, -20033
209, 107, -173, -129, 111, 65, -120, -78, 360, -8357
202, 104, -201, -131, 121, 71, -107, -82, 360, -11028
188, 112, -187, -139, 119, 68, -118, -79, 360, 16323
203, 103, -200, -142, 112, 69, -104, -71, 360, -5924
214, 117, -209, -139, 102, 59, -97, -75, 360, 10983
177, 109, -181, -138, 111, 61, -100, -70, 360, 30494
187, 112, -188, -139, 111, 57, -105, -69, 360, 14251
194, 108, -183, -136, 113, 59, -109, -70, 360, 21526
188, 111, -187, -129, 111, 55, -104, -69, 360, 30558
198, 114, -198, -138, 110, 49, -97, -63, 360, 4367
212, 109, -189, -130, 103, 56, -107, -74, 360, 24968
190, 109, -183, -132, 114, 54, -107, -72, 360, -21504
206, 113, -195, -118, 103, 53, -99, -77, 360, -8553
203, 113, -197, -134, 108, 55, -103, -77, 360, -1798
205, 106, -190, -144, 106, 61, -105, -69, 360, 12135
203, 112, -189, -130, 106, 57, -109, -82, 360, -27528
192, 112, -199, -137, 113, 58, -97, -76, 360, 6523
213, 116, -198, -142, 94, 58, -95, -75, 360, -30830
201, 112, -189, -142, 102, 62, -99, -74, 360, -1298
327, 196, -333, -234, 108, 62, -91, -78, 608, -32146
201, 120, -193, -144, 99, 61, -95, -75, 360, 26377
211, 117, -192, -145, 98, 66, -96, -75, 371, -13165
197, 115, -186, -138, 103, 61, -102, -74, 360, 20801
204, 117, -197, -138, 98, 62, -90, -74, 360, -1365
213, 135, -201, -159, 105, 66, -100, -82, 400, 24814
202, 127, -188, -146, 98, 59, -93, -76, 360, 26815
191, 118, -188, -142, 107, 67, -97, -81, 360, 11844
224, 143, -207, -162, 103, 50, -102, -70, 400, 19234
204, 115, -194, -140, 101, 63, -96, -79, 360, -18749
193, 116, -193, -150, 106, 69, -92, -79, 360, 26897
231, 142, -204, -159, 96, 55, -102, -79, 400, 21888
195, 119, -194, -148, 110, 58, -95, -70, 360, -4036
207, 120, -194, -142, 97, 59, -93, -79, 360, 13283
212, 124, -200, -158, 110, 72, -100, -83, 400, -6906
194, 125, -189, -146, 105, 57, -94, -75, 360, -8517
204, 126, -197, -145, 99, 60, -90, -77, 360, -4979
222, 129, -207, -158, 102, 65, -97, -78, 400, -2194
204, 120, -186, -142, 96, 65, -95, -80, 360, 25606
198, 124, -191, -146, 100, 68, -89, -82, 360, 23501
223, 146, -204, -163, 96, 61, -98, -81, 400, 29440
195, 121, -187, -146, 105, 66, -95, -79, 360, 303
200, 128, -185, -147, 99, 66, -95, -84, 362, 27577
211, 144, -211, -176, 109, 66, -91, -75, 400, -3619
194, 128, -182, -150, 104, 62, -100, -79, 360, -10699
198, 123, -189, -153, 100, 67, -91, -77, 360, -8345
219, 140, -207, -167, 103, 64, -96, -78, 400, -29371
206, 130, -193, -150, 97, 56, -94, -74, 362, 21747
201, 121, -188, -146, 100, 69, -91, -83, 360, 3394
198, 126, -190, -148, 101, 60, -91, -77, 360, -6402
203, 125, -184, -148, 97, 68, -94, -83, 360, -32156
205, 128, -183, -151, 92, 66, -93, -78, 360, 1943
190, 126, -185, -149, 106, 61, -96, -75, 360, -29236
193, 122, -180, -148, 102, 64, -101, -76, 360, 22877
195, 131, -185, -148, 100, 60, -94, -78, 360, -3715
198, 130, -192, -154, 101, 58, -92, -73, 360, 18195
200, 125, -182, -147, 96, 71, -97, -85, 360, 13191
194, 131, -186, -153, 103, 62, -94, -78, 360, 22863
198, 133, -193, -153, 98, 61, -89, -76, 360, 27051
347, 221, -319, -259, 94, 65, -92, -79, 608, -23067
193, 125, -177, -151, 106, 63, -104, -77, 360, -2263
198, 130, -192, -152, 108, 60, -94, -77, 370, -29614
197, 128, -187, -151, 100, 62, -95, -77, 360, 21921
197, 121, -176, -152, 103, 67, -102, -75, 360, 18026
190, 127, -183, -145, 105, 68, -95, -86, 360, -10078
204, 139, -188, -152, 93, 62, -91, -80, 360, 5583
206, 130, -193, -163, 95, 67, -88, -72, 360, -11006
193, 124, -177, -143, 101, 71, -100, -88, 360, -10165
201, 133, -191, -153, 96, 65, -90, -78, 360, -7898
201, 130, -191, -161, 98, 64, -93, -72, 360, -9823
197, 129, -183, -147, 99, 69, -93, -85, 362, 23436
303, 219, -307, -264, 100, 66, -92, -74, 608, -15874
196, 130, -175, -148, 97, 68, -100, -84, 360, 17726
198, 129, -189, -150, 96, 66, -89, -84, 360, -749
323, 208, -308, -248, 102, 73, -93, -84, 608, -7758
202, 141, -187, -161, 99, 65, -92, -80, 370, 30010
191, 128, -185, -154, 107, 66, -95, -79, 360, 24119
199, 125, -182, -146, 99, 69, -95, -83, 360, -29009
196, 128, -182, -157, 103, 68, -99, -77, 360, 1110
195, 127, -187, -150, 105, 66, -95, -81, 360, 11857
200, 127, -184, -151, 100, 67, -98, -78, 360, 20701
199, 126, -187, -150, 101, 67, -95, -78, 360, -19625
192, 129, -187, -149, 105, 65, -94, -80, 360, -31875
339, 224, -307, -261, 98, 63, -100, -75, 608, 26978
192, 129, -187, -150, 102, 68, -90, -82, 360, -13425
204, 133, -192, -146, 93, 68, -87, -87, 360, -10170
332, 228, -322, -263, 99, 66, -87, -79, 608, -16071
341, 214, -299, -253, 94, 69, -97, -83, 608, 26819
191, 127, -188, -148, 104, 66, -89, -85, 360, 14697
191, 139, -191, -161, 103, 60, -86, -77, 361, 31898
195, 137, -172, -159, 98, 61, -99, -80, 360, 17608
194, 123, -179, -149, 103, 70, -94, -83, 360, 26559
211, 145, -198, -173, 104, 64, -98, -80, 400, -21857
192, 130, -181, -152, 106, 64, -98, -79, 360, 11065
205, 126, -183, -159, 95, 66, -95, -74, 360, 1600
208, 135, -175, -172, 103, 64, -97, -74, 400, 9738
191, 129, -188, -151, 106, 64, -96, -77, 360, -13515
217, 132, -190, -147, 88, 63, -95, -79, 360, -31121
208, 132, -209, -170, 114, 73, -95, -74, 400, 19482
185, 135, -189, -142, 107, 61, -95, -84, 360, 10988
203, 133, -191, -150, 95, 65, -92, -78, 360, -29179
216, 139, -195, -163, 101, 70, -102, -87, 400, 715
197, 131, -183, -150, 99, 65, -92, -81, 360, -16916
194, 132, -186, -155, 97, 68, -92, -82, 360, 15127
217, 148, -191, -175, 100, 67, -100, -81, 400, 32467
192, 128, -183, -155, 102, 70, -90, -84, 360, 10882
184, 129, -184, -155, 108, 70, -91, -84, 360, 1163
211, 139, -184, -165, 92, 64, -95, -77, 368, -9180
190, 130, -184, -158, 110, 70, -92, -80, 360, 24044
197, 133, -179, -150, 98, 67, -98, -85, 361, -21110
224, 150, -206, -163, 99, 62, -96, -79, 400, 8474
197, 129, -181, -156, 101, 70, -99, -78, 360, -16132
197, 133, -182, -150, 100, 66, -97, -81, 360, 13366
226, 145, -211, -167, 94, 70, -90, -83, 400, 2622
197, 137, -184, -162, 100, 66, -95, -78, 366, 3190
200, 133, -187, -152, 95, 67, -89, -83, 360, 10539
196, 131, -188, -155, 96, 69, -89, -82, 360, -12659
195, 134, -181, -155, 98, 67, -92, -83, 360, 517
188, 134, -185, -157, 101, 67, -89, -82, 360, 634
193, 130, -183, -158, 99, 71, -90, -81, 360, -917
198, 134, -182, -150, 97, 67, -90, -85, 360, 18811
190, 132, -180, -163, 103, 69, -91, -76, 360, 17594
203, 135, -171, -153, 92, 67, -100, -83, 360, -21436
196, 129, -187, -155, 98, 73, -89, -82, 360, -18575
198, 135, -178, -152, 95, 66, -97, -85, 360, -15852
198, 137, -187, -160, 98, 69, -92, -80, 366, -25062
192, 137, -185, -161, 99, 66, -89, -80, 360, 1560
194, 135, -178, -154, 98, 68, -96, -83, 360, -4995
185, 131, -184, -155, 105, 70, -92, -83, 360, 27566
201, 138, -185, -158, 93, 65, -91, -80, 360, -20652
197, 135, -186, -157, 98, 66, -89, -80, 360, 27736
201, 136, -175, -154, 93, 64, -96, -84, 360, -19885
196, 129, -180, -156, 100, 71, -92, -82, 360, -29669
194, 133, -180, -155, 98, 69, -92, -84, 360, 7734
194, 129, -180, -157, 100, 72, -93, -80, 360, -10243
336, 219, -307, -258, 94, 71, -91, -84, 607, 13798
193, 133, -188, -154, 102, 69, -89, -82, 360, 32218
193, 133, -181, -157, 96, 73, -91, -83, 360, 19121
330, 237, -296, -272, 95, 64, -96, -79, 607, 29191
198, 135, -190, -151, 97, 73, -87, -90, 365, 21469
187, 137, -178, -163, 101, 69, -95, -79, 360, -25164
343, 242, -303, -265, 90, 62, -93, -84, 608, -11238
179, 130, -181, -165, 105, 71, -90, -78, 360, -3302
194, 139, -168, -148, 96, 67, -98, -89, 360, 29139
193, 136, -182, -158, 100, 71, -87, -84, 360, 5628
194, 139, -180, -166, 98, 68, -91, -81, 360, 5613
192, 132, -182, -149, 104, 67, -93, -85, 360, 26628
305, 213, -318, -262, 107, 71, -88, -80, 607, 6846
209, 139, -178, -149, 89, 66, -93, -89, 360, 24315
203, 135, -192, -165, 96, 70, -84, -76, 360, -32618
318, 213, -302, -271, 101, 74, -97, -81, 607, -19782
329, 235, -305, -255, 96, 74, -87, -93, 608, 32638
194, 142, -182, -166, 96, 69, -89, -79, 360, 4966
196, 135, -172, -151, 97, 74, -98, -93, 365, -18854
187, 138, -184, -164, 102, 67, -89, -75, 360, -18590
199, 141, -182, -163, 94, 62, -95, -77, 360, -1721
220, 136, -199, -165, 96, 80, -94, -90, 401, 18525
179, 134, -185, -153, 100, 67, -90, -82, 360, 17613
198, 140, -185, -156, 93, 68, -87, -85, 360, -14427
212, 140, -193, -177, 104, 80, -99, -83, 401, 24754
197, 137, -187, -150, 100, 62, -89, -84, 360, 8025
191, 137, -193, -164, 105, 65, -86, -74, 360, 27061
228, 140, -182, -170, 94, 73, -98, -85, 401, 17410
188, 131, -173, -148, 107, 73, -95, -91, 360, 28216
189, 142, -188, -166, 102, 64, -85, -74, 360, -13099
217, 154, -188, -175, 98, 69, -101, -85, 401, 30306
187, 129, -179, -150, 110, 67, -97, -84, 360, 28025
196, 135, -187, -155, 98, 66, -91, -82, 360, 17298
194, 137, -179, -151, 102, 70, -94, -90, 360, -19293
199, 131, -181, -161, 95, 76, -91, -84, 360, 26987
194, 138, -179, -154, 97, 71, -92, -91, 360, 28584
199, 140, -182, -162, 92, 73, -89, -87, 360, -16903
186, 138, -177, -156, 102, 72, -89, -92, 360, 11689
194, 139, -179, -165, 97, 68, -92, -79, 360, 26160
189, 129, -176, -159, 105, 70, -99, -81, 360, 251
187, 134, -181, -154, 106, 70, -91, -84, 360, 28533
192, 136, -182, -159, 100, 68, -92, -81, 360, -18724
197, 134, -171, -156, 98, 71, -101, -83, 360, 10861
199, 136, -184, -157, 96, 71, -90, -82, 360, -18680
190, 139, -185, -157, 74, 53, -73, -59, 360, -16279
176, 127, -165, -138, 65, 45, -61, -47, 360, 20521
167, 118, -152, -126, 56, 38, -52, -38, 360, -7409
163, 114, -141, -119, 50, 34, -44, -33, 360, -28168
149, 102, -131, -114, 37, 26, -33, -29, 360, -15468
239, 169, -199, -181, 31, 22, -26, -24, 607, 19163
117, 82, -95, -97, 13, 12, -12, -14, 360, -23869
107, 69, -70, -81, 5, 4, -1, -6, 360, 19949
90, 56, -48, -71, -5, -3, 10, 2, 359, -18257
76, 35, -35, -58, -11, -9, 13, 8, 360, 5595
66, 21, -6, -48, -16, -12, 16, 12, 360, 21894
43, 10, 12, -44, -24, -13, 22, 19, 359, 30820
35, -6, 25, -35, -28, -18, 15, 23, 360, 26757
29, -8, 21, -28, -30, -15, 9, 26, 360, 11473
25, -1, 9, -38, -29, -16, 10, 29, 608, -10215
0, -5, -14, -2, -22, 0, 17, 29, 359, 8179
-3, 1, 3, 2, -17, -2, 2, 24, 359, 6615
-4, 2, 5, 8, -15, 0, 4, 21, 608, 8959
-6, -3, 11, 13, -9, 4, -2, 15, 608, 2504
-1, -3, 7, 7, -9, 6, -3, 12, 360, 23065
0, -2, 3, 5, -5, 7, -2, 9, 360, 1997
2, 0, 2, 3, -3, 7, -2, 6, 360, 6406
2, 2, 0, 0, -1, 4, 0, 5, 360, 13172
2, 1, -1, -2, 1, 5, 3, 3, 400, -3553
1, 1, -1, -2, 3, 4, 4, 0, 360, -17320
0, 0, -1, -2, 4, 4, 1, 0, 350, 4702
0, -1, -1, 0, 4, 5, 0, -1, 400, 25129
0, 0, 0, 0, 3, 4, 0, 0, 360, 10997
0, 0, 0, 1, 2, 4, 1, 0, 360, -17440
0, 0, 0, 0, 2, 3, 3, 3, 400, -12296
0, 0, 0, 0, 2, 3, 3, 4, 360, -25852
0, 0, 0, 0, 3, 3, 4, 5, 361, 23033
0, 0, 0, 0, 3, 3, 4, 5, 360, -27920
0, 0, 0, 0, 3, 3, 4, 4, 360, 3326
0, 0, 0, 0, 4, 3, 4, 4, 360, -15367
0, 0, 0, 0, 4, 3, 3, 3, 360, 23288
0, 0, 0, 0, 4, 3, 3, 3, 360, 14069
-2, -2, 1, 1, -24, -18, 22, 20, 360, 2553
-11, -10, 12, 3, -31, -23, 30, 24, 360, -28269
-8, -10, 15, 7, -33, -25, 33, 27, 360, 4083
-15, -10, 16, 13, -40, -28, 38, 33, 360, -17743
-20, -13, 22, 17, -43, -30, 41, 36, 400, 9748
-27, -21, 34, 23, -51, -37, 50, 42, 360, 14435
-37, -30, 51, 27, -58, -42, 59, 47, 360, -32549
-48, -42, 79, 31, -66, -49, 71, 52, 360, -7982
-62, -55, 114, 35, -76, -56, 85, 58, 360, 23381
-74, -61, 126, 41, -81, -59, 87, 62, 360, -8909
-88, -71, 110, 49, -87, -62, 84, 65, 360, -6354
-91, -87, 131, 66, -88, -65, 88, 70, 360, 7522
-103, -98, 136, 64, -93, -68, 89, 73, 360, -12966
-114, -101, 125, 82, -97, -68, 87, 78, 363, -568
-123, -104, 124, 91, -101, -67, 88, 80, 360, 21690
-128, -106, 149, 91, -103, -66, 93, 81, 360, 7173
-166, -99, 157, 112, -116, -68, 102, 91, 371, -29292
-281, -181, 265, 186, -119, -66, 104, 92, 608, 10165
-161, -117, 178, 115, -116, -67, 102, 92, 360, 29449
-181, -111, 159, 130, -118, -64, 106, 88, 360, -23949
-172, -112, 163, 127, -121, -64, 108, 90, 360, 28656
-178, -116, 174, 135, -122, -63, 111, 89, 360, 28637
-193, -121, 169, 141, -118, -59, 113, 84, 360, 7314
-185, -120, 187, 141, -125, -57, 109, 80, 360, -6148
-187, -115, 192, 132, -124, -57, 111, 85, 360, 21786
-192, -113, 190, 141, -126, -59, 109, 77, 360, -6453
-204, -112, 195, 138, -112, -60, 107, 81, 360, -516
-213, -115, 193, 141, -105, -63, 103, 79, 360, -18504
-201, -114, 201, 134, -110, -60, 98, 81, 360, -6485
-341, -186, 321, 218, -111, -60, 105, 81, 608, -5176
-209, -112, 200, 141, -103, -60, 93, 73, 361, -17152
-199, -113, 197, 138, -105, -64, 91, 79, 360, -18559
-198, -114, 185, 139, -104, -65, 97, 78, 360, -9449
-201, -117, 192, 147, -100, -65, 91, 76, 360, 19624
-200, -124, 194, 141, -99, -60, 90, 79, 360, -21836
-187, -120, 183, 136, -104, -59, 95, 76, 360, 13598
-200, -110, 189, 146, -103, -65, 95, 70, 360, 26727
-209, -120, 193, 139, -97, -56, 97, 77, 360, 13948
-338, -196, 325, 230, -104, -62, 96, 78, 608, 7153
-206, -115, 185, 138, -98, -62, 103, 78, 360, -1798
-203, -119, 198, 144, -105, -59, 93, 73, 360, -9421
-216, -133, 226, 151, -111, -59, 93, 80, 408, -12322
-202, -112, 181, 134, -102, -57, 106, 75, 360, -31736
-210, -116, 198, 138, -100, -54, 92, 76, 360, 25348
-214, -127, 225, 154, -110, -60, 89, 78, 400, -26506
-205, -111, 195, 139, -97, -62, 92, 76, 360, -23547
-209, -118, 188, 140, -97, -55, 97, 75, 360, 5401
-217, -127, 216, 157, -108, -53, 93, 70, 400, -19722
-202, -107, 197, 134, -102, -64, 91, 80, 360, -4804
-194, -111, 179, 138, -104, -59, 102, 75, 360, -17905
-218, -127, 212, 156, -111, -58, 95, 72, 400, 29735
-203, -111, 195, 136, -102, -59, 97, 74, 360, -6362
-200, -115, 186, 137, -107, -59, 102, 75, 360, -28464
-225, -131, 218, 154, -103, -58, 93, 76, 400, -18769
-194, -113, 194, 138, -111, -58, 99, 74, 360, 31966
-206, -115, 189, 131, -102, -52, 104, 75, 360, -11088
-224, -121, 220, 153, -109, -59, 96, 72, 400, -8735
-208, -110, 196, 135, -100, -56, 99, 74, 360, 29372
-199, -113, 195, 137, -109, -54, 100, 72, 360, 21752
-207, -113, 200, 139, -105, -58, 96, 75, 368, 1356
-202, -108, 193, 132, -103, -58, 98, 76, 360, -29096
-215, -112, 202, 143, -97, -57, 93, 71, 366, 18952
-218, -122, 215, 142, -108, -57, 96, 80, 400, 26317
-204, -111, 198, 138, -99, -57, 91, 71, 360, 3348
-207, -108, 196, 130, -97, -59, 94, 77, 360, 2696
-226, -117, 218, 149, -99, -61, 93, 72, 400, 10372
-198, -106, 192, 134, -103, -61, 96, 71, 360, -4467
-204, -107, 193, 136, -100, -60, 96, 73, 360, -25419
-203, -112, 193, 130, -102, -55, 98, 75, 360, -9444
-198, -109, 194, 131, -104, -57, 97, 75, 360, 21335
-207, -111, 196, 134, -99, -58, 96, 77, 360, -5549
-198, -112, 192, 137, -108, -55, 100, 73, 360, -8359
-198, -110, 193, 134, -108, -57, 100, 74, 360, -16236
-209, -109, 196, 134, -100, -55, 99, 73, 360, 11909
-206, -108, 195, 136, -106, -54, 102, 69, 361, 8801
-203, -108, 197, 130, -105, -53, 100, 73, 360, -7735
-193, -105, 196, 130, -112, -55, 98, 73, 360, 27897
-211, -105, 191, 138, -99, -57, 102, 67, 360, -30137
-349, -185, 332, 223, -102, -51, 97, 71, 608, 11686
-195, -102, 198, 123, -110, -58, 97, 76, 360, -17746
-216, -103, 195, 136, -96, -57, 101, 66, 366, -19702
-206, -105, 204, 132, -101, -54, 93, 70, 360, -18901
-203, -104, 197, 123, -100, -57, 97, 77, 360, 24123
-205, -101, 193, 132, -101, -59, 99, 70, 360, -14315
-209, -108, 198, 134, -98, -56, 95, 71, 360, 8556
-196, -111, 199, 128, -105, -53, 96, 75, 360, -6601
-195, -104, 183, 133, -108, -56, 105, 68, 360, -4161
-228, -119, 220, 147, -101, -52, 95, 72, 400, 10785
-210, -111, 198, 133, -100, -51, 99, 68, 360, -12197
-187, -107, 196, 122, -108, -55, 95, 75, 360, 24830
-224, -113, 203, 151, -105, -59, 105, 70, 400, 17697
-213, -108, 204, 138, -98, -54, 92, 69, 360, -22792
-209, -109, 195, 131, -101, -57, 99, 74, 360, 28011
-224, -118, 222, 142, -104, -58, 93, 77, 400, 7157
-203, -104, 197, 130, -104, -57, 96, 75, 360, 15666
-211, -107, 193, 133, -97, -55, 101, 70, 360, 27499
-219, -120, 225, 145, -107, -56, 90, 74, 400, -15336
-198, -104, 201, 123, -104, -61, 91, 82, 360, -7359
-211, -107, 190, 139, -95, -59, 99, 69, 360, -23837
-222, -118, 220, 146, -106, -55, 94, 72, 400, 21748
-203, -106, 196, 132, -98, -59, 95, 72, 360, 29631
-205, -107, 193, 134, -101, -55, 96, 72, 360, -18832
-223, -121, 214, 151, -105, -55, 98, 69, 400, 26456
-198, -109, 190, 130, -107, -56, 100, 74, 360, 8224
-199, -109, 179, 136, -104, -52, 107, 66, 360, 28442
-219, -119, 212, 150, -112, -55, 101, 69, 400, -17230
-211, -108, 209, 127, -99, -52, 90, 73, 360, -12995
-204, -106, 183, 129, -104, -53, 106, 66, 370, -27672
-207, -96, 201, 134, -104, -60, 98, 70, 369, -1468
-214, -108, 206, 126, -97, -48, 94, 73, 360, 12145
-194, -101, 205, 130, -113, -57, 92, 72, 360, -25984
-220, -111, 217, 129, -105, -54, 101, 79, 401, 14961
-212, -99, 194, 136, -97, -53, 100, 63, 360, 28286
-207, -106, 204, 132, -102, -45, 94, 66, 360, 18778
-187, -102, 199, 126, -105, -52, 93, 68, 360, -5199
-204, -102, 176, 126, -97, -50, 99, 69, 360, 19242
-198, -102, 191, 133, -111, -53, 103, 64, 360, 17135
-201, -95, 203, 122, -105, -56, 94, 70, 360, 13355
-209, -101, 185, 127, -103, -54, 107, 66, 360, -15085
-203, -101, 203, 128, -109, -51, 98, 67, 360, 12516
-202, -99, 188, 120, -107, -51, 115, 69, 360, 20489
-204, -102, 204, 127, -107, -50, 97, 67, 360, -20309
-203, -102, 202, 123, -110, -51, 100, 71, 360, -25822
-201, -98, 196, 124, -112, -53, 105, 69, 360, -32111
-211, -102, 201, 123, -100, -50, 99, 73, 360, -3748
-202, -98, 208, 124, -108, -54, 92, 72, 360, -11463
-212, -95, 200, 125, -98, -51, 99, 67, 360, -28704
-211, -99, 194, 122, -100, -48, 100, 70, 360, 16988
-203, -97, 202, 126, -104, -48, 95, 65, 360, 12806
-207, -97, 198, 127, -100, -52, 96, 67, 360, -5401
-204, -101, 199, 126, -102, -45, 97, 64, 360, 13658
-195, -91, 197, 121, -109, -59, 98, 71, 360, -31682
-197, -101, 194, 121, -110, -46, 102, 67, 360, -9034
-206, -95, 193, 125, -101, -53, 102, 65, 360, -9914
-211, -102, 198, 128, -102, -46, 100, 63, 360, 31538
-199, -96, 196, 117, -110, -51, 105, 70, 360, -5412
-215, -95, 196, 126, -99, -52, 102, 64, 360, 257
-212, -94, 207, 126, -101, -55, 95, 67, 360, 9486
-199, -101, 201, 118, -111, -51, 100, 74, 360, 11368
-338, -152, 349, 213, -107, -61, 92, 65, 607, 17915
-222, -106, 195, 119, -93, -47, 103, 74, 364, 14166
-186, -95, 203, 122, -104, -50, 95, 65, 360, -25700
-336, -153, 339, 203, -103, -54, 98, 70, 607, 5226
-207, -101, 194, 127, -101, -52, 97, 67, 360, 5535
-198, -100, 201, 128, -106, -49, 97, 65, 360, -7065
-204, -93, 192, 120, -101, -54, 102, 68, 360, 29452
-202, -94, 195, 121, -105, -52, 102, 68, 360, 26849
-207, -99, 203, 126, -105, -49, 97, 67, 360, 20368
-337, -165, 344, 204, -110, -45, 99, 65, 607, 31717
-205, -95, 197, 119, -105, -47, 105, 68, 360, 149
-207, -97, 196, 124, -108, -51, 102, 67, 360, 32107
-330, -166, 335, 205, -115, -46, 102, 66, 607, -19985
-347, -160, 327, 202, -108, -49, 108, 68, 608, -1229
-200, -93, 192, 124, -113, -49, 107, 63, 360, 23641
-213, -90, 207, 120, -101, -52, 97, 68, 360, 1606
-341, -160, 340, 200, -110, -48, 99, 68, 608, 23299
-204, -93, 201, 117, -106, -46, 101, 66, 360, -14357
-204, -96, 203, 124, -111, -50, 99, 68, 368, 5787
-202, -97, 198, 123, -107, -50, 102, 68, 360, -20060
-205, -97, 202, 121, -106, -47, 99, 67, 360, 20721
-231, -105, 222, 135, -106, -46, 102, 62, 402, -1804
-207, -94, 198, 120, -104, -47, 103, 64, 360, -12900
-200, -94, 197, 120, -110, -46, 103, 62, 360, -25123
-239, -102, 225, 135, -97, -51, 99, 65, 401, -15997
-201, -94, 199, 119, -111, -45, 103, 63, 360, -8810
-205, -87, 202, 114, -104, -51, 101, 67, 360, -9940
-234, -109, 224, 138, -103, -42, 100, 60, 401, -3731
-204, -95, 207, 121, -105, -41, 98, 58, 360, -29328
-198, -89, 200, 110, -110, -47, 100, 69, 360, 9183
-232, -97, 218, 132, -100, -52, 103, 65, 401, -19489
-213, -95, 202, 125, -100, -42, 99, 59, 360, -29874
-199, -92, 200, 109, -109, -46, 100, 72, 360, 31592
-235, -97, 227, 134, -99, -54, 96, 65, 401, -31292
-207, -87, 195, 126, -104, -46, 104, 54, 360, 11991
-211, -87, 208, 116, -99, -46, 94, 61, 359, 18148
-219, -98, 226, 125, -110, -52, 97, 70, 400, 16004
-206, -88, 195, 121, -101, -47, 104, 57, 360, 6943
-214, -91, 205, 117, -100, -43, 99, 59, 361, -11803
-212, -98, 230, 123, -109, -47, 97, 63, 400, -27136
-203, -89, 191, 111, -103, -41, 110, 58, 360, 27635
-207, -89, 205, 113, -104, -42, 98, 62, 360, -5194
-222, -95, 227, 122, -108, -47, 101, 63, 400, 4207
-203, -86, 179, 116, -103, -43, 106, 56, 361, -19045
-202, -83, 207, 116, -109, -50, 97, 62, 360, 6118
-204, -88, 198, 110, -108, -41, 113, 64, 360, -12375
-205, -81, 207, 115, -105, -47, 101, 59, 360, -14523
-210, -91, 208, 112, -105, -42, 100, 65, 360, -23911
-197, -88, 198, 111, -116, -44, 107, 64, 360, 15649
-217, -89, 208, 118, -98, -42, 98, 58, 360, -17058
-211, -85, 212, 112, -103, -46, 95, 64, 360, -15534
-209, -85, 196, 116, -102, -49, 105, 61, 360, 15384
-204, -88, 208, 111, -105, -45, 94, 66, 360, 23862
-207, -87, 197, 115, -78, -35, 72, 47, 360, 22318
-195, -80, 186, 109, -67, -30, 62, 41, 360, 27623
-183, -75, 177, 96, -57, -25, 54, 34, 360, -745
-167, -64, 157, 88, -47, -20, 44, 28, 360, 26692
-150, -55, 155, 76, -33, -15, 36, 20, 360, -18912
-136, -56, 137, 68, -24, -14, 24, 15, 360, -27683
-130, -53, 117, 59, -19, -11, 16, 10, 360, 14033
-89, -44, 117, 47, -2, -5, 8, 3, 360, 7695
-54, -47, 93, 37, 12, -2, -4, -2, 360, 22435
-58, -40, 68, 17, 15, 2, -14, -7, 360, 20502
-55, -23, 84, 10, 11, 3, -7, -6, 360, 11760
-88, -34, 104, 11, 16, 5, -17, -7, 608, 16919
-38, -12, 48, 2, 19, 6, -23, -5, 362, -11556
-43, -12, 43, 3, 20, 7, -25, -4, 360, -29909
-42, -6, 31, 0, 20, 6, -24, -3, 360, 19894
-23, -5, 18, 1, 28, 7, -30, -1, 360, 30246
-11, -7, 6, 0, 34, 18, -26, 0, 360, -2401
-3, 0, 0, 0, 29, 12, -21, 1, 360, 16482
5, 0, -5, -1, 22, 10, -13, 3, 360, 13712
7, 4, -4, -1, 17, 6, -9, 3, 360, -7462
13, 4, -9, 0, 14, 7, -6, 3, 608, 28012
6, 5, -3, 0, 11, 2, -2, 4, 360, -22951
2, 5, -1, 0, 10, 1, 0, 4, 360, -6053
4, 3, 0, 0, 4, 1, 1, 4, 402, 11300
-2, 1, 2, 0, 5, 1, 1, 4, 360, 6132
-3, -2, 0, 0, 3, 3, 6, 4, 360, -22887
-3, -3, 0, 0, 0, 2, 7, 4, 401, 21446
-1, -1, 1, 0, 0, 1, 6, 4, 360, 1151
0, 0, 0, 0, 0, 1, 6, 4, 360, -29165
0, 0, 0, 0, 1, 1, 5, 4, 402, -27726
0, 0, 0, 0, 2, 2, 4, 4, 360, -2107
0, 0, 0, 0, 3, 3, 3, 4, 360, 2075
-1, 0, 0, 0, 5, 3, 3, 4, 400, -31194
0, 0, 0, 0, 5, 4, 3, 4, 360, -23807
0, 0, 0, 0, 5, 5, 3, 4, 360, 23267
0, 0, 0, 0, 4, 4, 4, 4, 400, 23537
0, 0, 0, 0, 4, 4, 4, 4, 360, 24074
0, 0, 0, 0, 3, 3, 4, 3, 370, -9993
0, 0, 0, 0, 3, 3, 4, 3, 360, -7446
0, 0, 0, 0, 3, 3, 4, 3, 360, -20499
0, 0, 0, 0, 4, 4, 4, 3, 360, 20479
0, 0, 0, 0, 4, 3, 4, 3, 360, -29697
0, 0, 0, 0, 4, 3, 4, 3, 360, 30453
0, 0, 0, 0, 4, 3, 4, 3, 360, 8947
0, 0, 0, 0, 4, 3, 4, 3, 360, 17911
0, 0, 0, 0, 4, 3, 4, 3, 360, -4869
0, 0, 0, 0, 4, 3, 4, 3, 360, -14600
0, 0, 0, 0, 4, 3, 4, 3, 360, -18179
0, 0, 0, 0, 4, 3, 4, 3, 360, -18179
0, 0, 0, 0, 4, 3, 4, 3, 360, 30453
0, 0, 0, 0, 4, 3, 4, 3, 360, 17911
0, 0, 0, 0, 4, 3, 4, 3, 360, 17911
0, 0, 0, 0, 4, 3, 4, 3, 360, -2566
0, 0, 0, 0, 4, 3, 4, 3, 360, 17911
0, 0, 0, 0, 4, 3, 4, 3, 360, 23798
0, 0, 0, 0, 4, 3, 4, 3, 360, 30453
0, 0, 0, 0, 4, 3, 4, 3, 360, 23798
0, 0, 0, 0, 4, 3, 4, 3, 360, 4593
0, 0, 0, 0, 4, 3, 4, 3, 361, 16630
0, 0, 0, 0, 4, 3, 4, 3, 360, 30453
0, 0, 0, 0, 4, 3, 4, 3, 608, -19715
0, 0, 0, 0, 4, 3, 4, 3, 367, -4099
0, 0, 0, 0, 4, 3, 4, 3, 360, -14600
0, 0, 0, 0, 4, 3, 4, 3, 608, -6
0, 0, 0, 0, 4, 3, 4, 3, 360, -8199
0, 0, 0, 0, 4, 3, 4, 3, 360, -14600
0, 0, 0, 0, 4, 3, 4, 3, 360, -8199
0, 0, 0, 0, 4, 3, 4, 3, 360, -14600
0, 0, 0, 0, 4, 3, 4, 3, 360, -8199
0, 0, 0, 0, 4, 3, 4, 3, 360, 17911
0, 0, 0, 0, 4, 3, 4, 3, 360, -8199
0, 0, 0, 0, 4, 3, 4, 3, 360, -8199
0, 0, 0, 0, 4, 3, 4, 3, 361, -5638
0, 0, 0, 0, 4, 3, 4, 3, 360, -2566
0, 0, 0, 0, 4, 3, 4, 3, 360, -14600
0, 0, 0, 0, 4, 3, 4, 3, 360, -4869
0, 0, 0, 0, 4, 3, 4, 3, 360, 23798
0, 0, 0, 0, 4, 3, 4, 3, 360, -4869
0, 0, 0, 0, 4, 3, 4, 3, 360, 23798
0, 0, 0, 0, 4, 3, 4, 3, 360, -14600
0, 0, 0, 0, 4, 3, 4, 3, 360, 23798
0, 0, 0, 0, 4, 3, 4, 3, 360, -18179
0, 0, 0, 0, 4, 3, 4, 3, 360, -27906
0, 0, 0, 0, 4, 3, 4, 3, 360, -27906
0, 0, 0, 0, 4, 3, 4, 3, 360, 30453
0, 0, 0, 0, 4, 3, 4, 3, 360, -18179
0, 0, 0, 0, 4, 3, 4, 3, 360, -2566
0, 0, 0, 0, 4, 3, 4, 3, 360, -4869
0, 0, 0, 0, 4, 3, 4, 3, 360, 28660
0, 0, 0, 0, 4, 3, 4, 3, 360, 17911
0, 0, 0, 0, 4, 3, 4, 3, 360, -8199
0, 0, 0, 0, 4, 3, 4, 3, 360, -24068
0, 0, 0, 0, 4, 3, 4, 3, 360, -2566
0, 0, 0, 0, 4, 3, 4, 3, 360, -8199
0, 0, 0, 0, 4, 3, 4, 3, 360, -2566
0, 0, 0, 0, 4, 3, 4, 3, 360, -14600
0, 0, 0, 0, 4, 3, 4, 3, 360, 30453
0, 0, 0, 0, 4, 3, 4, 3, 361, -9480
0, 0, 0, 0, 4, 3, 4, 3, 360, 8947
0, 0, 0, 0, 4, 3, 4, 3, 360, 17911
0, 0, 0, 0, 4, 3, 4, 3, 361, -9480
0, 0, 0, 0, 4, 3, 4, 3, 360, -8199
0, 0, 0, 0, 4, 3, 4, 3, 360, -24068
0, 0, 0, 0, 4, 3, 4, 3, 360, -4869
0, 0, 0, 0, 4, 3, 4, 3, 360, 30453
0, 0, 0, 0, 4, 3, 4, 3, 360, -8199
0, 0, 0, 0, 4, 3, 4, 3, 360, -4869
0, 0, 0, 0, 4, 3, 4, 3, 360, -8199
0, 0, 0, 0, 4, 3, 4, 3, 360, 17911
0, 0, 0, 0, 4, 3, 4, 3, 360, 17911
0, 0, 0, 0, 4, 3, 4, 3, 360, 28660
0, 0, 0, 0, 4, 3, 4, 3, 362, -6407
0, 0, 0, 0, 4, 3, 4, 3, 360, 28660
0, 0, 0, 0, 4, 3, 4, 3, 360, 15346
0, 0, 0, 0, 4, 3, 4, 3, 360, -8199
0, 0, 0, 0, 4, 3, 4, 3, 360, -14600
0, 0, 0, 0, 4, 3, 4, 3, 360, 17911
0, 0, 0, 0, 4, 3, 4, 3, 360, -8199
0, 0, 0, 0, 4, 3, 4, 3, 360, -4869
0, 0, 0, 0, 4, 3, 4, 3, 360, -4869
0, 0, 0, 0, 4, 3, 4, 3, 360, 30453
0, 0, 0, 0, 4, 3, 4, 3, 360, 17911
0, 0, 0, 0, 4, 3, 4, 3, 360, -24068
0, 0, 0, 0, 4, 3, 4, 3, 360, -4869
0, 0, 0, 0, 4, 3, 4, 3, 607, 13048
0, 0, 0, 0, 4, 3, 4, 3, 363, 31222
0, 0, 0, 0, 4, 3, 4, 3, 360, -14600
0, 0, 0, 0, 4, 3, 4, 3, 608, -13064
0, 0, 0, 0, 4, 3, 4, 3, 360, -2566
0, 0, 0, 0, 4, 3, 4, 3, 360, 28660
0, 0, 0, 0, 4, 3, 4, 3, 360, 28660
0, 0, 0, 0, 4, 3, 4, 3, 360, 8947
0, 0, 0, 0, 4, 3, 4, 3, 360, -4869
0, 0, 0, 0, 4, 3, 4, 3, 360, -24068
0, 0, 0, 0, 4, 3, 4, 3, 360, 30453
0, 0, 0, 0, 4, 3, 4, 3, 360, -14600
0, 0, 0, 0, 4, 3, 4, 3, 360, -14600
0, 0, 0, 0, 4, 3, 4, 3, 608, -19715
0, 0, 0, 0, 4, 3, 4, 3, 360, -24068
0, 0, 0, 0, 4, 3, 4, 3, 361, -15367
0, 0, 0, 0, 4, 3, 4, 3, 360, 8947
0, 0, 0, 0, 4, 3, 4, 3, 360, -18179
0, 0, 0, 0, 4, 3, 4, 3, 360, 28660
0, 0, 0, 0, 4, 3, 4, 3, 360, 23798
0, 0, 0, 0, 4, 3, 4, 3, 360, -8199
0, 0, 0, 0, 4, 3, 4, 3, 360, -2566
0, 0, 0, 0, 4, 3, 4, 3, 360, 30453
0, 0, 0, 0, 4, 3, 4, 3, 360, 28660
0, 0, 0, 0, 4, 3, 4, 3, 401, 25339
0, 0, 0, 0, 4, 3, 4, 3, 360, -2566
0, 0, 0, 0, 4, 3, 4, 3, 363, 24823
0, 0, 0, 0, 4, 3, 4, 3, 360, 30453
0, 0, 0, 0, 4, 3, 4, 3, 360, -14600
0, 0, 0, 0, 4, 3, 4, 3, 360, 2288
0, 0, 0, 0, 4, 3, 4, 3, 360, -8199
0, 0, 0, 0, 4, 3, 4, 3, 360, 23798
0, 0, 0, 0, 4, 3, 4, 3, 360, 17911
0, 0, 0, 0, 4, 3, 4, 3, 360, 8947
0, 0, 0, 0, 4, 3, 4, 3, 360, 8947
0, 0, 0, 0, 4, 3, 4, 3, 360, -14600
0, 0, 0, 0, 4, 3, 4, 3, 360, 28660
0, 0, 0, 0, 4, 3, 4, 3, 360, 30453
0, 0, 0, 0, 4, 3, 4, 3, 360, 23798
0, 0, 0, 0, 4, 3, 4, 3, 360, 17911
0, 0, 0, 0, 4, 3, 4, 3, 365, 22002
0, 0, 0, 0, 4, 3, 4, 3, 360, -18179
0, 0, 0, 0, 4, 3, 4, 3, 360, 31488
0, 0, 0, 0, 4, 3, 4, 3, 360, -4869
0, 0, 0, 0, 4, 3, 4, 3, 361, -23299
0, 0, 0, 0, 4, 3, 4, 3, 360, 23798
0, 0, 0, 0, 4, 3, 4, 3, 359, -30222
0, 0, 0, 0, 4, 3, 4, 3, 359, 28153
0, 0, 0, 0, 4, 3, 4, 3, 360, -14600
0, 0, 0, 0, 4, 3, 4, 3, 359, 28153
0, 0, 0, 0, 4, 3, 4, 3, 360, -2566
0, 0, 0, 0, 4, 3, 4, 3, 360, 30453
0, 0, 0, 0, 4, 3, 4, 3, 360, -8199
0, 0, 0, 0, 4, 3, 4, 3, 360, 30453
0, 0, 0, 0, 4, 3, 4, 3, 369, -776
0, 0, 0, 0, 4, 3, 4, 3, 360, -4869
0, 0, 0, 0, 4, 3, 4, 3, 360, -2566
0, 0, 0, 0, 4, 3, 4, 3, 360, -2566
0, 0, 0, 0, 4, 3, 4, 3, 360, -8199
0, 0, 0, 0, 4, 3, 4, 3, 360, -4869
0, 0, 0, 0, 4, 3, 4, 3, 360, 8947
0, 0, 0, 0, 4, 3, 4, 3, 360, -14600
0, 0, 0, 0, 4, 3, 4, 3, 360, -18179
0, 0, 0, 0, 4, 3, 4, 3, 360, 17911
0, 0, 0, 0, 4, 3, 4, 3, 360, -8199
0, 0, 0, 0, 4, 3, 4, 3, 360, -14600
0, 0, 0, 0, 4, 3, 4, 3, 360, -24068
0, 0, 0, 0, 4, 3, 4, 3, 608, 12786
0, 0, 0, 0, 4, 3, 4, 3, 367, -4099
0, 0, 0, 0, 4, 3, 4, 3, 360, 23798
0, 0, 0, 0, 4, 3, 4, 3, 608, -6
0, 0, 0, 0, 4, 3, 4, 3, 360, -8199
0, 0, 0, 0, 4, 3, 4, 3, 360, -14600
0, 0, 0, 0, 4, 3, 4, 3, 360, -24068
